13.772  883.0  1023.0  22.0
13.772  883.0  1023.0  22.0
13.772  883.0  1023.0  22.0
13.772  883.0  1023.0  22.0
13.772  883.0  1023.0  22.0
13.772  883.0  1023.0  22.0
13.772  883.0  1023.0  22.0
13.772  883.0  1023.0  22.0
13.772  883.0  1023.0  22.0
13.772  883.0  1023.0  22.0
13.772  883.0  1023.0  22.0
13.772  883.0  1023.0  22.0
13.772  883.0  1023.0  22.0
13.772  883.0  1023.0  22.0
13.772  883.0  1023.0  22.0
13.772  883.0  1023.0  22.0
13.772  883.0  1023.0  22.0
13.772  883.0  1023.0  22.0
13.772  883.0  1023.0  22.0
13.772  883.0  1023.0  22.0
13.772  883.0  1023.0  22.0
13.772  883.0  1023.0  22.0
13.772  883.0  1023.0  22.0
13.772  883.0  1023.0  22.0
13.772  883.0  1023.0  22.0
13.772  883.0  1023.0  22.0
13.772  883.0  1023.0  22.0
13.772  883.0  1023.0  22.0
13.772  883.0  1023.0  22.0
13.772  883.0  1023.0  22.0
13.772  883.0  1023.0  22.0
13.772  883.0  1023.0  22.0
13.772  883.0  1023.0  22.0
13.772  883.0  1023.0  22.0
13.772  883.0  1023.0  22.0
13.772  883.0  1023.0  22.0
13.772  883.0  1023.0  22.0
13.772  883.0  1023.0  22.0
13.772  883.0  1023.0  22.0
13.772  883.0  1023.0  22.0
0.0  883.0  1023.0  22.0
0.0020  883.0  1023.0  22.0
0.0020  883.0  1023.0  22.0
0.0030  884.0  1023.0  22.0
0.0050  883.0  1023.0  22.0
0.028  884.0  1023.0  22.0
0.028  884.0  1023.0  21.0
0.053  884.0  1023.0  22.0
0.078  882.0  1023.0  22.0
0.078  882.0  1023.0  22.0
0.095  884.0  1023.0  21.0
0.112  884.0  1023.0  21.0
0.132  882.0  1023.0  22.0
0.159  883.0  1023.0  23.0
0.159  883.0  1023.0  23.0
0.178  883.0  1023.0  22.0
0.197  884.0  1023.0  21.0
0.225  882.0  1023.0  21.0
0.225  882.0  1023.0  21.0
0.243  883.0  1023.0  22.0
0.263  884.0  1023.0  22.0
0.29  884.0  1023.0  22.0
0.309  883.0  1023.0  22.0
0.309  883.0  1023.0  22.0
0.337  884.0  1023.0  23.0
0.356  883.0  1023.0  21.0
0.374  884.0  1023.0  21.0
0.374  884.0  1023.0  21.0
0.394  882.0  1023.0  22.0
0.421  884.0  1023.0  22.0
0.44  883.0  1023.0  22.0
0.44  883.0  1023.0  22.0
0.468  883.0  1023.0  22.0
0.487  884.0  1023.0  21.0
0.505  883.0  1023.0  22.0
0.525  884.0  1023.0  23.0
0.543  883.0  1023.0  22.0
0.543  883.0  1023.0  22.0
0.562  884.0  1023.0  22.0
0.59  884.0  1023.0  22.0
0.59  884.0  1023.0  22.0
0.609  883.0  1023.0  22.0
0.627  883.0  1023.0  21.0
0.656  883.0  1023.0  22.0
0.674  883.0  1023.0  22.0
0.702  884.0  1023.0  22.0
0.702  884.0  1023.0  22.0
0.72  884.0  1023.0  22.0
0.74  884.0  1023.0  22.0
0.758  883.0  1023.0  22.0
0.758  883.0  1023.0  22.0
0.777  883.0  1023.0  22.0
0.805  884.0  1023.0  21.0
0.824  883.0  1023.0  21.0
0.842  884.0  1023.0  21.0
0.842  884.0  1023.0  21.0
0.871  883.0  1023.0  22.0
0.889  884.0  1023.0  22.0
0.908  883.0  1023.0  22.0
0.936  884.0  1023.0  22.0
0.973  883.0  1023.0  22.0
0.993  882.0  1023.0  21.0
0.993  882.0  1023.0  21.0
1.012  883.0  1023.0  22.0
1.033  884.0  1023.0  23.0
1.064  883.0  1023.0  21.0
1.064  883.0  1023.0  21.0
1.085  884.0  1023.0  21.0
1.105  883.0  1023.0  22.0
1.127  883.0  1023.0  23.0
1.127  883.0  1023.0  22.0
1.147  883.0  1023.0  22.0
1.168  883.0  1023.0  22.0
1.189  884.0  1023.0  22.0
1.21  882.0  1023.0  22.0
1.21  882.0  1023.0  22.0
1.23  883.0  1023.0  23.0
1.251  883.0  1023.0  21.0
1.272  884.0  1023.0  22.0
1.272  884.0  1023.0  22.0
1.303  884.0  1023.0  23.0
1.325  882.0  1023.0  22.0
1.345  884.0  1023.0  22.0
1.345  884.0  1023.0  22.0
1.366  884.0  1023.0  22.0
1.386  883.0  1023.0  23.0
1.408  884.0  1023.0  22.0
1.428  884.0  1023.0  22.0
1.428  884.0  1023.0  22.0
1.448  883.0  1023.0  22.0
1.47  883.0  1023.0  22.0
1.49  884.0  1023.0  23.0
1.511  882.0  1023.0  22.0
1.511  882.0  1023.0  22.0
1.543  884.0  1023.0  22.0
1.563  883.0  1023.0  23.0
1.584  884.0  1023.0  22.0
1.584  884.0  1023.0  22.0
1.595  883.0  1023.0  22.0
1.615  884.0  1023.0  21.0
1.636  884.0  1023.0  22.0
1.636  884.0  1023.0  22.0
1.668  883.0  1023.0  22.0
1.688  883.0  1023.0  22.0
1.709  884.0  1023.0  22.0
1.73  884.0  1023.0  22.0
1.751  883.0  1023.0  23.0
1.771  883.0  1023.0  22.0
1.771  883.0  1023.0  22.0
1.793  882.0  1023.0  22.0
1.813  882.0  1023.0  22.0
1.855  884.0  1023.0  22.0
1.855  884.0  1023.0  22.0
1.875  884.0  1023.0  22.0
1.896  883.0  1023.0  22.0
1.916  883.0  1023.0  22.0
