23.507  463.0  109.0  0.0
23.507  463.0  109.0  0.0
23.507  463.0  109.0  0.0
23.507  463.0  109.0  0.0
23.507  463.0  109.0  0.0
23.507  463.0  109.0  0.0
23.507  463.0  109.0  0.0
23.507  463.0  109.0  0.0
23.507  463.0  109.0  0.0
23.507  463.0  109.0  0.0
23.507  463.0  109.0  0.0
23.507  463.0  109.0  0.0
23.507  463.0  109.0  0.0
23.507  463.0  109.0  0.0
23.507  463.0  109.0  0.0
23.507  463.0  109.0  0.0
23.507  463.0  109.0  0.0
23.507  463.0  109.0  0.0
23.507  463.0  109.0  0.0
23.507  463.0  109.0  0.0
23.507  463.0  109.0  0.0
23.507  463.0  109.0  0.0
23.507  463.0  109.0  0.0
23.507  463.0  109.0  0.0
23.507  463.0  109.0  0.0
23.507  463.0  109.0  0.0
23.507  463.0  109.0  0.0
23.507  463.0  109.0  0.0
23.507  463.0  109.0  0.0
23.507  463.0  109.0  0.0
23.507  463.0  109.0  0.0
23.507  463.0  109.0  0.0
23.507  463.0  109.0  0.0
23.507  463.0  109.0  0.0
23.507  463.0  109.0  0.0
23.507  463.0  109.0  0.0
23.507  463.0  109.0  0.0
23.507  463.0  109.0  0.0
23.507  463.0  109.0  0.0
23.507  463.0  109.0  0.0
23.507  463.0  109.0  0.0
23.507  463.0  109.0  0.0
23.507  463.0  109.0  0.0
0.0  462.0  109.0  0.0
0.0010  463.0  109.0  0.0
0.0020  463.0  108.0  463.0
0.0050  463.0  108.0  463.0
0.0050  463.0  108.0  463.0
0.02  463.0  108.0  463.0
0.045  463.0  109.0  463.0
0.062  463.0  109.0  463.0
0.087  463.0  109.0  463.0
0.087  463.0  109.0  463.0
0.103  463.0  109.0  463.0
0.132  463.0  109.0  463.0
0.15  463.0  110.0  463.0
0.15  463.0  109.0  463.0
0.168  463.0  108.0  463.0
0.197  463.0  108.0  463.0
0.216  463.0  109.0  463.0
0.243  463.0  109.0  463.0
0.243  463.0  109.0  463.0
0.263  462.0  109.0  463.0
0.281  463.0  108.0  462.0
0.281  463.0  109.0  463.0
0.309  463.0  109.0  463.0
0.328  463.0  108.0  463.0
0.347  463.0  108.0  463.0
0.347  463.0  108.0  463.0
0.374  462.0  109.0  462.0
0.394  463.0  109.0  463.0
0.412  463.0  108.0  463.0
0.412  463.0  108.0  463.0
0.44  463.0  108.0  463.0
0.459  463.0  108.0  463.0
0.478  463.0  109.0  463.0
0.505  463.0  108.0  463.0
0.505  463.0  108.0  463.0
0.525  462.0  108.0  462.0
0.543  463.0  108.0  462.0
0.571  463.0  108.0  463.0
0.571  463.0  108.0  463.0
0.59  463.0  108.0  463.0
0.609  463.0  108.0  463.0
0.636  463.0  108.0  463.0
0.656  463.0  108.0  463.0
0.656  463.0  108.0  463.0
0.674  463.0  108.0  463.0
0.693  463.0  108.0  463.0
0.711  463.0  108.0  463.0
0.711  463.0  108.0  463.0
0.74  463.0  110.0  463.0
0.758  463.0  108.0  463.0
0.786  463.0  108.0  463.0
0.805  463.0  108.0  463.0
0.805  463.0  108.0  463.0
0.833  463.0  109.0  463.0
0.851  463.0  108.0  463.0
0.936  463.0  109.0  463.0
0.936  463.0  109.0  463.0
0.955  463.0  108.0  463.0
0.955  463.0  108.0  463.0
0.973  462.0  109.0  462.0
0.993  463.0  109.0  463.0
1.022  464.0  109.0  464.0
1.043  463.0  109.0  464.0
1.043  463.0  109.0  464.0
1.053  463.0  109.0  463.0
1.075  463.0  110.0  463.0
1.095  463.0  108.0  463.0
1.116  462.0  109.0  462.0
1.116  462.0  109.0  462.0
1.147  463.0  109.0  462.0
1.168  462.0  110.0  462.0
1.189  463.0  109.0  463.0
1.21  463.0  109.0  463.0
1.21  463.0  109.0  463.0
1.23  463.0  109.0  463.0
1.251  463.0  109.0  463.0
1.272  463.0  109.0  463.0
1.293  462.0  109.0  463.0
1.293  462.0  109.0  462.0
1.313  463.0  109.0  463.0
1.335  463.0  110.0  463.0
1.355  463.0  110.0  463.0
1.376  463.0  108.0  463.0
1.376  463.0  108.0  463.0
1.397  463.0  109.0  463.0
1.418  463.0  110.0  463.0
1.438  463.0  108.0  463.0
1.438  463.0  108.0  463.0
1.46  463.0  108.0  463.0
1.49  462.0  108.0  462.0
1.511  463.0  109.0  462.0
1.522  463.0  108.0  463.0
1.522  463.0  108.0  463.0
1.543  463.0  108.0  463.0
1.563  463.0  108.0  463.0
1.584  462.0  109.0  463.0
1.584  463.0  108.0  462.0
1.615  463.0  108.0  462.0
1.636  462.0  108.0  463.0
1.657  463.0  109.0  462.0
1.678  463.0  108.0  463.0
1.678  463.0  108.0  463.0
1.698  463.0  108.0  463.0
1.719  463.0  107.0  463.0
1.74  463.0  108.0  463.0
1.751  463.0  108.0  463.0
1.761  461.0  108.0  463.0
1.781  463.0  108.0  463.0
1.803  463.0  108.0  463.0
1.823  463.0  108.0  463.0
1.823  463.0  108.0  463.0
1.844  463.0  109.0  463.0
1.865  463.0  107.0  463.0
1.886  463.0  108.0  463.0
1.906  463.0  108.0  463.0
1.906  463.0  108.0  463.0
1.928  463.0  109.0  463.0
1.948  463.0  108.0  463.0
1.969  463.0  108.0  463.0
2.0  463.0  108.0  463.0
2.0  463.0  108.0  463.0
2.011  463.0  109.0  463.0
2.031  464.0  108.0  463.0
2.052  463.0  108.0  464.0
2.073  463.0  109.0  463.0
2.073  463.0  109.0  463.0
2.094  463.0  109.0  463.0
2.114  463.0  109.0  463.0
2.146  463.0  108.0  463.0
2.146  463.0  109.0  463.0
2.166  462.0  109.0  462.0
2.188  463.0  109.0  462.0
2.208  462.0  109.0  462.0
2.229  463.0  108.0  462.0
2.229  463.0  108.0  463.0
2.249  463.0  109.0  463.0
2.271  463.0  109.0  463.0
2.291  463.0  108.0  463.0
2.301  463.0  108.0  463.0
2.312  462.0  108.0  462.0
2.333  463.0  108.0  462.0
2.354  462.0  110.0  463.0
2.374  463.0  109.0  462.0
2.374  463.0  108.0  463.0
2.396  463.0  108.0  463.0
2.416  463.0  108.0  463.0
2.437  463.0  109.0  463.0
2.458  463.0  109.0  463.0
2.489  463.0  109.0  463.0
2.489  463.0  109.0  463.0
2.509  463.0  109.0  463.0
2.531  463.0  108.0  463.0
2.551  463.0  108.0  463.0
2.572  463.0  108.0  463.0
2.572  463.0  109.0  463.0
2.593  463.0  110.0  463.0
2.614  463.0  108.0  463.0
2.644  463.0  108.0  463.0
2.656  463.0  109.0  463.0
2.656  463.0  109.0  463.0
2.676  463.0  110.0  463.0
2.697  463.0  109.0  463.0
2.717  462.0  109.0  463.0
2.739  463.0  109.0  462.0
2.739  463.0  110.0  463.0
2.759  462.0  110.0  463.0
2.78  463.0  110.0  463.0
2.811  463.0  110.0  463.0
2.822  463.0  109.0  463.0
2.822  463.0  110.0  463.0
2.853  463.0  110.0  463.0
2.874  463.0  110.0  463.0
2.894  463.0  110.0  463.0
2.915  463.0  109.0  463.0
2.915  463.0  110.0  463.0
2.936  463.0  110.0  463.0
2.957  463.0  110.0  463.0
2.967  462.0  110.0  463.0
2.999  462.0  109.0  462.0
2.999  462.0  109.0  462.0
3.019  463.0  110.0  463.0
3.04  463.0  109.0  463.0
3.061  463.0  109.0  463.0
3.061  463.0  109.0  463.0
3.082  463.0  109.0  463.0
3.102  463.0  110.0  463.0
3.124  462.0  110.0  463.0
3.144  462.0  109.0  462.0
3.144  462.0  109.0  462.0
3.165  463.0  109.0  462.0
3.186  463.0  110.0  463.0
3.207  463.0  110.0  463.0
3.227  463.0  110.0  463.0
3.227  463.0  109.0  463.0
3.248  463.0  110.0  463.0
3.269  463.0  110.0  463.0
3.29  463.0  110.0  463.0
3.29  463.0  110.0  463.0
3.321  463.0  109.0  463.0
3.342  463.0  109.0  463.0
3.362  463.0  110.0  463.0
3.383  463.0  110.0  463.0
3.383  463.0  110.0  463.0
3.404  463.0  109.0  463.0
3.425  463.0  109.0  463.0
3.445  463.0  109.0  463.0
3.467  463.0  109.0  463.0
3.467  463.0  109.0  463.0
3.487  463.0  109.0  463.0
3.508  463.0  109.0  463.0
3.529  463.0  109.0  463.0
3.529  463.0  110.0  463.0
3.55  463.0  110.0  463.0
3.57  463.0  109.0  463.0
3.592  463.0  109.0  463.0
3.612  463.0  109.0  463.0
3.612  463.0  109.0  463.0
3.633  463.0  110.0  463.0
3.654  463.0  109.0  463.0
3.654  463.0  109.0  463.0
3.685  463.0  109.0  463.0
3.705  462.0  109.0  463.0
3.727  463.0  110.0  462.0
3.747  463.0  108.0  463.0
3.747  463.0  108.0  463.0
3.768  463.0  108.0  463.0
3.789  463.0  109.0  463.0
3.81  463.0  109.0  463.0
3.83  463.0  109.0  463.0
3.83  463.0  108.0  463.0
3.852  463.0  108.0  463.0
3.872  463.0  110.0  463.0
3.893  463.0  109.0  463.0
3.893  463.0  108.0  463.0
3.913  463.0  108.0  463.0
3.935  463.0  108.0  463.0
3.955  463.0  110.0  463.0
3.976  463.0  110.0  463.0
3.976  463.0  108.0  463.0
3.997  462.0  109.0  462.0
4.018  463.0  109.0  462.0
4.048  463.0  109.0  462.0
4.07  463.0  109.0  463.0
4.07  463.0  108.0  463.0
4.08  463.0  108.0  463.0
4.101  463.0  108.0  463.0
4.122  463.0  110.0  463.0
4.143  463.0  110.0  463.0
4.143  463.0  109.0  463.0
4.163  463.0  109.0  463.0
4.195  463.0  108.0  463.0
4.215  463.0  110.0  463.0
4.236  463.0  109.0  463.0
4.236  463.0  109.0  463.0
4.257  463.0  109.0  463.0
4.278  463.0  109.0  463.0
4.298  463.0  110.0  463.0
4.298  463.0  110.0  463.0
4.32  463.0  109.0  463.0
4.34  463.0  109.0  463.0
4.361  463.0  109.0  463.0
4.381  463.0  109.0  463.0
4.381  463.0  110.0  463.0
4.403  463.0  109.0  463.0
4.423  463.0  109.0  463.0
4.444  463.0  109.0  463.0
4.465  463.0  109.0  463.0
4.465  463.0  110.0  463.0
4.486  462.0  108.0  462.0
4.506  463.0  108.0  462.0
4.538  463.0  108.0  463.0
4.538  463.0  109.0  463.0
4.558  463.0  109.0  463.0
4.569  463.0  109.0  463.0
4.59  463.0  109.0  463.0
4.621  462.0  109.0  463.0
4.621  462.0  110.0  462.0
4.641  463.0  110.0  463.0
4.663  463.0  110.0  463.0
4.683  463.0  110.0  463.0
4.704  462.0  109.0  463.0
4.704  462.0  109.0  462.0
4.725  463.0  110.0  463.0
4.746  463.0  110.0  463.0
4.766  463.0  110.0  463.0
4.766  463.0  109.0  463.0
4.788  463.0  109.0  463.0
4.808  463.0  110.0  463.0
4.829  463.0  109.0  463.0
4.85  463.0  109.0  463.0
4.85  463.0  109.0  463.0
4.871  462.0  109.0  463.0
4.891  463.0  110.0  463.0
4.912  463.0  110.0  463.0
4.933  462.0  105.0  463.0
4.933  462.0  98.0  462.0
4.954  497.0  98.0  497.0
4.974  540.0  98.0  497.0
4.996  583.0  98.0  497.0
5.016  630.0  98.0  583.0
5.016  630.0  93.0  630.0
5.037  674.0  89.0  674.0
5.058  721.0  106.0  721.0
5.079  767.0  106.0  721.0
5.079  767.0  106.0  721.0
5.099  808.0  113.0  808.0
5.121  850.0  113.0  850.0
5.141  885.0  113.0  850.0
5.161  921.0  117.0  885.0
5.161  921.0  107.0  921.0
5.183  950.0  107.0  921.0
5.214  986.0  111.0  986.0
5.234  1003.0  111.0  986.0
5.245  1008.0  114.0  1003.0
5.245  1008.0  114.0  1008.0
5.269  1017.0  118.0  1017.0
5.292  1017.0  118.0  1017.0
5.315  1017.0  118.0  1017.0
5.315  1017.0  121.0  1017.0
5.338  1006.0  122.0  1006.0
5.359  982.0  123.0  982.0
5.38  962.0  125.0  962.0
5.401  932.0  125.0  962.0
5.422  893.0  125.0  962.0
5.442  853.0  125.0  893.0
5.464  812.0  132.0  853.0
5.484  768.0  137.0  812.0
5.484  768.0  136.0  768.0
5.505  722.0  137.0  722.0
5.526  680.0  137.0  722.0
5.547  632.0  137.0  722.0
5.547  632.0  136.0  632.0
5.567  590.0  137.0  590.0
5.588  549.0  137.0  590.0
5.609  507.0  145.0  549.0
5.619  485.0  141.0  507.0
5.629  468.0  141.0  507.0
5.661  410.0  142.0  410.0
5.682  378.0  142.0  410.0
5.702  350.0  140.0  378.0
5.702  350.0  140.0  350.0
5.724  326.0  140.0  350.0
5.744  303.0  145.0  303.0
5.765  287.0  141.0  287.0
5.786  270.0  141.0  287.0
5.786  270.0  143.0  270.0
5.807  260.0  142.0  260.0
5.827  253.0  140.0  253.0
5.849  250.0  140.0  253.0
5.849  250.0  140.0  253.0
5.879  249.0  140.0  249.0
5.9  249.0  141.0  249.0
5.9  249.0  126.0  249.0
5.921  249.0  126.0  249.0
5.942  248.0  126.0  249.0
5.962  263.0  125.0  248.0
5.984  289.0  126.0  263.0
5.984  289.0  127.0  289.0
6.004  311.0  127.0  289.0
6.025  337.0  127.0  311.0
6.045  368.0  127.0  311.0
6.045  368.0  128.0  368.0
6.067  405.0  127.0  405.0
6.087  444.0  127.0  405.0
6.108  488.0  124.0  444.0
6.108  488.0  124.0  488.0
6.139  558.0  124.0  488.0
6.16  606.0  124.0  488.0
6.181  653.0  123.0  606.0
6.181  653.0  121.0  653.0
6.202  699.0  117.0  699.0
6.222  744.0  117.0  744.0
6.243  788.0  117.0  744.0
6.264  830.0  113.0  788.0
6.264  830.0  113.0  788.0
6.285  870.0  112.0  870.0
6.305  904.0  112.0  870.0
6.327  938.0  94.0  904.0
6.347  962.0  93.0  938.0
6.347  962.0  92.0  962.0
6.368  986.0  92.0  962.0
6.389  997.0  92.0  962.0
6.411  1007.0  94.0  997.0
6.411  1007.0  94.0  1007.0
6.433  1009.0  103.0  1009.0
6.457  1009.0  102.0  1009.0
6.479  1007.0  102.0  1009.0
6.501  990.0  102.0  1009.0
6.501  990.0  104.0  990.0
6.522  968.0  103.0  968.0
6.543  944.0  104.0  944.0
6.574  888.0  104.0  944.0
6.574  888.0  105.0  888.0
6.595  848.0  105.0  888.0
6.616  806.0  112.0  806.0
6.636  763.0  116.0  763.0
6.647  741.0  116.0  763.0
6.647  741.0  116.0  741.0
6.668  697.0  116.0  741.0
6.688  653.0  117.0  653.0
6.72  585.0  117.0  585.0
6.72  585.0  117.0  585.0
6.74  541.0  118.0  541.0
6.761  496.0  116.0  496.0
6.782  459.0  118.0  459.0
6.803  419.0  118.0  459.0
6.803  419.0  118.0  459.0
6.823  385.0  117.0  385.0
6.844  352.0  117.0  352.0
6.865  329.0  118.0  329.0
6.886  306.0  118.0  329.0
6.886  306.0  118.0  329.0
6.906  288.0  119.0  306.0
6.928  272.0  120.0  288.0
6.948  258.0  120.0  258.0
6.948  258.0  120.0  258.0
6.98  249.0  120.0  254.0
7.001  248.0  119.0  248.0
7.021  248.0  118.0  248.0
7.021  248.0  118.0  248.0
7.042  248.0  118.0  248.0
7.063  247.0  117.0  248.0
7.084  245.0  109.0  247.0
7.104  252.0  106.0  245.0
7.126  276.0  106.0  245.0
7.126  276.0  106.0  245.0
7.146  298.0  106.0  276.0
7.166  325.0  108.0  298.0
7.188  354.0  107.0  325.0
7.208  389.0  107.0  354.0
7.208  389.0  107.0  354.0
7.229  432.0  107.0  389.0
7.25  474.0  107.0  389.0
7.271  520.0  105.0  474.0
7.271  520.0  105.0  474.0
7.291  566.0  101.0  520.0
7.313  616.0  100.0  616.0
7.333  665.0  100.0  616.0
7.354  711.0  99.0  665.0
7.354  711.0  99.0  665.0
7.374  758.0  97.0  711.0
7.396  802.0  94.0  758.0
7.416  846.0  93.0  802.0
7.416  846.0  93.0  802.0
7.448  902.0  92.0  846.0
7.469  936.0  92.0  846.0
7.489  962.0  91.0  936.0
7.489  962.0  94.0  962.0
7.51  985.0  94.0  985.0
7.531  1000.0  94.0  985.0
7.554  1011.0  94.0  985.0
7.554  1011.0  94.0  1011.0
7.576  1015.0  97.0  1015.0
7.6  1016.0  101.0  1016.0
7.611  1016.0  101.0  1016.0
7.633  1007.0  100.0  1016.0
7.633  1007.0  100.0  1016.0
7.656  984.0  102.0  984.0
7.687  954.0  103.0  954.0
7.707  924.0  103.0  954.0
7.707  924.0  102.0  924.0
7.729  883.0  105.0  883.0
7.749  841.0  105.0  883.0
7.759  821.0  105.0  883.0
7.781  779.0  112.0  821.0
7.781  779.0  113.0  779.0
7.801  733.0  114.0  733.0
7.822  689.0  114.0  689.0
7.842  644.0  114.0  689.0
7.864  597.0  114.0  689.0
7.895  531.0  112.0  597.0
7.895  531.0  112.0  531.0
7.916  489.0  114.0  489.0
7.937  451.0  114.0  489.0
7.957  413.0  115.0  451.0
7.979  381.0  115.0  451.0
7.979  381.0  113.0  381.0
7.999  351.0  115.0  351.0
8.019  327.0  115.0  351.0
8.019  327.0  114.0  327.0
8.04  306.0  114.0  306.0
8.061  287.0  114.0  306.0
8.082  271.0  115.0  271.0
8.102  258.0  115.0  271.0
8.102  258.0  115.0  258.0
8.124  252.0  113.0  252.0
8.155  247.0  113.0  252.0
8.175  248.0  113.0  252.0
8.175  248.0  113.0  248.0
8.197  248.0  113.0  248.0
8.217  247.0  108.0  247.0
8.238  247.0  107.0  247.0
8.249  248.0  107.0  247.0
8.249  248.0  106.0  248.0
8.28  282.0  105.0  282.0
8.3  302.0  105.0  282.0
8.322  329.0  104.0  329.0
8.342  359.0  104.0  329.0
8.342  359.0  105.0  359.0
8.363  395.0  104.0  395.0
8.384  435.0  105.0  435.0
8.404  480.0  105.0  435.0
8.404  480.0  105.0  435.0
8.425  527.0  105.0  527.0
8.446  571.0  101.0  571.0
8.467  619.0  100.0  619.0
8.487  666.0  98.0  666.0
8.487  666.0  98.0  666.0
8.508  711.0  98.0  666.0
8.54  781.0  98.0  781.0
8.55  799.0  96.0  799.0
8.55  799.0  96.0  799.0
8.582  864.0  95.0  864.0
8.602  900.0  94.0  900.0
8.623  933.0  94.0  900.0
8.644  958.0  95.0  958.0
8.644  958.0  95.0  958.0
8.665  982.0  96.0  982.0
8.685  999.0  98.0  999.0
8.707  1009.0  99.0  1009.0
8.719  1016.0  99.0  1009.0
8.719  1016.0  100.0  1016.0
8.741  1018.0  100.0  1016.0
8.764  1017.0  105.0  1017.0
8.764  1017.0  105.0  1017.0
8.799  1003.0  104.0  1003.0
8.82  976.0  105.0  976.0
8.841  948.0  106.0  948.0
8.862  919.0  107.0  919.0
8.862  919.0  107.0  919.0
8.883  881.0  107.0  919.0
8.903  840.0  106.0  840.0
8.925  798.0  110.0  798.0
8.925  798.0  110.0  798.0
8.945  756.0  112.0  756.0
8.966  711.0  114.0  711.0
8.997  646.0  114.0  711.0
8.997  646.0  114.0  711.0
9.018  600.0  115.0  646.0
9.038  558.0  116.0  600.0
9.101  437.0  114.0  537.0
9.122  403.0  118.0  421.0
9.122  403.0  118.0  421.0
9.143  373.0  115.0  403.0
9.163  344.0  117.0  373.0
9.185  320.0  117.0  344.0
9.205  298.0  116.0  320.0
9.205  298.0  116.0  320.0
9.226  281.0  116.0  320.0
9.247  265.0  116.0  281.0
9.268  257.0  116.0  265.0
9.268  257.0  115.0  257.0
9.288  250.0  115.0  257.0
9.31  248.0  115.0  257.0
9.33  248.0  114.0  248.0
9.351  247.0  114.0  247.0
9.351  247.0  114.0  247.0
9.371  248.0  108.0  248.0
9.393  247.0  108.0  248.0
9.413  254.0  108.0  247.0
9.434  280.0  108.0  247.0
9.434  280.0  108.0  247.0
9.455  302.0  109.0  280.0
9.476  328.0  107.0  302.0
9.496  358.0  107.0  328.0
9.518  393.0  107.0  328.0
9.518  393.0  107.0  328.0
9.538  435.0  106.0  393.0
9.559  475.0  106.0  435.0
9.58  520.0  104.0  475.0
9.601  563.0  105.0  520.0
9.601  563.0  105.0  520.0
9.621  612.0  106.0  563.0
9.643  660.0  106.0  563.0
9.663  706.0  103.0  660.0
9.683  750.0  99.0  706.0
9.683  750.0  99.0  706.0
9.704  793.0  98.0  750.0
9.725  839.0  98.0  750.0
9.746  878.0  97.0  839.0
9.766  912.0  96.0  878.0
9.766  912.0  96.0  878.0
9.798  956.0  98.0  912.0
9.819  983.0  96.0  956.0
9.839  998.0  97.0  983.0
9.85  1003.0  97.0  983.0
9.85  1003.0  97.0  983.0
9.873  1015.0  99.0  1003.0
9.895  1017.0  103.0  1015.0
9.919  1017.0  105.0  1017.0
9.919  1017.0  105.0  1017.0
9.93  1018.0  105.0  1017.0
9.964  992.0  106.0  1018.0
9.986  965.0  106.0  992.0
10.006  936.0  106.0  965.0
10.006  936.0  106.0  965.0
10.017  919.0  106.0  965.0
10.041  878.0  106.0  919.0
10.063  832.0  108.0  878.0
10.086  788.0  108.0  832.0
10.086  788.0  110.0  788.0
10.109  741.0  110.0  788.0
10.121  717.0  112.0  741.0
10.155  641.0  112.0  741.0
10.166  616.0  110.0  641.0
10.166  616.0  112.0  616.0
10.189  569.0  112.0  616.0
10.212  522.0  115.0  569.0
10.234  477.0  112.0  522.0
10.258  434.0  112.0  522.0
10.258  434.0  115.0  434.0
10.28  397.0  115.0  434.0
10.292  379.0  115.0  397.0
10.315  347.0  114.0  379.0
10.315  347.0  115.0  347.0
10.338  320.0  115.0  347.0
10.36  296.0  115.0  347.0
10.384  278.0  115.0  296.0
10.406  261.0  115.0  278.0
10.429  254.0  110.0  261.0
10.429  254.0  112.0  254.0
10.441  250.0  112.0  254.0
10.475  248.0  110.0  250.0
10.498  249.0  110.0  250.0
10.498  249.0  109.0  249.0
10.521  248.0  108.0  248.0
10.544  247.0  107.0  247.0
10.566  252.0  107.0  247.0
10.566  252.0  107.0  252.0
10.59  278.0  107.0  252.0
10.601  291.0  106.0  291.0
10.624  316.0  106.0  291.0
10.647  349.0  108.0  316.0
10.647  349.0  107.0  349.0
10.67  386.0  106.0  386.0
10.692  431.0  106.0  386.0
10.703  454.0  106.0  386.0
10.727  500.0  106.0  454.0
10.727  500.0  105.0  500.0
10.749  551.0  104.0  551.0
10.773  606.0  104.0  606.0
10.796  658.0  104.0  606.0
10.796  658.0  104.0  606.0
10.818  709.0  102.0  709.0
10.829  734.0  100.0  734.0
10.864  807.0  100.0  734.0
10.875  830.0  98.0  807.0
10.887  856.0  97.0  830.0
10.898  876.0  97.0  830.0
10.921  913.0  96.0  913.0
10.944  946.0  96.0  913.0
10.967  973.0  97.0  946.0
10.967  973.0  96.0  973.0
10.979  987.0  97.0  987.0
11.001  1003.0  97.0  987.0
11.026  1014.0  97.0  987.0
11.052  1018.0  97.0  1014.0
11.052  1018.0  104.0  1018.0
11.064  1018.0  106.0  1018.0
11.088  1014.0  105.0  1014.0
11.114  988.0  105.0  1014.0
11.114  988.0  105.0  1014.0
11.137  962.0  107.0  962.0
11.159  942.0  108.0  942.0
11.17  923.0  108.0  923.0
11.194  882.0  108.0  923.0
11.194  882.0  109.0  882.0
11.216  836.0  109.0  882.0
11.24  791.0  112.0  791.0
11.262  744.0  112.0  744.0
11.285  694.0  112.0  744.0
11.309  641.0  112.0  694.0
11.309  641.0  112.0  641.0
11.32  613.0  112.0  641.0
11.342  568.0  112.0  641.0
11.365  519.0  111.0  568.0
11.365  519.0  113.0  519.0
11.388  476.0  113.0  476.0
11.411  432.0  114.0  432.0
11.422  412.0  114.0  432.0
11.422  412.0  114.0  432.0
11.446  379.0  113.0  379.0
11.468  346.0  115.0  346.0
11.491  320.0  116.0  320.0
11.514  296.0  114.0  296.0
11.514  296.0  114.0  296.0
11.537  278.0  114.0  296.0
11.548  269.0  115.0  269.0
11.583  254.0  114.0  254.0
11.594  251.0  114.0  254.0
11.594  251.0  112.0  251.0
11.617  249.0  112.0  249.0
11.64  249.0  112.0  249.0
11.663  249.0  112.0  249.0
11.663  249.0  112.0  249.0
11.685  248.0  109.0  248.0
11.709  248.0  107.0  248.0
11.731  265.0  108.0  265.0
11.743  280.0  108.0  265.0
11.743  280.0  108.0  265.0
11.765  305.0  108.0  305.0
11.789  337.0  108.0  337.0
11.811  372.0  109.0  372.0
11.834  414.0  109.0  414.0
11.834  414.0  109.0  414.0
11.857  457.0  109.0  414.0
11.88  511.0  108.0  457.0
11.891  538.0  107.0  511.0
11.915  587.0  107.0  538.0
11.915  587.0  107.0  538.0
11.937  642.0  105.0  587.0
11.96  690.0  105.0  587.0
11.983  743.0  105.0  690.0
11.983  743.0  101.0  743.0
12.006  792.0  101.0  743.0
12.017  815.0  100.0  792.0
12.052  880.0  100.0  815.0
12.063  899.0  100.0  815.0
12.063  899.0  100.0  815.0
12.086  935.0  99.0  899.0
12.109  964.0  97.0  935.0
12.132  989.0  97.0  964.0
12.154  1005.0  100.0  989.0
12.154  1005.0  100.0  989.0
12.167  1013.0  100.0  989.0
12.192  1017.0  102.0  1013.0
12.217  1018.0  104.0  1017.0
12.229  1018.0  107.0  1018.0
12.229  1018.0  107.0  1018.0
12.255  1003.0  106.0  1018.0
12.278  973.0  106.0  1018.0
12.301  948.0  106.0  973.0
12.301  948.0  108.0  948.0
12.324  914.0  108.0  948.0
12.347  871.0  109.0  914.0
12.37  826.0  108.0  871.0
12.37  826.0  108.0  871.0
12.393  779.0  108.0  871.0
12.404  753.0  110.0  779.0
12.427  703.0  111.0  753.0
12.45  651.0  110.0  703.0
12.45  651.0  110.0  651.0
12.473  600.0  110.0  651.0
12.495  554.0  110.0  651.0
12.519  506.0  112.0  554.0
12.519  506.0  111.0  506.0
12.53  487.0  111.0  487.0
12.553  444.0  114.0  444.0
12.576  405.0  114.0  444.0
12.599  371.0  114.0  444.0
12.599  371.0  112.0  371.0
12.621  341.0  111.0  341.0
12.645  314.0  113.0  314.0
12.656  301.0  113.0  314.0
12.679  282.0  113.0  314.0
12.701  265.0  114.0  282.0
12.701  265.0  112.0  265.0
12.725  255.0  112.0  265.0
12.747  249.0  112.0  255.0
12.771  249.0  111.0  249.0
12.771  249.0  110.0  249.0
12.793  249.0  110.0  249.0
12.805  249.0  110.0  249.0
12.827  249.0  110.0  249.0
12.827  249.0  108.0  249.0
12.851  249.0  107.0  249.0
12.873  262.0  107.0  249.0
12.896  290.0  107.0  249.0
12.919  316.0  107.0  290.0
12.919  316.0  108.0  316.0
12.942  350.0  107.0  350.0
12.953  369.0  107.0  369.0
12.977  410.0  107.0  369.0
12.999  454.0  107.0  410.0
12.999  454.0  107.0  410.0
13.022  502.0  106.0  502.0
13.045  552.0  106.0  502.0
13.068  605.0  104.0  552.0
13.09  657.0  105.0  605.0
13.09  657.0  105.0  605.0
13.103  680.0  104.0  680.0
13.125  733.0  101.0  733.0
13.148  783.0  101.0  733.0
13.148  783.0  99.0  783.0
13.171  830.0  97.0  830.0
13.194  874.0  96.0  874.0
13.216  911.0  96.0  874.0
13.228  930.0  96.0  874.0
13.228  930.0  94.0  930.0
13.251  959.0  96.0  959.0
13.274  986.0  97.0  986.0
13.296  1003.0  97.0  986.0
13.322  1014.0  97.0  1003.0
13.322  1014.0  97.0  1003.0
13.334  1017.0  103.0  1017.0
13.359  1017.0  105.0  1017.0
13.384  1016.0  105.0  1017.0
13.396  1005.0  106.0  1016.0
13.396  1005.0  107.0  1005.0
13.431  963.0  107.0  1005.0
13.444  951.0  106.0  951.0
13.466  915.0  106.0  951.0
13.489  876.0  107.0  915.0
13.489  876.0  108.0  876.0
13.512  830.0  110.0  830.0
13.523  809.0  110.0  830.0
13.546  763.0  110.0  830.0
13.57  712.0  109.0  763.0
13.57  712.0  110.0  712.0
13.592  663.0  110.0  663.0
13.615  612.0  110.0  612.0
13.638  565.0  110.0  612.0
13.638  565.0  110.0  612.0
13.661  518.0  110.0  518.0
13.683  475.0  112.0  475.0
13.707  433.0  112.0  475.0
13.707  433.0  112.0  433.0
13.718  412.0  112.0  412.0
13.741  377.0  112.0  412.0
13.763  344.0  113.0  344.0
13.787  318.0  113.0  344.0
13.787  318.0  113.0  318.0
13.809  294.0  112.0  294.0
13.832  276.0  113.0  276.0
13.844  268.0  113.0  276.0
13.867  257.0  113.0  276.0
13.867  257.0  112.0  257.0
13.889  251.0  111.0  251.0
13.913  250.0  111.0  250.0
13.935  249.0  111.0  250.0
13.946  249.0  112.0  249.0
13.946  249.0  112.0  249.0
13.981  248.0  108.0  248.0
13.992  248.0  108.0  248.0
14.015  257.0  108.0  248.0
14.039  285.0  109.0  257.0
14.039  285.0  108.0  285.0
14.061  310.0  108.0  285.0
14.084  343.0  108.0  343.0
14.095  358.0  108.0  343.0
14.118  396.0  109.0  358.0
14.118  396.0  106.0  396.0
14.141  439.0  106.0  439.0
14.163  487.0  106.0  439.0
14.187  537.0  106.0  439.0
14.187  537.0  104.0  537.0
14.21  590.0  103.0  590.0
14.232  645.0  103.0  645.0
14.256  695.0  102.0  695.0
14.267  724.0  102.0  695.0
14.267  724.0  102.0  695.0
14.289  774.0  100.0  774.0
14.313  822.0  98.0  822.0
14.336  867.0  98.0  822.0
14.358  906.0  97.0  867.0
14.358  906.0  96.0  906.0
14.37  925.0  96.0  925.0
14.393  954.0  96.0  925.0
14.415  981.0  96.0  925.0
14.439  1000.0  96.0  981.0
14.439  1000.0  97.0  1000.0
14.464  1014.0  97.0  1000.0
14.476  1017.0  97.0  1014.0
14.501  1017.0  103.0  1017.0
14.526  1015.0  106.0  1017.0
14.526  1015.0  106.0  1017.0
14.538  1009.0  106.0  1017.0
14.562  979.0  105.0  1009.0
14.585  958.0  105.0  979.0
14.585  958.0  107.0  958.0
14.608  927.0  107.0  958.0
14.63  887.0  108.0  927.0
14.654  843.0  108.0  927.0
14.665  820.0  108.0  843.0
14.665  820.0  108.0  843.0
14.7  748.0  111.0  820.0
14.711  723.0  110.0  748.0
14.734  674.0  110.0  723.0
14.756  622.0  110.0  723.0
14.756  622.0  111.0  622.0
14.78  575.0  112.0  575.0
14.802  526.0  112.0  575.0
14.825  481.0  111.0  481.0
14.825  481.0  111.0  481.0
14.849  439.0  110.0  439.0
14.86  420.0  112.0  420.0
14.882  384.0  109.0  384.0
14.906  350.0  109.0  384.0
14.906  350.0  109.0  384.0
14.928  324.0  110.0  324.0
14.951  299.0  112.0  299.0
14.974  281.0  111.0  281.0
14.986  271.0  111.0  281.0
14.986  271.0  111.0  281.0
15.008  259.0  112.0  259.0
15.031  252.0  112.0  252.0
15.054  249.0  111.0  249.0
15.077  249.0  110.0  249.0
15.077  249.0  110.0  249.0
15.088  249.0  111.0  249.0
15.123  249.0  111.0  249.0
15.134  248.0  108.0  248.0
15.134  248.0  108.0  248.0
15.157  251.0  107.0  251.0
15.18  278.0  108.0  278.0
15.203  305.0  108.0  278.0
15.225  335.0  109.0  335.0
15.238  352.0  108.0  352.0
15.238  352.0  108.0  352.0
15.26  389.0  108.0  352.0
15.283  431.0  108.0  389.0
15.306  479.0  106.0  431.0
15.306  479.0  106.0  431.0
15.329  531.0  106.0  431.0
15.351  581.0  105.0  531.0
15.375  636.0  104.0  581.0
15.397  689.0  104.0  636.0
15.42  741.0  101.0  689.0
15.443  791.0  101.0  689.0
15.443  791.0  101.0  689.0
15.455  811.0  100.0  791.0
15.477  859.0  98.0  811.0
15.501  897.0  96.0  859.0
15.501  897.0  95.0  897.0
15.523  935.0  95.0  897.0
15.546  962.0  95.0  897.0
15.569  987.0  96.0  962.0
15.581  997.0  96.0  987.0
15.581  997.0  97.0  997.0
15.604  1010.0  97.0  997.0
15.629  1016.0  101.0  1010.0
15.642  1017.0  106.0  1016.0
15.667  1018.0  106.0  1016.0
15.667  1018.0  104.0  1018.0
15.691  1002.0  104.0  1018.0
15.716  976.0  108.0  1002.0
15.738  949.0  106.0  976.0
15.75  932.0  106.0  976.0
15.75  932.0  107.0  932.0
15.773  893.0  107.0  932.0
15.796  848.0  108.0  893.0
15.818  801.0  110.0  848.0
15.842  753.0  109.0  801.0
15.842  753.0  109.0  801.0
15.864  703.0  109.0  801.0
15.887  652.0  111.0  703.0
15.899  626.0  111.0  652.0
15.922  580.0  110.0  626.0
15.922  580.0  112.0  580.0
15.944  532.0  112.0  580.0
15.968  487.0  112.0  580.0
15.99  446.0  112.0  487.0
15.99  446.0  112.0  446.0
16.013  406.0  112.0  446.0
16.024  388.0  111.0  406.0
16.048  353.0  113.0  388.0
16.07  327.0  113.0  353.0
16.07  327.0  113.0  353.0
16.093  300.0  113.0  353.0
16.116  283.0  113.0  300.0
16.139  266.0  113.0  283.0
16.161  256.0  111.0  266.0
16.161  256.0  111.0  266.0
16.174  253.0  111.0  266.0
16.207  249.0  112.0  253.0
16.219  250.0  112.0  249.0
16.242  250.0  112.0  250.0
16.265  249.0  110.0  250.0
16.265  249.0  110.0  250.0
16.287  249.0  110.0  250.0
16.311  261.0  109.0  249.0
16.311  261.0  109.0  261.0
16.322  277.0  109.0  261.0
16.345  302.0  109.0  277.0
16.368  334.0  109.0  302.0
16.391  369.0  109.0  334.0
16.402  388.0  109.0  334.0
16.402  388.0  109.0  334.0
16.424  432.0  105.0  388.0
16.448  476.0  105.0  432.0
16.471  527.0  105.0  476.0
16.471  527.0  105.0  476.0
16.493  577.0  105.0  476.0
16.517  632.0  104.0  577.0
16.539  683.0  104.0  632.0
16.55  708.0  104.0  683.0
16.55  708.0  101.0  708.0
16.585  783.0  101.0  708.0
16.596  805.0  99.0  783.0
16.619  852.0  99.0  783.0
16.619  852.0  99.0  852.0
16.643  892.0  97.0  892.0
16.665  930.0  97.0  892.0
16.688  958.0  95.0  930.0
16.711  986.0  98.0  958.0
16.711  986.0  98.0  958.0
16.734  1001.0  96.0  1001.0
16.746  1010.0  96.0  1001.0
16.772  1018.0  99.0  1010.0
16.796  1018.0  104.0  1018.0
16.796  1018.0  104.0  1018.0
16.808  1017.0  104.0  1018.0
16.834  1000.0  107.0  1017.0
16.858  970.0  105.0  1000.0
16.858  970.0  106.0  970.0
16.88  947.0  106.0  970.0
16.904  917.0  108.0  947.0
16.926  876.0  108.0  917.0
16.937  852.0  109.0  876.0
16.937  852.0  109.0  876.0
16.96  805.0  109.0  876.0
16.984  758.0  112.0  805.0
17.006  708.0  111.0  758.0
17.03  660.0  110.0  708.0
17.03  660.0  110.0  708.0
17.052  609.0  110.0  708.0
17.063  587.0  111.0  609.0
17.086  540.0  111.0  587.0
17.086  540.0  112.0  540.0
17.11  496.0  112.0  540.0
17.132  453.0  111.0  496.0
17.155  413.0  111.0  453.0
17.178  375.0  110.0  413.0
17.178  375.0  110.0  413.0
17.201  345.0  110.0  413.0
17.223  318.0  111.0  345.0
17.247  293.0  113.0  318.0
17.247  293.0  113.0  318.0
17.258  285.0  112.0  285.0
17.281  269.0  112.0  269.0
17.304  258.0  112.0  258.0
17.327  252.0  112.0  258.0
17.327  252.0  112.0  258.0
17.349  249.0  111.0  249.0
17.36  248.0  110.0  248.0
17.384  249.0  110.0  249.0
17.406  248.0  109.0  248.0
17.406  248.0  109.0  248.0
17.43  248.0  109.0  248.0
17.453  258.0  106.0  258.0
17.475  288.0  108.0  288.0
17.486  298.0  108.0  288.0
17.486  298.0  108.0  298.0
17.51  327.0  108.0  298.0
17.532  360.0  108.0  360.0
17.555  399.0  108.0  399.0
17.579  442.0  108.0  442.0
17.579  442.0  108.0  442.0
17.601  492.0  104.0  492.0
17.624  542.0  105.0  542.0
17.636  566.0  105.0  542.0
17.636  566.0  105.0  542.0
17.67  649.0  104.0  566.0
17.692  703.0  104.0  649.0
17.704  726.0  102.0  703.0
17.704  726.0  102.0  703.0
17.738  800.0  101.0  726.0
17.75  823.0  99.0  800.0
17.773  869.0  99.0  800.0
17.796  907.0  96.0  869.0
17.796  907.0  96.0  869.0
17.818  941.0  94.0  907.0
17.842  971.0  96.0  941.0
17.853  983.0  96.0  941.0
17.875  1001.0  97.0  983.0
17.875  1001.0  97.0  983.0
17.901  1014.0  98.0  1001.0
17.926  1018.0  104.0  1014.0
17.938  1018.0  105.0  1018.0
17.938  1018.0  105.0  1018.0
17.964  1014.0  105.0  1018.0
17.988  992.0  104.0  1014.0
17.999  976.0  106.0  992.0
18.034  940.0  105.0  976.0
18.034  940.0  105.0  976.0
18.045  922.0  107.0  922.0
18.068  879.0  109.0  879.0
18.091  834.0  109.0  879.0
18.114  788.0  109.0  788.0
18.114  788.0  109.0  788.0
18.137  740.0  110.0  740.0
18.148  716.0  112.0  716.0
18.171  667.0  112.0  667.0
18.194  614.0  112.0  667.0
18.194  614.0  112.0  667.0
18.216  568.0  110.0  568.0
18.24  521.0  111.0  568.0
18.263  479.0  111.0  521.0
18.285  434.0  111.0  479.0
18.285  434.0  111.0  479.0
18.297  416.0  111.0  479.0
18.32  379.0  110.0  416.0
18.354  333.0  114.0  379.0
18.354  333.0  114.0  379.0
18.366  321.0  112.0  333.0
18.388  296.0  113.0  321.0
18.411  278.0  113.0  321.0
18.411  278.0  113.0  278.0
18.435  263.0  113.0  278.0
18.457  255.0  113.0  263.0
18.468  252.0  113.0  255.0
18.491  249.0  115.0  252.0
18.491  249.0  115.0  252.0
18.514  249.0  115.0  252.0
18.537  249.0  114.0  249.0
18.561  249.0  112.0  249.0
18.583  248.0  112.0  249.0
18.583  248.0  112.0  249.0
18.606  267.0  112.0  248.0
18.617  284.0  110.0  267.0
18.64  307.0  110.0  267.0
18.663  339.0  110.0  307.0
18.663  339.0  110.0  307.0
18.685  375.0  110.0  339.0
18.709  416.0  108.0  375.0
18.732  460.0  108.0  416.0
18.732  460.0  108.0  416.0
18.754  511.0  108.0  416.0
18.778  563.0  108.0  511.0
18.8  618.0  105.0  563.0
18.8  618.0  106.0  618.0
18.823  673.0  106.0  618.0
18.835  697.0  105.0  673.0
18.857  750.0  105.0  673.0
18.88  797.0  100.0  750.0
18.88  797.0  100.0  797.0
18.904  845.0  100.0  797.0
18.926  884.0  99.0  845.0
18.949  922.0  97.0  884.0
18.972  953.0  97.0  884.0
18.972  953.0  96.0  953.0
18.995  981.0  96.0  953.0
19.006  992.0  97.0  981.0
19.006  992.0  99.0  992.0
19.031  1007.0  100.0  1007.0
19.055  1017.0  100.0  1007.0
19.067  1018.0  100.0  1007.0
19.093  1018.0  105.0  1018.0
19.118  1012.0  106.0  1018.0
19.118  1012.0  106.0  1012.0
19.13  999.0  105.0  999.0
19.152  971.0  105.0  999.0
19.176  943.0  105.0  999.0
19.187  926.0  108.0  943.0
19.198  908.0  107.0  908.0
19.221  862.0  107.0  908.0
19.245  816.0  109.0  862.0
19.267  770.0  109.0  862.0
19.278  745.0  112.0  770.0
19.278  745.0  111.0  745.0
19.302  695.0  111.0  745.0
19.324  644.0  111.0  695.0
19.347  595.0  112.0  644.0
19.347  595.0  112.0  595.0
19.371  549.0  112.0  595.0
19.393  502.0  112.0  549.0
19.416  460.0  112.0  549.0
19.416  460.0  112.0  460.0
19.439  419.0  112.0  460.0
19.462  383.0  113.0  419.0
19.484  350.0  112.0  383.0
19.484  350.0  113.0  350.0
19.508  323.0  113.0  350.0
19.53  298.0  113.0  350.0
19.553  281.0  113.0  298.0
19.553  281.0  113.0  281.0
19.565  273.0  112.0  273.0
19.588  260.0  112.0  260.0
19.61  253.0  112.0  260.0
19.634  250.0  111.0  253.0
19.634  250.0  111.0  253.0
19.656  250.0  111.0  250.0
19.667  250.0  111.0  250.0
19.702  249.0  112.0  250.0
19.714  249.0  109.0  249.0
19.714  249.0  107.0  249.0
19.736  254.0  107.0  249.0
19.76  280.0  107.0  249.0
19.782  306.0  110.0  280.0
19.805  335.0  110.0  306.0
19.805  335.0  108.0  335.0
19.816  353.0  108.0  353.0
19.84  391.0  108.0  353.0
19.862  433.0  108.0  353.0
19.885  480.0  107.0  433.0
19.885  480.0  106.0  480.0
19.908  533.0  106.0  480.0
19.931  587.0  108.0  533.0
19.942  614.0  105.0  587.0
19.942  614.0  104.0  614.0
19.965  668.0  104.0  614.0
19.988  718.0  104.0  614.0
20.011  767.0  102.0  718.0
20.034  814.0  101.0  767.0
20.034  814.0  100.0  814.0
20.057  858.0  100.0  814.0
20.079  897.0  100.0  814.0
20.091  915.0  99.0  897.0
20.125  963.0  97.0  915.0
20.125  963.0  100.0  963.0
20.136  976.0  99.0  976.0
20.16  997.0  99.0  976.0
20.184  1011.0  99.0  976.0
20.184  1011.0  100.0  1011.0
20.196  1017.0  103.0  1017.0
20.22  1019.0  106.0  1019.0
20.246  1018.0  106.0  1019.0
20.258  1011.0  105.0  1018.0
20.282  984.0  105.0  1018.0
20.282  984.0  106.0  984.0
20.305  957.0  106.0  957.0
20.328  931.0  106.0  957.0
20.35  889.0  108.0  931.0
20.363  867.0  110.0  889.0
20.374  843.0  110.0  889.0
20.397  797.0  111.0  797.0
20.408  773.0  111.0  797.0
20.431  724.0  111.0  773.0
20.431  724.0  112.0  724.0
20.454  676.0  112.0  676.0
20.476  624.0  112.0  676.0
20.5  580.0  112.0  624.0
20.523  532.0  112.0  624.0
20.523  532.0  112.0  532.0
20.534  509.0  112.0  509.0
20.557  468.0  112.0  509.0
20.58  426.0  114.0  468.0
20.602  388.0  114.0  468.0
20.602  388.0  112.0  388.0
20.626  354.0  113.0  354.0
20.648  327.0  112.0  327.0
20.671  301.0  112.0  327.0
20.682  291.0  112.0  301.0
20.682  291.0  112.0  301.0
20.706  274.0  113.0  274.0
20.728  260.0  113.0  274.0
20.751  252.0  112.0  260.0
20.751  252.0  112.0  252.0
20.774  250.0  112.0  250.0
20.797  250.0  112.0  250.0
20.808  249.0  112.0  250.0
20.832  249.0  111.0  249.0
20.832  249.0  109.0  249.0
20.854  249.0  110.0  249.0
20.877  252.0  109.0  252.0
20.9  279.0  109.0  252.0
20.923  304.0  109.0  252.0
20.923  304.0  108.0  304.0
20.945  335.0  109.0  335.0
20.958  353.0  109.0  335.0
20.98  389.0  110.0  353.0
21.003  431.0  108.0  389.0
21.003  431.0  108.0  431.0
21.026  476.0  108.0  431.0
21.049  528.0  108.0  476.0
21.071  579.0  108.0  476.0
21.071  579.0  106.0  579.0
21.095  634.0  106.0  634.0
21.106  662.0  106.0  634.0
21.129  711.0  105.0  662.0
21.151  761.0  102.0  711.0
21.151  761.0  102.0  711.0
21.175  809.0  101.0  809.0
21.197  854.0  101.0  809.0
21.22  894.0  101.0  854.0
21.232  914.0  98.0  894.0
21.232  914.0  98.0  894.0
21.255  946.0  97.0  914.0
21.277  977.0  97.0  914.0
21.301  997.0  99.0  977.0
21.312  1003.0  101.0  1003.0
