52.633  800.0  1023.0  21.0
52.633  800.0  1023.0  21.0
52.633  800.0  1023.0  21.0
52.633  800.0  1023.0  21.0
52.633  800.0  1023.0  21.0
52.633  800.0  1023.0  21.0
52.633  800.0  1023.0  21.0
52.633  800.0  1023.0  21.0
52.633  800.0  1023.0  21.0
52.633  800.0  1023.0  21.0
52.633  800.0  1023.0  21.0
52.633  800.0  1023.0  21.0
52.633  800.0  1023.0  21.0
52.633  800.0  1023.0  21.0
52.633  800.0  1023.0  21.0
52.633  800.0  1023.0  21.0
52.633  800.0  1023.0  21.0
52.633  800.0  1023.0  21.0
52.633  800.0  1023.0  21.0
52.633  800.0  1023.0  21.0
52.633  800.0  1023.0  21.0
52.633  800.0  1023.0  21.0
52.633  800.0  1023.0  21.0
52.633  800.0  1023.0  21.0
52.633  800.0  1023.0  21.0
52.633  800.0  1023.0  21.0
52.633  800.0  1023.0  21.0
52.633  800.0  1023.0  21.0
52.633  800.0  1023.0  21.0
52.633  800.0  1023.0  21.0
52.633  800.0  1023.0  21.0
52.633  800.0  1023.0  21.0
52.633  800.0  1023.0  21.0
52.633  800.0  1023.0  21.0
52.633  800.0  1023.0  21.0
52.633  800.0  1023.0  21.0
52.633  800.0  1023.0  21.0
52.633  800.0  1023.0  21.0
52.633  800.0  1023.0  21.0
52.633  800.0  1023.0  21.0
52.633  800.0  1023.0  21.0
52.633  800.0  1023.0  21.0
0.0  800.0  1023.0  21.0
0.0  800.0  1023.0  21.0
0.0020  800.0  1023.0  22.0
0.0030  800.0  1023.0  22.0
0.0030  800.0  1023.0  23.0
0.012  800.0  1023.0  23.0
0.028  800.0  1023.0  22.0
0.053  800.0  1023.0  22.0
0.078  800.0  1023.0  22.0
0.078  800.0  1023.0  22.0
0.095  799.0  1023.0  22.0
0.112  800.0  1023.0  22.0
0.141  799.0  1023.0  22.0
0.141  799.0  1023.0  21.0
0.168  800.0  1023.0  21.0
0.187  800.0  1023.0  22.0
0.206  800.0  1023.0  22.0
0.206  800.0  1023.0  22.0
0.225  799.0  1023.0  22.0
0.243  799.0  1023.0  22.0
0.272  800.0  1023.0  23.0
0.29  800.0  1023.0  22.0
0.29  800.0  1023.0  22.0
0.309  800.0  1023.0  22.0
0.337  799.0  1023.0  22.0
0.356  800.0  1023.0  22.0
0.374  800.0  1023.0  23.0
0.374  800.0  1023.0  23.0
0.403  800.0  1023.0  22.0
0.421  800.0  1023.0  22.0
0.44  800.0  1023.0  23.0
0.44  800.0  1023.0  23.0
0.468  800.0  1023.0  22.0
0.487  800.0  1023.0  22.0
0.487  800.0  1023.0  22.0
0.487  800.0  1023.0  22.0
0.487  800.0  1023.0  22.0
0.6  800.0  1023.0  22.0
0.6  800.0  1023.0  22.0
0.618  800.0  1023.0  22.0
0.636  800.0  1023.0  21.0
0.636  800.0  1023.0  21.0
0.674  800.0  1023.0  21.0
0.693  800.0  1023.0  21.0
0.711  800.0  1023.0  22.0
0.711  800.0  1023.0  22.0
0.731  799.0  1023.0  22.0
0.749  800.0  1023.0  22.0
0.777  800.0  1023.0  21.0
0.777  800.0  1023.0  22.0
0.796  799.0  1023.0  22.0
0.815  800.0  1023.0  22.0
0.842  800.0  1023.0  21.0
0.862  800.0  1023.0  21.0
0.862  800.0  1023.0  21.0
0.88  800.0  1023.0  22.0
0.908  800.0  1023.0  22.0
0.927  800.0  1023.0  22.0
1.002  800.0  1023.0  22.0
1.002  800.0  1023.0  22.0
1.012  800.0  1023.0  21.0
1.033  800.0  1023.0  21.0
1.033  800.0  1023.0  21.0
1.053  799.0  1023.0  22.0
1.085  799.0  1023.0  22.0
1.105  800.0  1023.0  21.0
1.105  800.0  1023.0  21.0
1.127  800.0  1023.0  21.0
1.147  800.0  1023.0  22.0
1.168  799.0  1023.0  22.0
1.189  800.0  1023.0  22.0
1.189  800.0  1023.0  22.0
1.21  800.0  1023.0  22.0
1.23  800.0  1023.0  22.0
1.251  800.0  1023.0  22.0
1.272  799.0  1023.0  21.0
1.272  799.0  1023.0  21.0
1.293  800.0  1023.0  21.0
1.313  800.0  1023.0  21.0
1.335  800.0  1023.0  22.0
1.335  800.0  1023.0  22.0
1.355  800.0  1023.0  21.0
1.376  800.0  1023.0  21.0
1.397  800.0  1023.0  21.0
1.418  799.0  1023.0  22.0
1.418  799.0  1023.0  22.0
1.438  800.0  1023.0  22.0
1.47  800.0  1023.0  22.0
1.49  800.0  1023.0  22.0
1.501  799.0  1023.0  23.0
1.501  799.0  1023.0  23.0
1.522  800.0  1023.0  21.0
1.553  800.0  1023.0  21.0
1.573  800.0  1023.0  22.0
1.573  800.0  1023.0  23.0
1.595  799.0  1023.0  23.0
1.615  799.0  1023.0  22.0
1.636  799.0  1023.0  22.0
1.657  800.0  1023.0  21.0
1.657  800.0  1023.0  22.0
1.678  800.0  1023.0  22.0
1.698  800.0  1023.0  21.0
1.719  800.0  1023.0  21.0
1.74  799.0  1023.0  21.0
1.74  799.0  1023.0  21.0
1.761  799.0  1023.0  23.0
1.781  800.0  1023.0  23.0
1.803  799.0  1023.0  22.0
1.803  799.0  1023.0  22.0
1.823  800.0  1023.0  22.0
1.844  800.0  1023.0  22.0
1.865  800.0  1023.0  22.0
1.896  800.0  1023.0  22.0
1.896  800.0  1023.0  22.0
1.916  799.0  1023.0  22.0
1.938  800.0  1023.0  22.0
1.958  800.0  1023.0  22.0
1.979  800.0  1023.0  23.0
1.979  800.0  1023.0  21.0
2.0  800.0  1023.0  22.0
2.021  800.0  1023.0  23.0
2.041  800.0  1023.0  23.0
2.041  800.0  1023.0  22.0
2.063  800.0  1023.0  22.0
2.083  800.0  1023.0  21.0
2.104  800.0  1023.0  23.0
2.104  800.0  1023.0  23.0
2.125  799.0  1023.0  22.0
2.146  800.0  1023.0  22.0
2.166  800.0  1023.0  22.0
2.188  801.0  1023.0  22.0
2.188  801.0  1023.0  22.0
2.208  800.0  1023.0  23.0
2.229  800.0  1023.0  22.0
2.249  800.0  1023.0  22.0
2.271  800.0  1023.0  22.0
2.271  800.0  1023.0  22.0
2.291  800.0  1023.0  22.0
2.312  800.0  1023.0  22.0
2.343  800.0  1023.0  22.0
2.343  800.0  1023.0  22.0
2.364  800.0  1023.0  22.0
2.384  800.0  1023.0  22.0
2.406  800.0  1023.0  23.0
2.426  799.0  1023.0  21.0
2.426  799.0  1023.0  21.0
2.447  800.0  1023.0  22.0
2.458  800.0  1023.0  23.0
2.489  800.0  1023.0  23.0
2.531  800.0  1023.0  22.0
2.531  800.0  1023.0  22.0
2.551  800.0  1023.0  22.0
2.572  800.0  1023.0  22.0
2.572  800.0  1023.0  22.0
2.604  799.0  1023.0  22.0
2.614  800.0  1023.0  22.0
2.634  800.0  1023.0  22.0
2.656  800.0  1023.0  22.0
2.656  800.0  1023.0  23.0
2.676  800.0  1023.0  21.0
2.707  800.0  1023.0  22.0
2.717  800.0  1023.0  22.0
2.717  800.0  1023.0  23.0
2.749  800.0  1023.0  22.0
2.769  800.0  1023.0  22.0
2.791  800.0  1023.0  22.0
2.811  800.0  1023.0  22.0
2.811  800.0  1023.0  22.0
2.832  800.0  1023.0  22.0
2.853  801.0  1023.0  21.0
2.874  800.0  1023.0  21.0
2.894  800.0  1023.0  21.0
2.894  800.0  1023.0  22.0
2.915  801.0  1023.0  23.0
2.936  800.0  1023.0  22.0
2.957  800.0  1023.0  22.0
2.957  800.0  1023.0  22.0
