0.0  1.0  1.0  1.0
0.0  1.0  1.0  1.0
0.0  1.0  1.0  1.0
0.0  1.0  1.0  1.0
0.0  1.0  1.0  1.0
0.0  1.0  1.0  1.0
0.0  1.0  1.0  1.0
0.0  1.0  1.0  1.0
0.0  1.0  1.0  1.0
0.0  1.0  1.0  1.0
0.0  1.0  1.0  1.0
0.0  1.0  1.0  1.0
0.0  1.0  1.0  1.0
0.0  1.0  1.0  1.0
0.0  1.0  1.0  1.0
0.0  1.0  1.0  1.0
0.0  1.0  1.0  1.0
0.0  1.0  1.0  1.0
0.0  1.0  1.0  1.0
0.0  1.0  1.0  1.0
0.0  1.0  1.0  1.0
0.0  1.0  1.0  1.0
0.0  1.0  1.0  1.0
0.0  1.0  1.0  1.0
0.0  1.0  1.0  1.0
0.0  1.0  1.0  1.0
0.0  1.0  1.0  1.0
0.0  1.0  1.0  1.0
0.0  1.0  1.0  1.0
0.0  1.0  1.0  1.0
0.0  1.0  1.0  1.0
0.0  1.0  1.0  1.0
0.0  1.0  1.0  1.0
0.0  1.0  1.0  1.0
0.0  1.0  1.0  1.0
0.0  1.0  1.0  1.0
0.0  1.0  1.0  1.0
0.0  1.0  1.0  1.0
0.0  1.0  1.0  1.0
0.0  1.0  1.0  1.0
0.0  1.0  1.0  1.0
1.023  24.0  1.0  1.0
1.023  24.0  1.0  1.0
1.023  24.0  1.0  1.0
1.023  24.0  0.0  883.0
1.023  24.0  1.0  883.0
1.023  24.0  1.0  883.0
1.023  24.0  3.0  884.0
1.023  24.0  5.0  883.0
1.023  25.0  28.0  884.0
1.023  24.0  45.0  884.0
1.023  24.0  45.0  884.0
1.023  24.0  70.0  884.0
1.023  24.0  95.0  883.0
1.023  24.0  112.0  884.0
1.023  25.0  132.0  883.0
1.023  25.0  132.0  883.0
1.023  24.0  159.0  882.0
1.023  24.0  178.0  884.0
1.023  24.0  197.0  884.0
1.023  25.0  197.0  884.0
1.023  25.0  216.0  883.0
1.023  24.0  243.0  884.0
1.023  24.0  263.0  882.0
1.023  24.0  281.0  883.0
1.023  24.0  281.0  883.0
1.023  25.0  309.0  884.0
1.023  25.0  328.0  884.0
1.023  24.0  347.0  884.0
1.023  24.0  374.0  883.0
1.023  24.0  374.0  883.0
1.023  25.0  394.0  884.0
1.023  25.0  412.0  883.0
1.023  24.0  431.0  884.0
1.023  24.0  431.0  884.0
1.023  24.0  449.0  884.0
1.023  25.0  478.0  884.0
1.023  24.0  496.0  884.0
1.023  24.0  515.0  882.0
1.023  24.0  515.0  882.0
1.023  24.0  543.0  883.0
1.023  25.0  562.0  882.0
1.023  25.0  580.0  884.0
1.023  24.0  600.0  884.0
1.023  24.0  600.0  884.0
1.023  24.0  627.0  883.0
1.023  24.0  646.0  883.0
1.023  25.0  665.0  883.0
1.023  24.0  684.0  882.0
1.023  24.0  684.0  882.0
1.023  24.0  711.0  883.0
1.023  25.0  731.0  882.0
1.023  25.0  749.0  884.0
1.023  24.0  749.0  884.0
1.023  24.0  777.0  884.0
1.023  25.0  796.0  883.0
1.023  25.0  815.0  882.0
1.023  24.0  833.0  884.0
1.023  24.0  851.0  884.0
1.023  25.0  917.0  884.0
1.023  24.0  936.0  882.0
1.023  24.0  964.0  882.0
1.023  24.0  964.0  882.0
1.023  24.0  983.0  884.0
1.023  25.0  1002.0  884.0
1.023  24.0  1022.0  883.0
1.023  24.0  1022.0  883.0
1.023  24.0  1043.0  884.0
1.023  24.0  1064.0  882.0
1.023  25.0  1085.0  884.0
1.023  25.0  1085.0  884.0
1.023  25.0  1105.0  883.0
1.023  24.0  1137.0  884.0
1.023  24.0  1158.0  884.0
1.023  25.0  1178.0  883.0
1.023  24.0  1200.0  884.0
1.023  24.0  1200.0  884.0
1.023  24.0  1220.0  884.0
1.023  24.0  1241.0  884.0
1.023  24.0  1262.0  883.0
1.023  24.0  1272.0  882.0
1.023  24.0  1272.0  882.0
1.023  24.0  1303.0  882.0
1.023  24.0  1325.0  884.0
1.023  24.0  1345.0  883.0
1.023  25.0  1345.0  883.0
1.023  25.0  1366.0  883.0
1.023  24.0  1386.0  883.0
1.023  24.0  1408.0  884.0
1.023  25.0  1428.0  883.0
1.023  25.0  1428.0  883.0
1.023  24.0  1448.0  883.0
1.023  24.0  1470.0  883.0
1.023  24.0  1490.0  884.0
1.023  25.0  1511.0  883.0
1.023  25.0  1511.0  883.0
1.023  25.0  1532.0  883.0
1.023  25.0  1553.0  882.0
1.023  24.0  1573.0  884.0
1.023  24.0  1573.0  884.0
1.023  24.0  1595.0  883.0
1.023  25.0  1615.0  883.0
1.023  24.0  1636.0  884.0
1.023  24.0  1657.0  884.0
1.023  24.0  1657.0  884.0
1.023  24.0  1678.0  883.0
1.023  25.0  1709.0  884.0
1.023  24.0  1730.0  883.0
1.023  24.0  1740.0  884.0
1.023  24.0  1740.0  884.0
1.023  24.0  1761.0  882.0
1.023  24.0  1781.0  882.0
1.023  25.0  1803.0  884.0
1.023  24.0  1823.0  884.0
1.023  24.0  1823.0  884.0
1.023  24.0  1855.0  884.0
1.023  25.0  1875.0  884.0
1.023  25.0  1896.0  882.0
1.023  24.0  1896.0  882.0
1.023  24.0  1916.0  883.0
1.023  24.0  1938.0  884.0
1.023  25.0  1958.0  883.0
1.023  25.0  1958.0  883.0
1.023  24.0  1979.0  883.0
1.023  24.0  2000.0  884.0
1.023  24.0  2021.0  884.0
1.023  24.0  2041.0  883.0
1.023  25.0  2063.0  884.0
1.023  25.0  2063.0  884.0
1.023  24.0  2083.0  883.0
1.023  24.0  2104.0  884.0
1.023  24.0  2125.0  883.0
1.023  25.0  2125.0  883.0
1.023  25.0  2146.0  884.0
1.023  24.0  2177.0  884.0
1.023  24.0  2198.0  884.0
1.023  25.0  2198.0  884.0
1.023  25.0  2219.0  884.0
1.023  25.0  2229.0  884.0
1.023  25.0  2249.0  884.0
1.023  24.0  2271.0  884.0
1.023  24.0  2271.0  884.0
1.023  24.0  2291.0  884.0
1.023  25.0  2323.0  884.0
1.023  24.0  2343.0  882.0
1.023  24.0  2364.0  884.0
1.023  24.0  2364.0  884.0
1.023  24.0  2384.0  883.0
1.023  25.0  2406.0  884.0
1.023  24.0  2426.0  884.0
1.023  24.0  2447.0  884.0
1.023  24.0  2447.0  884.0
1.023  24.0  2468.0  883.0
1.023  24.0  2489.0  883.0
1.023  24.0  2541.0  883.0
1.023  24.0  2541.0  883.0
1.023  24.0  2562.0  884.0
1.023  25.0  2582.0  884.0
1.023  25.0  2582.0  884.0
1.023  24.0  2604.0  884.0
1.023  24.0  2624.0  884.0
1.023  24.0  2644.0  884.0
1.023  25.0  2666.0  884.0
1.023  25.0  2666.0  884.0
1.023  25.0  2686.0  884.0
1.023  24.0  2707.0  883.0
1.023  24.0  2728.0  884.0
1.023  24.0  2728.0  884.0
1.023  24.0  2749.0  884.0
1.023  25.0  2769.0  884.0
1.023  24.0  2791.0  883.0
1.023  24.0  2811.0  883.0
1.023  25.0  2822.0  884.0
1.023  25.0  2832.0  883.0
1.023  24.0  2853.0  883.0
1.023  24.0  2874.0  884.0
1.023  24.0  2894.0  884.0
1.023  24.0  2894.0  884.0
1.023  25.0  2915.0  884.0
1.023  25.0  2936.0  884.0
1.023  24.0  2957.0  884.0
1.023  24.0  2977.0  883.0
1.023  24.0  2977.0  883.0
1.023  24.0  2999.0  884.0
1.023  25.0  3019.0  884.0
1.023  24.0  3050.0  883.0
1.023  24.0  3050.0  883.0
1.023  24.0  3072.0  883.0
1.023  24.0  3092.0  884.0
1.023  25.0  3112.0  884.0
1.023  24.0  3134.0  884.0
1.023  24.0  3134.0  884.0
1.023  24.0  3154.0  884.0
1.023  25.0  3175.0  884.0
1.023  25.0  3196.0  883.0
1.023  25.0  3217.0  884.0
1.023  24.0  3217.0  884.0
1.023  24.0  3237.0  884.0
1.023  24.0  3259.0  884.0
1.023  25.0  3279.0  884.0
1.023  24.0  3279.0  884.0
1.023  24.0  3300.0  884.0
1.023  24.0  3321.0  884.0
1.023  24.0  3342.0  884.0
1.023  25.0  3362.0  884.0
1.023  25.0  3362.0  884.0
1.023  25.0  3383.0  883.0
1.023  24.0  3404.0  884.0
1.023  24.0  3425.0  882.0
1.023  24.0  3445.0  884.0
1.023  25.0  3445.0  884.0
1.023  25.0  3467.0  884.0
1.023  24.0  3487.0  882.0
1.023  24.0  3519.0  883.0
1.023  24.0  3519.0  883.0
1.023  25.0  3539.0  884.0
1.023  25.0  3560.0  884.0
1.023  24.0  3580.0  883.0
1.023  24.0  3602.0  883.0
1.023  25.0  3602.0  883.0
1.023  25.0  3622.0  884.0
1.023  25.0  3643.0  884.0
1.023  25.0  3664.0  884.0
1.023  24.0  3685.0  883.0
1.023  24.0  3705.0  884.0
1.023  25.0  3705.0  884.0
1.023  24.0  3727.0  882.0
1.023  24.0  3747.0  883.0
1.023  24.0  3768.0  884.0
1.023  24.0  3768.0  884.0
1.023  24.0  3789.0  884.0
1.023  25.0  3810.0  884.0
1.023  24.0  3830.0  883.0
1.023  24.0  3852.0  884.0
1.023  24.0  3852.0  884.0
1.023  25.0  3872.0  883.0
1.023  25.0  3893.0  884.0
1.023  25.0  3913.0  882.0
1.023  24.0  3913.0  882.0
1.023  24.0  3935.0  884.0
1.023  24.0  3965.0  883.0
1.023  25.0  3987.0  884.0
1.023  25.0  3987.0  884.0
1.023  24.0  4007.0  884.0
1.023  24.0  4028.0  884.0
1.023  24.0  4048.0  883.0
1.023  25.0  4070.0  884.0
1.023  25.0  4070.0  884.0
1.023  24.0  4090.0  884.0
1.023  24.0  4111.0  884.0
1.023  24.0  4132.0  883.0
1.023  24.0  4132.0  883.0
1.023  25.0  4153.0  883.0
1.023  24.0  4173.0  884.0
1.023  24.0  4195.0  884.0
1.023  24.0  4215.0  882.0
1.023  24.0  4215.0  882.0
1.023  25.0  4236.0  882.0
1.023  24.0  4257.0  883.0
1.023  24.0  4278.0  884.0
1.023  24.0  4308.0  884.0
1.023  25.0  4308.0  884.0
1.023  25.0  4320.0  883.0
1.023  25.0  4340.0  884.0
1.023  25.0  4361.0  884.0
1.023  24.0  4381.0  882.0
1.023  24.0  4381.0  882.0
1.023  25.0  4403.0  883.0
1.023  24.0  4433.0  884.0
1.023  24.0  4455.0  883.0
1.023  24.0  4455.0  883.0
1.023  24.0  4475.0  884.0
1.023  24.0  4496.0  883.0
1.023  24.0  4579.0  883.0
1.023  24.0  4579.0  883.0
1.023  24.0  4600.0  884.0
1.023  24.0  4621.0  884.0
1.023  24.0  4641.0  884.0
1.023  24.0  4641.0  884.0
1.023  24.0  4663.0  883.0
1.023  24.0  4694.0  884.0
1.023  24.0  4694.0  884.0
1.023  24.0  4714.0  884.0
1.023  24.0  4736.0  883.0
1.023  24.0  4756.0  884.0
1.023  24.0  4776.0  884.0
1.023  24.0  4776.0  884.0
1.023  24.0  4808.0  884.0
1.023  24.0  4829.0  883.0
1.023  24.0  4850.0  884.0
1.023  24.0  4850.0  884.0
1.023  24.0  4871.0  884.0
1.023  24.0  4891.0  884.0
1.023  24.0  4912.0  883.0
1.023  24.0  4933.0  882.0
1.023  24.0  4933.0  882.0
1.023  24.0  4954.0  884.0
1.023  24.0  4974.0  884.0
1.023  24.0  4996.0  882.0
1.023  24.0  4996.0  882.0
1.023  24.0  5016.0  883.0
1.023  24.0  5037.0  884.0
1.023  24.0  5058.0  884.0
1.023  24.0  5058.0  884.0
1.023  24.0  5089.0  882.0
1.023  24.0  5109.0  884.0
1.023  24.0  5121.0  884.0
1.023  24.0  5141.0  883.0
1.023  24.0  5141.0  883.0
1.023  24.0  5161.0  884.0
1.023  24.0  5183.0  884.0
1.023  24.0  5203.0  882.0
1.023  24.0  5234.0  884.0
1.023  24.0  5234.0  884.0
1.023  24.0  5244.0  883.0
1.023  24.0  5276.0  883.0
1.023  24.0  5297.0  884.0
1.023  24.0  5307.0  883.0
1.023  24.0  5307.0  883.0
1.023  24.0  5307.0  883.0
1.023  24.0  5307.0  883.0
1.023  24.0  5307.0  883.0
1.023  24.0  5307.0  883.0
1.023  24.0  5307.0  883.0
1.023  24.0  5307.0  883.0
1.023  24.0  5307.0  883.0
1.023  24.0  5307.0  883.0
1.023  24.0  5307.0  883.0
1.023  24.0  5307.0  883.0
1.023  24.0  5307.0  883.0
1.023  24.0  5307.0  883.0
1.023  24.0  5307.0  883.0
1.023  24.0  5307.0  883.0
1.023  24.0  5307.0  883.0
1.023  24.0  5307.0  883.0
1.023  24.0  5307.0  883.0
1.023  24.0  5307.0  883.0
1.023  24.0  5307.0  883.0
1.023  24.0  5307.0  883.0
1.023  24.0  5307.0  883.0
1.023  24.0  5307.0  883.0
1.023  24.0  5307.0  883.0
1.023  24.0  5307.0  883.0
1.023  24.0  5307.0  883.0
1.023  24.0  5307.0  883.0
1.023  24.0  5307.0  883.0
1.023  24.0  5307.0  883.0
1.023  24.0  5307.0  883.0
1.023  24.0  5307.0  883.0
1.023  24.0  5307.0  883.0
1.023  24.0  5307.0  883.0
1.023  24.0  5307.0  883.0
1.023  24.0  5307.0  883.0
1.023  24.0  5307.0  883.0
1.023  24.0  5307.0  883.0
1.023  24.0  5307.0  883.0
1.023  24.0  5307.0  883.0
1.023  24.0  5307.0  883.0
1.023  24.0  5307.0  883.0
1.023  24.0  5307.0  883.0
1.023  24.0  5307.0  883.0
1.023  24.0  5307.0  883.0
1.023  24.0  5307.0  883.0
1.023  24.0  5307.0  883.0
1.023  24.0  5307.0  883.0
1.023  24.0  5307.0  883.0
1.023  24.0  5307.0  883.0
1.023  24.0  5307.0  883.0
1.023  24.0  5307.0  883.0
1.023  24.0  5307.0  883.0
1.023  24.0  5307.0  883.0
1.023  24.0  5307.0  883.0
