13.532  920.0  86.0  0.0
13.532  920.0  86.0  0.0
13.532  920.0  86.0  0.0
13.532  920.0  86.0  0.0
13.532  920.0  86.0  0.0
13.532  920.0  86.0  0.0
13.532  920.0  86.0  0.0
13.532  920.0  86.0  0.0
13.532  920.0  86.0  0.0
13.532  920.0  86.0  0.0
13.532  920.0  86.0  0.0
13.532  920.0  86.0  0.0
13.532  920.0  86.0  0.0
13.532  920.0  86.0  0.0
13.532  920.0  86.0  0.0
13.532  920.0  86.0  0.0
13.532  920.0  86.0  0.0
13.532  920.0  86.0  0.0
13.532  920.0  86.0  0.0
13.532  920.0  86.0  0.0
13.532  920.0  86.0  0.0
13.532  920.0  86.0  0.0
13.532  920.0  86.0  0.0
13.532  920.0  86.0  0.0
13.532  920.0  86.0  0.0
13.532  920.0  86.0  0.0
13.532  920.0  86.0  0.0
13.532  920.0  86.0  0.0
13.532  920.0  86.0  0.0
13.532  920.0  86.0  0.0
13.532  920.0  86.0  0.0
13.532  920.0  86.0  0.0
13.532  920.0  86.0  0.0
13.532  920.0  86.0  0.0
13.532  920.0  86.0  0.0
13.532  920.0  86.0  0.0
13.532  920.0  86.0  0.0
13.532  920.0  86.0  0.0
13.532  920.0  86.0  0.0
13.532  920.0  86.0  0.0
13.532  920.0  86.0  0.0
13.532  920.0  86.0  0.0
0.0  920.0  86.0  0.0
0.0020  920.0  86.0  0.0
0.0020  920.0  87.0  0.0020
0.0030  920.0  86.0  0.0030
0.012  920.0  86.0  0.0030
0.028  920.0  86.0  0.0030
0.053  919.0  86.0  0.053
0.078  919.0  86.0  0.053
0.078  919.0  82.0  0.078
0.095  919.0  83.0  0.095
0.112  919.0  83.0  0.095
0.141  919.0  86.0  0.112
0.141  919.0  86.0  0.112
0.159  920.0  84.0  0.159
0.178  920.0  85.0  0.178
0.197  920.0  85.0  0.178
0.197  920.0  86.0  0.197
0.225  920.0  85.0  0.225
0.243  919.0  85.0  0.225
0.263  919.0  85.0  0.263
0.29  920.0  85.0  0.29
0.29  920.0  85.0  0.29
0.309  919.0  86.0  0.309
0.328  919.0  85.0  0.328
0.356  920.0  85.0  0.328
0.356  920.0  85.0  0.356
0.374  920.0  85.0  0.356
0.394  918.0  86.0  0.394
0.421  920.0  85.0  0.421
0.44  920.0  85.0  0.421
0.459  920.0  85.0  0.44
0.459  920.0  86.0  0.459
0.505  920.0  85.0  0.478
0.505  920.0  85.0  0.478
0.543  920.0  85.0  0.525
0.543  920.0  85.0  0.525
0.562  920.0  86.0  0.543
0.59  920.0  86.0  0.562
0.59  920.0  84.0  0.59
0.609  920.0  84.0  0.59
0.627  920.0  86.0  0.609
0.656  920.0  86.0  0.609
0.656  920.0  86.0  0.656
0.684  920.0  85.0  0.684
0.702  920.0  85.0  0.702
0.731  920.0  86.0  0.731
0.749  919.0  84.0  0.749
0.749  919.0  84.0  0.749
0.796  920.0  84.0  0.749
0.796  920.0  85.0  0.796
0.815  920.0  86.0  0.815
0.833  919.0  85.0  0.833
0.871  920.0  84.0  0.851
0.871  920.0  84.0  0.851
0.899  920.0  85.0  0.899
0.917  920.0  85.0  0.917
0.936  919.0  85.0  0.917
0.936  919.0  84.0  0.936
1.002  920.0  85.0  0.973
1.022  920.0  84.0  1.022
1.043  920.0  84.0  1.043
1.064  920.0  85.0  1.064
1.085  919.0  85.0  1.064
1.085  919.0  85.0  1.064
1.105  920.0  84.0  1.105
1.127  920.0  86.0  1.127
1.147  919.0  86.0  1.127
1.147  919.0  87.0  1.147
1.168  920.0  86.0  1.168
1.189  920.0  86.0  1.168
1.21  920.0  86.0  1.21
1.23  920.0  86.0  1.21
1.23  920.0  86.0  1.23
1.251  920.0  86.0  1.251
1.272  920.0  86.0  1.272
1.293  919.0  86.0  1.272
1.313  918.0  86.0  1.313
1.313  918.0  86.0  1.313
1.345  920.0  87.0  1.345
1.366  920.0  85.0  1.366
1.386  920.0  85.0  1.386
1.408  919.0  85.0  1.386
1.408  919.0  85.0  1.386
1.418  919.0  86.0  1.418
1.438  920.0  85.0  1.438
1.46  920.0  85.0  1.46
1.48  920.0  85.0  1.46
1.48  920.0  86.0  1.48
1.501  920.0  86.0  1.501
1.522  919.0  86.0  1.501
1.553  920.0  86.0  1.501
1.573  920.0  85.0  1.553
1.573  920.0  85.0  1.573
1.595  920.0  86.0  1.595
1.615  920.0  86.0  1.595
1.636  920.0  85.0  1.615
1.657  916.0  86.0  1.636
1.657  916.0  86.0  1.636
1.678  920.0  86.0  1.636
1.698  920.0  85.0  1.678
1.719  920.0  84.0  1.698
1.74  920.0  84.0  1.719
1.74  920.0  86.0  1.74
1.761  920.0  86.0  1.74
1.781  920.0  86.0  1.74
1.803  920.0  85.0  1.781
1.803  920.0  85.0  1.803
1.823  920.0  85.0  1.823
1.844  920.0  85.0  1.823
1.865  920.0  84.0  1.844
1.886  920.0  84.0  1.865
1.886  920.0  84.0  1.865
1.906  920.0  85.0  1.906
1.928  920.0  85.0  1.906
1.948  918.0  86.0  1.928
1.969  920.0  85.0  1.948
1.969  920.0  84.0  1.969
1.99  920.0  84.0  1.969
2.011  920.0  84.0  1.969
2.031  919.0  86.0  2.011
2.052  920.0  85.0  2.031
2.052  920.0  84.0  2.052
2.073  919.0  84.0  2.052
2.094  918.0  84.0  2.052
2.125  919.0  85.0  2.094
2.125  919.0  85.0  2.125
2.146  920.0  84.0  2.146
2.166  920.0  85.0  2.166
2.188  919.0  85.0  2.166
2.208  920.0  85.0  2.188
2.208  920.0  85.0  2.188
2.219  920.0  84.0  2.219
2.249  920.0  85.0  2.249
2.271  920.0  85.0  2.249
2.291  920.0  86.0  2.271
2.291  920.0  86.0  2.271
2.312  920.0  85.0  2.312
2.333  919.0  85.0  2.333
2.354  920.0  85.0  2.333
2.364  920.0  85.0  2.354
2.374  920.0  84.0  2.374
2.396  920.0  84.0  2.396
2.416  920.0  84.0  2.396
2.437  920.0  84.0  2.396
2.437  920.0  85.0  2.437
2.458  920.0  85.0  2.458
2.479  920.0  84.0  2.479
2.499  920.0  84.0  2.479
2.521  920.0  84.0  2.479
2.521  920.0  85.0  2.521
2.541  920.0  85.0  2.541
2.562  920.0  84.0  2.562
2.593  920.0  84.0  2.593
2.593  920.0  84.0  2.593
2.614  920.0  85.0  2.614
2.634  919.0  85.0  2.614
2.656  920.0  84.0  2.656
2.676  919.0  84.0  2.676
2.697  919.0  85.0  2.697
2.697  919.0  85.0  2.697
2.717  920.0  85.0  2.717
2.739  920.0  85.0  2.717
2.759  919.0  84.0  2.759
2.78  920.0  85.0  2.759
2.78  920.0  85.0  2.759
2.801  921.0  85.0  2.78
2.822  920.0  84.0  2.801
2.842  919.0  84.0  2.801
2.842  919.0  84.0  2.801
2.864  919.0  85.0  2.842
2.884  920.0  86.0  2.864
2.905  920.0  85.0  2.884
2.926  920.0  85.0  2.905
2.926  920.0  85.0  2.905
2.947  920.0  85.0  2.905
2.967  919.0  85.0  2.947
2.989  919.0  85.0  2.967
3.019  920.0  84.0  2.989
3.019  920.0  84.0  2.989
3.04  919.0  85.0  3.019
3.061  919.0  85.0  3.019
3.082  918.0  85.0  3.061
3.082  918.0  85.0  3.082
3.102  919.0  85.0  3.082
3.124  920.0  85.0  3.102
3.144  920.0  86.0  3.124
3.144  920.0  86.0  3.124
3.165  920.0  84.0  3.165
3.186  920.0  84.0  3.165
3.207  919.0  85.0  3.186
3.227  920.0  86.0  3.207
3.248  920.0  84.0  3.227
3.248  920.0  84.0  3.227
3.269  919.0  84.0  3.227
3.29  919.0  84.0  3.269
3.31  919.0  85.0  3.29
3.31  919.0  84.0  3.31
3.332  920.0  84.0  3.332
3.352  920.0  84.0  3.332
3.373  920.0  84.0  3.332
3.394  920.0  85.0  3.373
3.394  920.0  85.0  3.394
3.415  920.0  84.0  3.415
3.435  920.0  84.0  3.415
3.457  920.0  85.0  3.435
3.477  920.0  85.0  3.435
3.477  920.0  85.0  3.477
3.497  920.0  84.0  3.497
3.519  919.0  84.0  3.497
3.539  920.0  84.0  3.519
3.56  920.0  85.0  3.539
3.56  920.0  85.0  3.539
3.58  920.0  84.0  3.58
3.612  920.0  84.0  3.58
3.622  918.0  84.0  3.612
3.654  919.0  85.0  3.622
3.654  919.0  85.0  3.622
3.664  920.0  85.0  3.664
3.685  920.0  85.0  3.664
3.705  919.0  84.0  3.685
3.705  919.0  85.0  3.705
3.737  920.0  85.0  3.737
3.758  920.0  84.0  3.758
3.778  920.0  84.0  3.758
3.8  920.0  84.0  3.758
3.8  920.0  85.0  3.8
3.82  920.0  83.0  3.82
3.841  920.0  83.0  3.82
3.862  919.0  82.0  3.841
3.883  920.0  82.0  3.862
3.883  920.0  82.0  3.862
3.903  919.0  84.0  3.903
3.924  920.0  84.0  3.903
3.945  920.0  84.0  3.924
3.965  920.0  85.0  3.945
3.965  920.0  86.0  3.965
3.987  920.0  85.0  3.987
4.007  919.0  85.0  3.987
4.028  920.0  85.0  3.987
4.038  920.0  80.0  4.028
4.048  920.0  86.0  4.048
4.07  919.0  86.0  4.07
4.09  920.0  86.0  4.07
4.111  919.0  86.0  4.07
4.111  919.0  85.0  4.111
4.143  919.0  86.0  4.143
4.153  920.0  86.0  4.143
4.173  920.0  86.0  4.153
4.195  920.0  85.0  4.173
4.195  920.0  86.0  4.195
4.215  921.0  86.0  4.195
4.236  920.0  87.0  4.236
4.257  919.0  87.0  4.236
4.257  919.0  86.0  4.257
4.288  920.0  86.0  4.288
4.308  920.0  86.0  4.288
4.33  920.0  86.0  4.288
4.35  918.0  86.0  4.33
4.371  920.0  86.0  4.33
4.371  920.0  86.0  4.33
4.392  920.0  86.0  4.371
4.413  918.0  86.0  4.392
4.433  920.0  86.0  4.413
4.433  920.0  85.0  4.433
4.455  920.0  85.0  4.433
4.475  920.0  85.0  4.433
4.496  920.0  86.0  4.475
4.517  920.0  86.0  4.496
4.517  920.0  85.0  4.517
4.538  920.0  85.0  4.517
4.558  920.0  85.0  4.538
4.579  920.0  85.0  4.538
4.6  920.0  86.0  4.579
4.6  920.0  86.0  4.6
4.621  920.0  86.0  4.6
4.641  919.0  86.0  4.621
4.663  919.0  87.0  4.641
4.683  920.0  87.0  4.663
4.683  920.0  87.0  4.663
4.704  919.0  87.0  4.663
4.725  920.0  86.0  4.704
4.746  920.0  87.0  4.725
4.766  920.0  86.0  4.746
4.766  920.0  86.0  4.746
4.798  920.0  86.0  4.746
4.818  920.0  85.0  4.798
4.818  920.0  85.0  4.818
4.839  920.0  86.0  4.839
4.86  920.0  86.0  4.839
4.881  920.0  85.0  4.86
4.901  920.0  85.0  4.86
4.901  920.0  85.0  4.901
4.923  920.0  83.0  4.923
4.943  920.0  83.0  4.923
4.964  920.0  85.0  4.943
4.985  920.0  86.0  4.964
4.985  920.0  87.0  4.985
5.006  919.0  87.0  4.985
5.026  919.0  87.0  4.985
5.047  920.0  87.0  5.026
5.068  920.0  86.0  5.047
5.068  920.0  86.0  5.068
5.089  920.0  86.0  5.068
5.109  920.0  86.0  5.068
5.131  920.0  88.0  5.109
5.131  920.0  86.0  5.131
5.151  920.0  87.0  5.151
5.172  920.0  88.0  5.172
5.193  919.0  88.0  5.172
5.214  920.0  86.0  5.193
5.214  920.0  86.0  5.193
5.234  919.0  81.0  5.234
5.256  920.0  81.0  5.234
5.286  920.0  82.0  5.256
5.307  920.0  89.0  5.286
5.307  920.0  89.0  5.307
5.328  919.0  89.0  5.307
5.349  920.0  89.0  5.307
5.369  920.0  90.0  5.349
5.391  919.0  90.0  5.369
5.391  919.0  89.0  5.391
5.411  920.0  88.0  5.411
5.432  920.0  88.0  5.411
5.453  920.0  88.0  5.411
5.453  920.0  89.0  5.453
5.474  920.0  88.0  5.474
5.494  920.0  88.0  5.494
5.516  920.0  88.0  5.494
5.536  920.0  88.0  5.516
5.536  920.0  88.0  5.516
5.557  920.0  88.0  5.557
5.577  920.0  88.0  5.557
5.599  920.0  88.0  5.577
5.599  920.0  88.0  5.599
5.619  920.0  88.0  5.619
5.64  920.0  88.0  5.619
5.661  920.0  88.0  5.619
5.682  920.0  87.0  5.661
5.682  920.0  87.0  5.682
5.702  920.0  88.0  5.702
5.724  920.0  87.0  5.724
5.754  920.0  87.0  5.754
5.775  920.0  87.0  5.754
5.775  920.0  87.0  5.754
5.796  920.0  88.0  5.796
5.817  920.0  87.0  5.817
5.837  920.0  87.0  5.817
5.859  918.0  87.0  5.837
5.879  920.0  88.0  5.859
5.879  920.0  88.0  5.859
5.9  920.0  87.0  5.9
5.921  919.0  87.0  5.921
5.942  921.0  87.0  5.921
5.962  916.0  88.0  5.942
5.962  916.0  88.0  5.942
5.984  889.0  90.0  5.984
6.004  853.0  90.0  5.984
6.025  814.0  92.0  6.004
6.025  814.0  92.0  6.025
6.045  773.0  93.0  6.045
6.067  727.0  92.0  6.067
6.087  682.0  92.0  6.067
6.108  638.0  92.0  6.067
6.108  638.0  93.0  6.108
6.129  593.0  98.0  6.129
6.15  552.0  94.0  6.15
6.17  510.0  94.0  6.15
6.17  510.0  104.0  6.17
6.192  473.0  104.0  6.17
6.212  435.0  104.0  6.212
6.233  400.0  104.0  6.233
6.264  354.0  104.0  6.233
6.264  354.0  103.0  6.264
6.285  330.0  103.0  6.264
6.305  308.0  107.0  6.305
6.327  289.0  104.0  6.327
6.347  274.0  104.0  6.327
6.347  274.0  106.0  6.347
6.368  262.0  106.0  6.368
6.389  254.0  102.0  6.389
6.41  250.0  102.0  6.389
6.41  250.0  102.0  6.389
6.43  250.0  94.0  6.43
6.452  250.0  94.0  6.452
6.472  249.0  93.0  6.472
6.493  249.0  93.0  6.472
6.493  249.0  93.0  6.472
6.514  248.0  92.0  6.514
6.535  264.0  90.0  6.535
6.555  291.0  91.0  6.555
6.576  313.0  91.0  6.555
6.576  313.0  89.0  6.576
6.597  341.0  90.0  6.597
6.618  373.0  90.0  6.597
6.638  411.0  91.0  6.638
6.66  449.0  88.0  6.66
6.66  449.0  88.0  6.66
6.68  494.0  88.0  6.67
6.701  538.0  88.0  6.67
6.722  585.0  88.0  6.701
6.722  585.0  88.0  6.701
6.743  635.0  88.0  6.722
6.773  703.0  87.0  6.743
6.785  726.0  86.0  6.773
6.815  793.0  85.0  6.785
6.815  793.0  85.0  6.785
6.836  834.0  85.0  6.785
6.857  876.0  80.0  6.836
6.867  892.0  80.0  6.857
6.888  924.0  80.0  6.867
6.888  924.0  80.0  6.867
6.908  953.0  80.0  6.867
6.94  986.0  79.0  6.908
6.961  1002.0  80.0  6.94
6.972  1007.0  82.0  6.972
6.972  1007.0  82.0  6.972
6.995  1014.0  85.0  6.972
7.018  1016.0  87.0  6.995
7.041  1015.0  87.0  6.995
7.064  997.0  88.0  7.041
7.064  997.0  88.0  7.041
7.085  971.0  88.0  7.064
7.105  951.0  88.0  7.085
7.127  928.0  88.0  7.105
7.147  890.0  88.0  7.105
7.147  890.0  88.0  7.105
7.168  851.0  90.0  7.147
7.189  806.0  91.0  7.168
7.209  765.0  93.0  7.189
7.209  765.0  94.0  7.209
7.23  717.0  94.0  7.209
7.251  673.0  94.0  7.209
7.272  627.0  95.0  7.251
7.292  585.0  94.0  7.272
7.292  585.0  92.0  7.292
7.314  543.0  92.0  7.292
7.334  501.0  93.0  7.314
7.355  463.0  93.0  7.314
7.375  426.0  102.0  7.355
7.375  426.0  102.0  7.355
7.397  392.0  106.0  7.375
7.417  361.0  105.0  7.397
7.438  335.0  105.0  7.417
7.459  311.0  105.0  7.417
7.459  311.0  105.0  7.417
7.48  291.0  107.0  7.459
7.5  275.0  108.0  7.48
7.522  261.0  107.0  7.5
7.542  254.0  102.0  7.522
7.542  254.0  102.0  7.522
7.573  249.0  102.0  7.522
7.595  249.0  97.0  7.573
7.615  249.0  95.0  7.595
7.615  249.0  93.0  7.615
7.635  249.0  93.0  7.615
7.657  248.0  92.0  7.635
7.677  252.0  92.0  7.635
7.698  274.0  92.0  7.677
7.719  297.0  91.0  7.698
7.719  297.0  91.0  7.698
7.74  321.0  92.0  7.719
7.76  350.0  90.0  7.74
7.771  365.0  90.0  7.74
7.771  365.0  89.0  7.771
7.802  424.0  89.0  7.771
7.823  463.0  89.0  7.802
7.844  509.0  90.0  7.823
7.865  554.0  88.0  7.844
7.865  554.0  88.0  7.844
7.885  604.0  88.0  7.844
7.906  653.0  88.0  7.885
7.927  698.0  88.0  7.906
7.948  746.0  87.0  7.927
7.968  790.0  81.0  7.948
7.968  790.0  81.0  7.948
7.99  834.0  81.0  7.948
8.01  873.0  81.0  7.99
8.031  906.0  80.0  8.01
8.052  938.0  80.0  8.031
8.052  938.0  80.0  8.031
8.073  963.0  81.0  8.052
8.093  986.0  81.0  8.052
8.115  1000.0  81.0  8.093
8.115  1000.0  81.0  8.093
8.137  1012.0  81.0  8.115
8.16  1016.0  85.0  8.137
8.171  1014.0  88.0  8.16
8.195  1015.0  88.0  8.16
8.195  1015.0  88.0  8.16
8.217  1000.0  88.0  8.195
8.239  972.0  88.0  8.217
8.26  951.0  89.0  8.239
8.26  951.0  89.0  8.26
8.281  931.0  89.0  8.26
8.301  893.0  90.0  8.281
8.323  853.0  90.0  8.281
8.343  812.0  94.0  8.323
8.343  812.0  95.0  8.343
8.364  767.0  95.0  8.343
8.395  697.0  94.0  8.364
8.416  652.0  94.0  8.364
8.436  608.0  95.0  8.416
8.436  608.0  96.0  8.436
8.458  566.0  96.0  8.436
8.478  523.0  95.0  8.458
8.499  482.0  95.0  8.478
8.52  443.0  95.0  8.478
8.52  443.0  100.0  8.52
8.541  407.0  100.0  8.52
8.561  377.0  97.0  8.541
8.583  347.0  95.0  8.561
8.583  347.0  97.0  8.583
8.603  323.0  97.0  8.583
8.624  300.0  97.0  8.583
8.645  283.0  95.0  8.624
8.666  268.0  94.0  8.645
8.666  268.0  95.0  8.666
8.686  257.0  95.0  8.666
8.707  252.0  95.0  8.686
8.728  249.0  93.0  8.707
8.749  249.0  93.0  8.707
8.749  249.0  94.0  8.749
8.769  249.0  94.0  8.749
8.791  249.0  94.0  8.769
8.811  249.0  92.0  8.791
8.832  251.0  91.0  8.811
8.832  251.0  91.0  8.811
8.853  271.0  91.0  8.811
8.873  294.0  91.0  8.853
8.894  317.0  91.0  8.873
8.894  317.0  90.0  8.894
8.915  348.0  90.0  8.894
8.936  382.0  91.0  8.915
8.956  420.0  91.0  8.915
8.978  462.0  88.0  8.956
8.978  462.0  88.0  8.978
9.009  531.0  88.0  8.978
9.019  555.0  87.0  9.009
9.039  605.0  87.0  9.019
9.071  678.0  87.0  9.019
9.071  678.0  86.0  9.071
9.092  721.0  86.0  9.071
9.113  768.0  87.0  9.092
9.134  810.0  82.0  9.113
9.134  810.0  81.0  9.134
9.154  854.0  78.0  9.154
9.176  890.0  78.0  9.154
9.196  924.0  78.0  9.154
9.217  952.0  79.0  9.196
9.217  952.0  78.0  9.217
9.237  974.0  78.0  9.217
9.259  993.0  79.0  9.237
9.28  1006.0  79.0  9.237
9.303  1015.0  83.0  9.28
9.303  1015.0  84.0  9.303
9.315  1014.0  86.0  9.315
9.337  1015.0  86.0  9.315
9.36  1015.0  88.0  9.337
9.383  1001.0  88.0  9.337
9.383  1001.0  88.0  9.383
9.405  978.0  88.0  9.383
9.425  954.0  87.0  9.405
9.447  915.0  88.0  9.425
9.467  872.0  91.0  9.447
9.467  872.0  91.0  9.447
9.488  829.0  91.0  9.488
9.509  786.0  91.0  9.488
9.53  739.0  93.0  9.509
9.55  693.0  93.0  9.53
9.55  693.0  92.0  9.55
9.571  647.0  92.0  9.55
9.592  600.0  92.0  9.55
9.613  561.0  93.0  9.592
9.613  561.0  94.0  9.613
9.633  516.0  100.0  9.633
9.655  476.0  100.0  9.633
9.675  436.0  95.0  9.655
9.696  401.0  95.0  9.655
9.696  401.0  99.0  9.696
9.728  352.0  95.0  9.728
9.738  340.0  95.0  9.728
9.758  317.0  96.0  9.738
9.758  317.0  96.0  9.738
9.78  295.0  98.0  9.78
9.81  273.0  104.0  9.81
9.831  260.0  104.0  9.81
9.852  254.0  102.0  9.831
9.873  248.0  94.0  9.852
9.873  248.0  95.0  9.873
9.893  248.0  95.0  9.873
9.915  248.0  95.0  9.873
9.935  248.0  93.0  9.915
9.935  248.0  93.0  9.935
9.956  248.0  91.0  9.956
9.977  247.0  91.0  9.956
9.998  261.0  90.0  9.977
10.019  288.0  90.0  9.977
10.019  288.0  90.0  10.019
10.043  314.0  90.0  10.043
10.054  329.0  90.0  10.043
10.077  357.0  89.0  10.054
10.099  386.0  89.0  10.077
10.099  386.0  89.0  10.077
10.123  410.0  89.0  10.077
10.145  427.0  91.0  10.123
10.168  444.0  89.0  10.145
10.18  451.0  89.0  10.168
10.18  451.0  91.0  10.18
10.203  460.0  91.0  10.18
10.225  463.0  91.0  10.18
10.249  463.0  90.0  10.225
10.271  463.0  90.0  10.249
10.271  463.0  91.0  10.271
10.283  463.0  91.0  10.271
10.317  463.0  91.0  10.283
10.329  463.0  91.0  10.283
10.351  463.0  90.0  10.329
10.351  463.0  90.0  10.351
10.375  462.0  90.0  10.351
10.397  463.0  91.0  10.375
10.42  463.0  90.0  10.397
10.42  463.0  90.0  10.397
10.443  463.0  90.0  10.397
10.455  462.0  90.0  10.443
10.477  463.0  91.0  10.455
10.5  463.0  90.0  10.477
10.5  463.0  90.0  10.5
10.546  463.0  91.0  10.523
10.546  463.0  91.0  10.523
10.568  462.0  91.0  10.523
10.592  462.0  91.0  10.568
10.592  462.0  90.0  10.592
10.603  463.0  90.0  10.592
10.626  463.0  90.0  10.614
10.649  463.0  90.0  10.626
10.672  463.0  90.0  10.649
10.672  463.0  90.0  10.649
10.694  463.0  90.0  10.649
10.718  462.0  90.0  10.694
10.74  463.0  90.0  10.718
10.752  463.0  90.0  10.74
10.752  463.0  90.0  10.74
10.775  462.0  90.0  10.752
10.798  463.0  90.0  10.752
10.82  463.0  91.0  10.798
10.844  462.0  90.0  10.82
10.844  462.0  90.0  10.844
10.866  463.0  90.0  10.844
10.877  462.0  91.0  10.877
10.9  463.0  91.0  10.877
10.924  462.0  90.0  10.9
10.924  462.0  89.0  10.924
10.969  463.0  90.0  10.946
10.969  463.0  90.0  10.946
10.992  463.0  90.0  10.946
11.015  462.0  90.0  10.992
11.026  463.0  90.0  11.015
11.049  463.0  90.0  11.026
