133.316  795.0  133.316  18.0
133.316  795.0  133.316  18.0
133.316  795.0  133.316  18.0
133.316  795.0  133.316  18.0
133.316  795.0  133.316  18.0
133.316  795.0  133.316  18.0
133.316  795.0  133.316  18.0
133.316  795.0  133.316  18.0
133.316  795.0  133.316  18.0
133.316  795.0  133.316  18.0
133.316  795.0  133.316  18.0
133.316  795.0  133.316  18.0
133.316  795.0  133.316  18.0
133.316  795.0  133.316  18.0
133.316  795.0  133.316  18.0
133.316  795.0  133.316  18.0
133.316  795.0  133.316  18.0
133.316  795.0  133.316  18.0
133.316  795.0  133.316  18.0
133.316  795.0  133.316  18.0
133.316  795.0  133.316  18.0
133.316  795.0  133.316  18.0
133.316  795.0  133.316  18.0
133.316  795.0  133.316  18.0
133.316  795.0  133.316  18.0
133.316  795.0  133.316  18.0
133.316  795.0  133.316  18.0
133.316  795.0  133.316  18.0
133.316  795.0  133.316  18.0
133.316  795.0  133.316  18.0
133.316  795.0  133.316  18.0
133.316  795.0  133.316  18.0
133.316  795.0  133.316  18.0
133.316  795.0  133.316  18.0
133.316  795.0  133.316  18.0
133.316  795.0  133.316  18.0
133.316  795.0  133.316  18.0
133.316  795.0  133.316  18.0
133.316  795.0  133.316  18.0
133.316  795.0  133.316  18.0
133.316  795.0  133.316  18.0
133.316  795.0  133.316  18.0
133.316  795.0  133.316  18.0
0.0  795.0  133.316  18.0
0.0020  794.0  133.316  18.0
0.0020  794.0  0.0020  11023.0
0.0050  795.0  0.0020  18.0
0.0050  795.0  0.0020  18.0
0.028  794.0  0.0020  18.0
0.053  795.0  0.028  17.0
0.053  795.0  0.053  18.0
0.07  795.0  0.07  18.0
0.095  795.0  0.095  17.0
0.112  795.0  0.095  17.0
0.132  795.0  0.095  17.0
0.132  795.0  0.132  17.0
0.15  794.0  0.15  18.0
0.178  794.0  0.178  18.0
0.197  795.0  0.178  18.0
0.216  795.0  0.197  18.0
0.216  795.0  0.197  18.0
0.234  795.0  0.234  18.0
0.263  795.0  0.263  18.0
0.281  795.0  0.263  18.0
0.281  795.0  0.281  17.0
0.3  795.0  0.3  18.0
0.328  794.0  0.3  18.0
0.347  794.0  0.3  18.0
0.365  795.0  0.347  18.0
0.365  795.0  0.365  18.0
0.384  794.0  0.384  17.0
0.403  795.0  0.403  18.0
0.431  795.0  0.403  18.0
0.449  795.0  0.431  18.0
0.449  795.0  0.431  18.0
0.468  794.0  0.468  17.0
0.496  795.0  0.496  18.0
0.515  795.0  0.496  18.0
0.515  795.0  0.515  18.0
0.534  794.0  0.534  17.0
0.562  795.0  0.534  17.0
0.58  795.0  0.534  17.0
0.6  795.0  0.58  17.0
0.618  795.0  0.6  19.0
0.618  795.0  0.618  18.0
0.636  795.0  0.636  18.0
0.665  795.0  0.636  18.0
0.684  795.0  0.665  18.0
0.684  795.0  0.665  18.0
0.702  795.0  0.702  18.0
0.731  795.0  0.731  17.0
0.749  794.0  0.749  18.0
0.768  794.0  0.749  18.0
0.777  795.0  0.768  18.0
0.824  795.0  0.777  18.0
0.824  795.0  0.777  18.0
0.862  795.0  0.824  18.0
0.862  795.0  0.824  18.0
0.927  795.0  0.927  18.0
0.946  795.0  0.927  18.0
0.946  795.0  0.927  18.0
0.964  795.0  0.964  18.0
0.993  795.0  0.993  17.0
1.002  795.0  0.993  17.0
1.012  795.0  0.993  17.0
1.033  795.0  0.993  17.0
1.053  795.0  1.033  18.0
1.075  794.0  1.053  18.0
1.095  795.0  1.075  17.0
1.095  795.0  1.075  17.0
1.116  795.0  1.095  18.0
1.137  795.0  1.116  18.0
1.158  794.0  1.116  18.0
1.178  795.0  1.158  17.0
1.178  795.0  1.158  17.0
1.2  795.0  1.178  17.0
1.22  794.0  1.2  18.0
1.241  795.0  1.22  18.0
1.262  794.0  1.22  18.0
1.262  794.0  1.22  18.0
1.283  794.0  1.262  17.0
1.303  795.0  1.283  18.0
1.325  795.0  1.303  18.0
1.325  795.0  1.303  18.0
1.345  794.0  1.325  17.0
1.366  795.0  1.345  18.0
1.386  795.0  1.345  18.0
1.408  794.0  1.386  18.0
1.408  794.0  1.386  18.0
1.428  795.0  1.408  17.0
1.46  795.0  1.428  17.0
1.48  794.0  1.46  18.0
1.501  794.0  1.46  18.0
1.501  794.0  1.46  18.0
1.522  795.0  1.501  18.0
1.543  795.0  1.522  17.0
1.563  795.0  1.543  18.0
1.563  795.0  1.563  19.0
1.584  795.0  1.563  19.0
1.605  795.0  1.563  19.0
1.626  795.0  1.605  17.0
1.646  795.0  1.626  18.0
1.646  795.0  1.646  18.0
1.668  795.0  1.646  18.0
1.688  795.0  1.668  18.0
1.709  795.0  1.668  18.0
1.73  795.0  1.709  17.0
1.73  795.0  1.73  18.0
1.751  795.0  1.73  18.0
1.771  794.0  1.751  18.0
1.793  795.0  1.771  17.0
1.793  795.0  1.771  17.0
1.813  795.0  1.813  18.0
1.833  795.0  1.813  18.0
1.855  794.0  1.833  18.0
1.875  795.0  1.855  17.0
1.875  795.0  1.875  17.0
1.896  795.0  1.875  17.0
1.928  794.0  1.896  18.0
1.948  795.0  1.896  18.0
1.958  795.0  1.948  18.0
1.969  795.0  1.969  18.0
1.99  795.0  1.969  18.0
2.011  795.0  1.99  18.0
2.031  795.0  2.011  18.0
2.031  795.0  2.011  18.0
2.052  794.0  2.052  17.0
2.073  794.0  2.052  17.0
2.094  795.0  2.073  18.0
2.114  794.0  2.094  18.0
2.114  794.0  2.114  18.0
2.136  795.0  2.114  18.0
2.156  795.0  2.114  18.0
2.177  794.0  2.156  17.0
2.198  795.0  2.177  18.0
2.198  795.0  2.198  18.0
2.219  793.0  2.219  17.0
2.239  794.0  2.219  17.0
2.26  795.0  2.219  17.0
2.281  794.0  2.26  18.0
2.281  794.0  2.281  19.0
2.301  795.0  2.301  17.0
2.323  795.0  2.301  17.0
2.343  795.0  2.323  18.0
2.364  795.0  2.343  19.0
2.364  795.0  2.343  19.0
2.384  794.0  2.384  18.0
2.406  795.0  2.384  18.0
2.426  795.0  2.406  17.0
2.447  795.0  2.426  18.0
2.447  795.0  2.447  18.0
2.468  795.0  2.447  18.0
2.489  795.0  2.447  18.0
2.509  795.0  2.509  17.0
2.531  794.0  2.509  17.0
2.531  794.0  2.531  19.0
2.551  795.0  2.551  18.0
2.572  795.0  2.551  18.0
2.593  795.0  2.572  18.0
2.614  795.0  2.572  18.0
2.614  795.0  2.614  18.0
2.634  795.0  2.634  18.0
2.666  795.0  2.634  18.0
2.686  795.0  2.666  17.0
2.707  795.0  2.666  17.0
2.707  795.0  2.707  18.0
2.728  796.0  2.728  18.0
2.749  795.0  2.728  18.0
2.769  794.0  2.749  17.0
2.769  794.0  2.769  17.0
2.791  795.0  2.769  17.0
2.811  795.0  2.811  18.0
2.832  795.0  2.811  18.0
2.853  795.0  2.832  18.0
2.874  795.0  2.853  17.0
2.874  795.0  2.874  18.0
2.894  795.0  2.894  18.0
2.915  794.0  2.894  18.0
2.936  795.0  2.894  18.0
2.936  795.0  2.936  17.0
2.957  795.0  2.957  18.0
2.977  795.0  2.977  18.0
2.999  795.0  2.977  18.0
3.019  795.0  2.977  18.0
3.019  795.0  3.019  17.0
3.04  795.0  3.04  17.0
3.061  795.0  3.061  18.0
3.082  795.0  3.061  18.0
3.102  795.0  3.082  18.0
3.102  795.0  3.102  17.0
3.124  795.0  3.124  18.0
3.144  794.0  3.124  18.0
3.165  795.0  3.124  18.0
3.165  795.0  3.165  18.0
3.196  795.0  3.196  17.0
3.217  795.0  3.196  17.0
3.237  795.0  3.217  17.0
3.237  795.0  3.237  18.0
3.259  794.0  3.259  18.0
3.279  795.0  3.259  18.0
3.3  795.0  3.279  17.0
3.3  795.0  3.279  17.0
3.332  794.0  3.332  18.0
3.352  795.0  3.332  18.0
3.373  794.0  3.352  18.0
3.373  794.0  3.373  17.0
3.394  795.0  3.394  17.0
3.415  795.0  3.394  17.0
3.435  795.0  3.415  18.0
3.457  795.0  3.415  18.0
3.457  795.0  3.457  17.0
3.477  794.0  3.477  17.0
3.497  795.0  3.477  17.0
3.519  795.0  3.497  18.0
3.519  795.0  3.519  18.0
3.55  795.0  3.519  18.0
3.57  794.0  3.519  18.0
3.592  794.0  3.57  18.0
3.592  794.0  3.57  18.0
3.612  795.0  3.612  18.0
3.633  795.0  3.612  18.0
3.654  795.0  3.633  17.0
3.654  795.0  3.654  17.0
3.675  795.0  3.675  18.0
3.695  794.0  3.675  18.0
3.716  794.0  3.695  17.0
3.716  794.0  3.695  17.0
3.737  795.0  3.737  17.0
3.768  795.0  3.768  18.0
3.789  795.0  3.768  18.0
3.8  795.0  3.789  18.0
3.8  795.0  3.8  17.0
3.82  795.0  3.8  17.0
3.852  795.0  3.852  18.0
3.872  796.0  3.852  18.0
3.872  796.0  3.872  18.0
3.893  795.0  3.893  17.0
3.913  795.0  3.913  17.0
3.935  795.0  3.913  17.0
3.955  795.0  3.913  17.0
3.976  795.0  3.955  18.0
3.976  795.0  3.976  18.0
3.997  795.0  3.997  17.0
4.018  795.0  3.997  17.0
4.018  795.0  4.018  18.0
4.048  795.0  4.018  18.0
4.07  794.0  4.048  18.0
4.09  795.0  4.07  17.0
4.111  795.0  4.09  17.0
4.111  795.0  4.09  17.0
4.132  795.0  4.111  19.0
4.153  795.0  4.132  18.0
4.173  795.0  4.132  18.0
4.173  795.0  4.132  18.0
4.195  795.0  4.173  17.0
4.215  794.0  4.195  18.0
4.236  795.0  4.215  18.0
4.236  795.0  4.236  17.0
4.257  795.0  4.236  17.0
4.288  795.0  4.257  18.0
4.308  795.0  4.257  18.0
4.33  795.0  4.257  18.0
4.33  795.0  4.33  18.0
4.371  795.0  4.35  17.0
4.392  795.0  4.371  17.0
4.413  795.0  4.392  18.0
4.433  795.0  4.413  18.0
4.433  795.0  4.433  17.0
4.455  795.0  4.433  17.0
4.475  795.0  4.433  17.0
4.496  795.0  4.475  18.0
4.496  795.0  4.496  18.0
4.517  794.0  4.517  17.0
4.538  795.0  4.538  17.0
4.558  795.0  4.538  17.0
4.579  795.0  4.538  17.0
4.579  795.0  4.579  18.0
4.6  795.0  4.6  17.0
4.621  795.0  4.621  17.0
4.641  794.0  4.621  17.0
4.641  794.0  4.641  18.0
4.663  794.0  4.663  18.0
4.683  795.0  4.663  18.0
4.704  795.0  4.704  17.0
4.725  794.0  4.725  18.0
4.725  794.0  4.725  18.0
4.756  795.0  4.756  18.0
4.776  795.0  4.776  17.0
4.798  795.0  4.776  17.0
4.808  794.0  4.776  17.0
4.818  795.0  4.818  17.0
4.839  795.0  4.839  18.0
4.86  795.0  4.86  18.0
4.881  795.0  4.86  18.0
4.881  795.0  4.881  17.0
4.923  795.0  4.901  18.0
4.923  795.0  4.901  18.0
4.943  794.0  4.943  18.0
4.964  794.0  4.964  17.0
5.006  794.0  4.985  17.0
5.006  794.0  5.006  18.0
5.026  795.0  5.006  18.0
5.047  795.0  5.006  18.0
5.047  795.0  5.047  17.0
5.068  795.0  5.068  17.0
5.089  794.0  5.089  18.0
5.109  794.0  5.109  18.0
5.131  794.0  5.109  18.0
5.131  794.0  5.109  18.0
5.151  795.0  5.151  17.0
5.172  794.0  5.172  18.0
5.193  795.0  5.193  18.0
5.214  795.0  5.193  18.0
5.214  795.0  5.214  17.0
5.234  795.0  5.234  17.0
5.256  794.0  5.234  17.0
5.276  795.0  5.276  18.0
5.297  794.0  5.276  18.0
5.297  794.0  5.297  18.0
5.318  795.0  5.318  17.0
5.349  794.0  5.349  18.0
5.369  795.0  5.349  18.0
5.391  795.0  5.349  18.0
5.391  795.0  5.391  18.0
5.401  794.0  5.401  17.0
5.422  795.0  5.422  17.0
5.442  794.0  5.422  17.0
5.442  794.0  5.442  18.0
5.464  795.0  5.464  17.0
5.494  795.0  5.464  17.0
5.516  795.0  5.516  17.0
5.536  795.0  5.516  17.0
5.536  795.0  5.536  18.0
5.557  794.0  5.557  18.0
5.577  796.0  5.557  18.0
5.599  828.0  5.599  17.0
5.599  828.0  5.599  17.0
5.619  856.0  5.599  18.0
5.64  880.0  5.619  19.0
5.661  913.0  5.64  17.0
5.661  913.0  5.661  17.0
5.682  936.0  5.661  17.0
5.702  955.0  5.661  17.0
5.734  984.0  5.702  18.0
5.754  996.0  5.734  18.0
5.754  996.0  5.754  17.0
5.765  1001.0  5.754  17.0
5.788  1011.0  5.765  18.0
5.811  1016.0  5.765  18.0
5.833  1016.0  5.811  18.0
5.833  1016.0  5.811  18.0
5.857  1016.0  5.833  17.0
5.879  1010.0  5.857  17.0
5.902  986.0  5.879  18.0
5.923  966.0  5.879  18.0
5.944  953.0  5.923  17.0
5.944  953.0  5.923  17.0
5.964  934.0  5.944  17.0
5.964  934.0  5.964  18.0
5.986  906.0  5.986  18.0
6.006  876.0  5.986  18.0
6.037  828.0  5.986  18.0
6.048  812.0  6.037  17.0
6.079  759.0  6.048  18.0
6.079  759.0  6.079  18.0
6.099  726.0  6.079  18.0
6.121  690.0  6.099  16.0
6.141  651.0  6.099  16.0
6.141  651.0  6.141  17.0
6.162  615.0  6.162  18.0
6.183  582.0  6.162  18.0
6.204  545.0  6.183  17.0
6.204  545.0  6.204  17.0
6.224  512.0  6.224  17.0
6.245  480.0  6.224  17.0
6.266  450.0  6.224  17.0
6.287  420.0  6.266  17.0
6.287  420.0  6.287  16.0
6.307  393.0  6.307  17.0
6.329  369.0  6.329  18.0
6.349  348.0  6.329  18.0
6.37  328.0  6.329  18.0
6.37  328.0  6.37  16.0
6.391  309.0  6.391  16.0
6.412  295.0  6.391  16.0
6.432  281.0  6.432  17.0
6.454  269.0  6.432  17.0
6.454  269.0  6.432  17.0
6.474  261.0  6.474  16.0
6.495  255.0  6.495  17.0
6.516  253.0  6.495  17.0
6.537  252.0  6.516  17.0
6.537  252.0  6.537  16.0
6.557  252.0  6.557  17.0
6.578  251.0  6.557  17.0
6.599  251.0  6.557  17.0
6.62  251.0  6.599  18.0
6.62  251.0  6.62  17.0
6.64  250.0  6.64  16.0
6.662  255.0  6.662  17.0
6.682  276.0  6.662  17.0
6.703  293.0  6.662  17.0
6.703  293.0  6.703  17.0
6.724  311.0  6.724  16.0
6.745  335.0  6.724  16.0
6.765  359.0  6.745  17.0
6.787  387.0  6.765  18.0
6.787  387.0  6.765  18.0
6.807  415.0  6.807  17.0
6.828  451.0  6.807  17.0
6.859  508.0  6.828  16.0
6.859  508.0  6.859  18.0
6.88  543.0  6.88  18.0
6.9  580.0  6.9  17.0
6.922  619.0  6.9  17.0
6.942  656.0  6.9  17.0
6.942  656.0  6.942  17.0
6.963  695.0  6.963  18.0
6.984  735.0  6.984  17.0
7.005  769.0  6.984  17.0
7.005  769.0  6.984  17.0
7.025  806.0  7.025  17.0
7.047  841.0  7.047  18.0
7.067  870.0  7.067  17.0
7.088  901.0  7.067  17.0
7.088  901.0  7.088  17.0
7.108  926.0  7.108  18.0
7.13  946.0  7.108  18.0
7.15  969.0  7.15  18.0
7.171  985.0  7.15  18.0
7.192  998.0  7.171  17.0
7.192  998.0  7.192  17.0
7.214  1008.0  7.214  18.0
7.236  1015.0  7.214  18.0
7.248  1015.0  7.214  18.0
7.271  1015.0  7.248  17.0
7.271  1015.0  7.271  17.0
7.293  1015.0  7.293  18.0
7.317  1006.0  7.317  17.0
7.339  984.0  7.317  17.0
7.339  984.0  7.317  17.0
7.359  962.0  7.359  17.0
7.38  947.0  7.38  17.0
7.401  923.0  7.401  18.0
7.421  894.0  7.401  18.0
7.421  894.0  7.421  17.0
7.442  861.0  7.442  17.0
7.463  828.0  7.442  17.0
7.484  795.0  7.442  17.0
7.484  795.0  7.484  18.0
7.516  744.0  7.516  17.0
7.536  709.0  7.516  17.0
7.557  672.0  7.536  16.0
7.557  672.0  7.557  17.0
7.578  632.0  7.578  18.0
7.599  595.0  7.599  16.0
7.619  563.0  7.599  16.0
7.64  526.0  7.599  16.0
7.64  526.0  7.64  17.0
7.661  494.0  7.661  18.0
7.682  463.0  7.682  17.0
7.702  433.0  7.682  17.0
7.702  433.0  7.702  16.0
7.724  405.0  7.702  16.0
7.744  381.0  7.744  17.0
7.764  358.0  7.744  17.0
7.796  327.0  7.764  17.0
7.796  327.0  7.796  16.0
7.817  310.0  7.817  17.0
7.837  294.0  7.837  18.0
7.859  281.0  7.837  18.0
7.879  269.0  7.837  18.0
7.879  269.0  7.879  16.0
7.889  264.0  7.889  16.0
7.921  255.0  7.921  18.0
7.942  252.0  7.921  18.0
7.942  252.0  7.942  17.0
7.962  251.0  7.942  17.0
7.984  251.0  7.984  17.0
8.004  251.0  8.004  17.0
8.025  251.0  8.004  17.0
8.025  251.0  8.025  18.0
8.046  251.0  8.046  16.0
8.067  250.0  8.046  16.0
8.087  259.0  8.087  17.0
8.108  280.0  8.087  17.0
8.108  280.0  8.108  18.0
8.129  297.0  8.129  17.0
8.15  318.0  8.15  16.0
8.17  342.0  8.15  16.0
8.181  353.0  8.15  16.0
8.192  368.0  8.192  18.0
8.212  397.0  8.212  17.0
8.232  429.0  8.232  17.0
8.264  474.0  8.232  17.0
8.264  474.0  8.264  17.0
8.285  501.0  8.264  17.0
8.305  524.0  8.305  18.0
8.327  538.0  8.327  17.0
8.347  551.0  8.327  17.0
8.347  551.0  8.347  17.0
8.357  557.0  8.357  18.0
8.379  566.0  8.379  17.0
8.399  570.0  8.379  17.0
8.43  571.0  8.379  17.0
8.43  571.0  8.43  17.0
8.452  571.0  8.452  17.0
8.472  570.0  8.472  18.0
8.493  571.0  8.493  16.0
8.514  571.0  8.493  16.0
8.514  571.0  8.493  16.0
8.535  570.0  8.535  17.0
8.555  571.0  8.555  18.0
8.577  571.0  8.577  17.0
8.577  571.0  8.577  17.0
8.597  571.0  8.597  17.0
8.617  571.0  8.597  17.0
8.638  571.0  8.638  17.0
8.659  571.0  8.659  17.0
8.659  571.0  8.659  17.0
8.68  571.0  8.68  17.0
8.7  571.0  8.7  17.0
8.722  571.0  8.722  18.0
8.722  571.0  8.722  18.0
8.742  571.0  8.722  18.0
8.773  571.0  8.773  16.0
8.795  571.0  8.795  17.0
8.815  571.0  8.815  18.0
8.815  571.0  8.815  18.0
8.836  571.0  8.815  18.0
8.847  571.0  8.836  17.0
8.867  571.0  8.847  17.0
8.888  570.0  8.867  17.0
8.888  570.0  8.867  17.0
8.909  571.0  8.888  18.0
8.93  571.0  8.909  17.0
8.95  571.0  8.909  17.0
8.971  571.0  8.95  17.0
8.971  571.0  8.95  17.0
8.992  571.0  8.971  18.0
9.023  571.0  8.992  17.0
9.044  571.0  9.023  17.0
9.065  571.0  9.023  17.0
9.065  571.0  9.023  17.0
9.085  571.0  9.065  17.0
9.106  571.0  9.085  17.0
9.127  570.0  9.106  17.0
9.148  571.0  9.127  17.0
9.148  571.0  9.127  17.0
9.168  571.0  9.148  18.0
9.19  571.0  9.148  18.0
9.21  571.0  9.19  17.0
9.21  571.0  9.19  17.0
9.231  571.0  9.21  17.0
9.252  571.0  9.231  18.0
9.273  571.0  9.252  17.0
9.293  571.0  9.252  17.0
9.293  571.0  9.252  17.0
9.315  571.0  9.293  17.0
9.335  571.0  9.315  18.0
9.356  571.0  9.335  18.0
9.377  571.0  9.356  16.0
9.377  571.0  9.356  16.0
9.398  571.0  9.356  16.0
9.418  571.0  9.398  17.0
9.439  570.0  9.418  18.0
9.46  571.0  9.439  17.0
9.46  571.0  9.439  17.0
9.481  571.0  9.46  17.0
9.501  571.0  9.46  17.0
9.523  571.0  9.501  18.0
9.543  571.0  9.523  18.0
9.543  571.0  9.543  17.0
9.564  571.0  9.543  17.0
9.595  571.0  9.564  17.0
9.616  571.0  9.564  17.0
9.636  571.0  9.616  18.0
9.636  571.0  9.636  17.0
9.648  571.0  9.636  17.0
9.668  571.0  9.648  17.0
9.689  571.0  9.648  17.0
9.689  571.0  9.689  18.0
9.72  571.0  9.72  17.0
9.731  570.0  9.72  17.0
9.761  571.0  9.731  17.0
9.783  571.0  9.761  18.0
9.783  571.0  9.783  18.0
9.803  571.0  9.783  18.0
9.824  571.0  9.783  18.0
9.845  571.0  9.824  17.0
9.866  571.0  9.845  17.0
9.866  571.0  9.866  18.0
9.886  571.0  9.886  17.0
9.908  571.0  9.886  17.0
9.928  571.0  9.908  17.0
9.949  571.0  9.908  17.0
9.949  571.0  9.949  18.0
9.969  571.0  9.949  18.0
9.991  571.0  9.969  17.0
10.012  571.0  9.991  17.0
10.012  571.0  9.991  17.0
10.035  571.0  10.035  17.0
10.058  570.0  10.035  17.0
10.07  571.0  10.058  18.0
10.092  571.0  10.07  17.0
10.116  571.0  10.092  17.0
10.116  571.0  10.116  18.0
10.138  571.0  10.116  18.0
10.161  571.0  10.116  18.0
10.172  571.0  10.161  17.0
10.172  571.0  10.172  17.0
10.195  571.0  10.195  18.0
10.218  571.0  10.195  18.0
10.242  571.0  10.218  17.0
10.264  571.0  10.218  17.0
10.264  571.0  10.264  17.0
10.287  571.0  10.287  17.0
10.298  571.0  10.287  17.0
10.321  572.0  10.298  18.0
10.344  571.0  10.321  17.0
10.344  571.0  10.344  17.0
10.366  571.0  10.344  17.0
10.39  571.0  10.344  17.0
10.413  571.0  10.39  17.0
10.413  571.0  10.413  18.0
10.435  571.0  10.435  17.0
10.459  571.0  10.435  17.0
10.481  571.0  10.459  17.0
10.492  570.0  10.459  17.0
10.492  570.0  10.492  18.0
10.516  571.0  10.516  17.0
10.539  571.0  10.516  17.0
10.561  570.0  10.539  17.0
10.585  570.0  10.561  18.0
10.585  570.0  10.561  18.0
10.596  571.0  10.596  17.0
10.618  571.0  10.596  17.0
10.642  571.0  10.618  17.0
10.664  570.0  10.642  18.0
10.664  570.0  10.664  18.0
10.687  571.0  10.664  18.0
10.711  571.0  10.687  17.0
10.733  570.0  10.687  17.0
10.733  570.0  10.733  17.0
10.756  571.0  10.756  18.0
10.767  571.0  10.756  18.0
10.79  570.0  10.767  17.0
10.813  571.0  10.79  17.0
10.813  571.0  10.79  17.0
10.835  571.0  10.835  17.0
10.859  571.0  10.835  17.0
10.87  571.0  10.859  18.0
10.893  571.0  10.87  17.0
10.893  571.0  10.893  17.0
10.916  572.0  10.916  18.0
10.939  571.0  10.916  18.0
10.961  571.0  10.916  18.0
10.985  570.0  10.961  17.0
10.996  570.0  10.985  17.0
11.019  571.0  10.996  18.0
11.019  571.0  10.996  18.0
11.042  571.0  11.019  18.0
11.065  571.0  11.019  18.0
11.087  571.0  11.065  17.0
11.087  571.0  11.087  17.0
11.111  571.0  11.087  17.0
11.133  571.0  11.111  18.0
11.145  571.0  11.133  17.0
11.145  571.0  11.145  17.0
11.167  571.0  11.145  17.0
11.191  571.0  11.145  17.0
11.213  571.0  11.191  18.0
11.236  571.0  11.213  17.0
11.236  571.0  11.236  17.0
11.259  571.0  11.236  17.0
11.282  571.0  11.259  18.0
11.293  571.0  11.259  18.0
11.317  571.0  11.293  18.0
11.317  571.0  11.317  17.0
11.339  570.0  11.317  17.0
11.362  570.0  11.339  17.0
11.385  571.0  11.362  18.0
11.397  571.0  11.362  18.0
11.397  571.0  11.397  17.0
11.419  571.0  11.397  17.0
11.443  570.0  11.419  17.0
11.465  571.0  11.443  18.0
11.465  571.0  11.465  18.0
11.488  571.0  11.465  18.0
11.511  570.0  11.488  17.0
11.523  571.0  11.488  17.0
11.556  572.0  11.523  18.0
11.556  572.0  11.556  18.0
11.568  571.0  11.556  18.0
11.591  570.0  11.568  17.0
11.614  571.0  11.591  16.0
11.636  571.0  11.591  16.0
11.636  571.0  11.636  18.0
11.66  571.0  11.636  18.0
11.682  570.0  11.66  17.0
11.706  571.0  11.682  16.0
11.717  572.0  11.706  18.0
11.717  572.0  11.706  18.0
11.74  571.0  11.74  18.0
11.762  571.0  11.74  18.0
11.786  570.0  11.762  17.0
11.786  570.0  11.786  17.0
11.808  571.0  11.808  18.0
11.831  571.0  11.808  18.0
11.854  571.0  11.808  18.0
11.877  571.0  11.854  17.0
11.877  571.0  11.877  16.0
11.888  571.0  11.888  18.0
11.912  571.0  11.912  17.0
11.934  570.0  11.912  17.0
11.957  571.0  11.912  17.0
11.957  571.0  11.957  17.0
11.98  571.0  11.98  18.0
11.992  571.0  11.992  18.0
12.025  571.0  11.992  18.0
12.038  571.0  12.025  17.0
12.038  571.0  12.038  17.0
12.06  571.0  12.038  17.0
12.083  571.0  12.083  18.0
12.106  571.0  12.083  18.0
12.118  570.0  12.106  17.0
12.118  570.0  12.118  18.0
12.14  571.0  12.118  18.0
12.163  571.0  12.163  19.0
12.186  571.0  12.163  19.0
12.209  571.0  12.186  19.0
12.209  571.0  12.209  18.0
12.231  571.0  12.231  20.0
12.255  571.0  12.231  20.0
12.266  571.0  12.231  20.0
12.289  571.0  12.266  21.0
12.289  571.0  12.289  21.0
12.312  571.0  12.312  22.0
12.335  571.0  12.335  30.0
12.357  570.0  12.335  30.0
12.357  570.0  12.335  30.0
12.368  570.0  12.368  38.0
12.403  571.0  12.403  46.0
12.414  571.0  12.414  58.0
12.438  571.0  12.414  58.0
12.461  571.0  12.438  83.0
12.461  571.0  12.438  83.0
12.483  571.0  12.483  113.0
12.507  571.0  12.507  154.0
12.518  572.0  12.507  154.0
12.518  572.0  12.518  177.0
12.54  571.0  12.54  188.0
12.563  571.0  12.54  188.0
12.587  571.0  12.54  188.0
12.609  571.0  12.587  186.0
12.609  571.0  12.609  173.0
12.632  572.0  12.632  150.0
12.644  571.0  12.644  121.0
12.666  570.0  12.644  121.0
12.689  571.0  12.644  121.0
12.689  571.0  12.689  114.0
12.712  571.0  12.712  112.0
12.735  571.0  12.735  112.0
12.758  571.0  12.758  110.0
12.781  571.0  12.758  110.0
12.781  571.0  12.758  110.0
12.792  570.0  12.792  121.0
12.815  571.0  12.815  147.0
12.838  571.0  12.838  184.0
12.838  571.0  12.838  184.0
12.861  571.0  12.838  184.0
12.883  571.0  12.883  234.0
12.907  571.0  12.907  263.0
12.918  571.0  12.907  263.0
12.918  571.0  12.918  343.0
12.941  572.0  12.941  390.0
12.963  571.0  12.963  385.0
12.987  571.0  12.963  385.0
13.009  570.0  12.963  385.0
13.009  570.0  13.009  351.0
13.032  571.0  13.032  307.0
13.056  571.0  13.056  275.0
13.067  571.0  13.056  275.0
13.067  571.0  13.067  231.0
13.101  570.0  13.101  191.0
13.113  571.0  13.101  191.0
13.135  570.0  13.135  152.0
13.158  570.0  13.135  152.0
13.158  570.0  13.158  114.0
13.181  570.0  13.181  99.0
13.204  570.0  13.204  90.0
13.227  570.0  13.204  90.0
13.239  570.0  13.204  90.0
13.239  570.0  13.239  88.0
13.261  571.0  13.261  92.0
13.284  570.0  13.284  113.0
13.307  570.0  13.307  156.0
13.307  570.0  13.307  156.0
13.33  571.0  13.307  156.0
13.352  571.0  13.352  214.0
13.376  570.0  13.376  276.0
13.387  570.0  13.387  343.0
13.387  570.0  13.387  343.0
13.41  571.0  13.387  343.0
13.432  571.0  13.432  420.0
13.456  571.0  13.456  448.0
13.478  570.0  13.478  490.0
13.478  570.0  13.478  490.0
13.49  571.0  13.49  502.0
13.524  570.0  13.49  502.0
13.536  570.0  13.536  538.0
13.558  570.0  13.558  537.0
13.558  570.0  13.558  537.0
13.582  570.0  13.582  501.0
13.604  570.0  13.604  467.0
13.627  571.0  13.604  467.0
13.65  570.0  13.65  411.0
13.65  570.0  13.65  411.0
13.662  570.0  13.662  334.0
13.684  571.0  13.684  251.0
13.708  570.0  13.708  199.0
13.73  570.0  13.73  165.0
13.73  570.0  13.73  165.0
13.753  570.0  13.73  165.0
13.764  570.0  13.764  138.0
13.788  570.0  13.788  151.0
13.788  570.0  13.788  151.0
13.81  570.0  13.81  164.0
13.833  570.0  13.81  164.0
13.856  570.0  13.856  217.0
13.879  570.0  13.879  291.0
13.879  570.0  13.879  291.0
13.902  569.0  13.902  353.0
13.914  570.0  13.914  435.0
13.936  570.0  13.914  435.0
13.959  570.0  13.959  461.0
13.959  570.0  13.959  461.0
13.982  569.0  13.982  488.0
14.005  570.0  14.005  484.0
14.027  570.0  14.027  460.0
14.04  570.0  14.04  426.0
14.04  570.0  14.04  426.0
14.062  570.0  14.04  426.0
14.085  570.0  14.085  339.0
14.108  570.0  14.108  273.0
14.131  570.0  14.131  251.0
14.131  570.0  14.131  251.0
14.153  571.0  14.153  280.0
14.177  571.0  14.153  280.0
14.188  570.0  14.188  358.0
14.199  570.0  14.188  358.0
14.211  570.0  14.211  418.0
14.234  569.0  14.234  495.0
14.257  570.0  14.257  519.0
14.279  570.0  14.257  519.0
14.279  570.0  14.257  519.0
14.303  569.0  14.303  509.0
14.325  570.0  14.303  506.0
14.348  570.0  14.325  467.0
14.348  570.0  14.325  467.0
14.371  570.0  14.348  409.0
14.394  570.0  14.371  356.0
14.405  570.0  14.371  356.0
14.428  570.0  14.405  311.0
14.428  570.0  14.405  311.0
14.451  569.0  14.428  247.0
14.474  569.0  14.451  216.0
14.496  570.0  14.496  203.0
14.496  570.0  14.496  203.0
14.509  570.0  14.509  175.0
14.542  570.0  14.542  174.0
14.554  570.0  14.542  174.0
14.577  570.0  14.577  152.0
14.577  570.0  14.577  152.0
14.6  570.0  14.6  122.0
14.622  570.0  14.622  91.0
14.646  570.0  14.646  59.0
14.668  570.0  14.646  59.0
14.668  570.0  14.668  40.0
14.68  570.0  14.668  40.0
14.703  570.0  14.703  29.0
14.726  571.0  14.726  20.0
14.748  570.0  14.726  20.0
14.748  570.0  14.748  18.0
14.772  571.0  14.748  18.0
14.794  570.0  14.794  18.0
14.817  571.0  14.817  17.0
14.817  571.0  14.817  17.0
14.828  571.0  14.828  17.0
14.852  571.0  14.828  18.0
14.874  571.0  14.852  17.0
14.897  571.0  14.852  17.0
14.897  571.0  14.852  17.0
14.92  571.0  14.897  16.0
14.943  571.0  14.92  18.0
14.966  571.0  14.943  18.0
14.978  570.0  14.966  17.0
14.978  570.0  14.966  17.0
15.0  570.0  14.966  17.0
15.023  571.0  15.0  17.0
15.046  571.0  15.023  18.0
15.069  570.0  15.046  17.0
15.069  570.0  15.046  17.0
15.091  571.0  15.069  17.0
15.104  571.0  15.069  17.0
15.126  570.0  15.104  18.0
15.126  570.0  15.126  18.0
15.149  572.0  15.126  18.0
15.172  570.0  15.149  17.0
15.195  571.0  15.172  18.0
15.217  571.0  15.195  18.0
15.217  571.0  15.195  18.0
15.241  571.0  15.195  18.0
15.252  570.0  15.241  17.0
15.275  571.0  15.252  18.0
15.297  571.0  15.275  18.0
15.297  571.0  15.297  18.0
15.321  570.0  15.297  18.0
15.343  571.0  15.297  18.0
15.354  571.0  15.343  17.0
15.378  571.0  15.354  18.0
15.378  571.0  15.354  18.0
15.4  571.0  15.378  18.0
15.423  570.0  15.4  17.0
15.447  571.0  15.423  17.0
15.469  570.0  15.423  17.0
15.469  570.0  15.423  17.0
15.48  570.0  15.469  18.0
15.504  571.0  15.48  17.0
15.526  570.0  15.515  17.0
15.549  570.0  15.515  17.0
15.549  570.0  15.515  17.0
15.572  571.0  15.572  18.0
15.584  571.0  15.584  17.0
15.606  571.0  15.606  17.0
15.629  570.0  15.618  17.0
15.629  570.0  15.618  17.0
15.652  571.0  15.629  18.0
15.675  571.0  15.629  18.0
15.675  571.0  15.675  17.0
15.698  570.0  15.698  17.0
15.721  571.0  15.698  17.0
15.744  571.0  15.721  18.0
15.767  571.0  15.744  18.0
15.767  571.0  15.744  18.0
15.79  571.0  15.744  18.0
15.801  570.0  15.79  17.0
15.823  571.0  15.801  18.0
15.847  571.0  15.823  17.0
15.869  571.0  15.847  16.0
15.869  571.0  15.847  16.0
15.892  571.0  15.847  16.0
15.916  571.0  15.892  17.0
15.938  571.0  15.916  17.0
15.938  571.0  15.938  17.0
15.949  571.0  15.938  17.0
15.973  570.0  15.949  17.0
15.995  571.0  15.973  17.0
16.018  571.0  15.973  17.0
16.018  571.0  16.018  17.0
16.041  571.0  16.018  17.0
16.064  571.0  16.041  17.0
16.087  570.0  16.064  17.0
16.087  570.0  16.087  18.0
16.099  571.0  16.087  18.0
16.121  571.0  16.087  18.0
16.144  571.0  16.121  17.0
16.167  571.0  16.144  17.0
16.167  571.0  16.167  18.0
16.19  571.0  16.167  18.0
16.212  570.0  16.167  18.0
16.224  571.0  16.212  18.0
16.247  571.0  16.224  17.0
16.247  571.0  16.247  18.0
16.27  570.0  16.27  18.0
16.292  570.0  16.27  18.0
16.316  570.0  16.292  17.0
16.338  571.0  16.292  17.0
16.338  571.0  16.338  17.0
16.361  570.0  16.361  18.0
16.373  570.0  16.361  18.0
16.396  571.0  16.373  17.0
16.418  571.0  16.396  17.0
16.418  571.0  16.396  17.0
16.442  570.0  16.396  17.0
16.464  571.0  16.442  18.0
16.487  571.0  16.464  18.0
16.487  571.0  16.487  17.0
16.51  571.0  16.51  18.0
16.522  571.0  16.51  18.0
16.544  571.0  16.522  18.0
16.568  571.0  16.522  18.0
16.568  571.0  16.568  17.0
16.602  571.0  16.602  17.0
16.624  571.0  16.602  17.0
16.624  571.0  16.624  18.0
