0.0  1.0  1.0  1.0
0.0  1.0  1.0  1.0
0.0  1.0  1.0  1.0
0.0  1.0  1.0  1.0
0.0  1.0  1.0  1.0
0.0  1.0  1.0  1.0
0.0  1.0  1.0  1.0
0.0  1.0  1.0  1.0
0.0  1.0  1.0  1.0
0.0  1.0  1.0  1.0
0.0  1.0  1.0  1.0
0.0  1.0  1.0  1.0
0.0  1.0  1.0  1.0
0.0  1.0  1.0  1.0
0.0  1.0  1.0  1.0
0.0  1.0  1.0  1.0
0.0  1.0  1.0  1.0
0.0  1.0  1.0  1.0
0.0  1.0  1.0  1.0
0.0  1.0  1.0  1.0
0.0  1.0  1.0  1.0
0.0  1.0  1.0  1.0
0.0  1.0  1.0  1.0
0.0  1.0  1.0  1.0
0.0  1.0  1.0  1.0
0.0  1.0  1.0  1.0
0.0  1.0  1.0  1.0
0.0  1.0  1.0  1.0
0.0  1.0  1.0  1.0
0.0  1.0  1.0  1.0
0.0  1.0  1.0  1.0
0.0  1.0  1.0  1.0
0.0  1.0  1.0  1.0
0.0  1.0  1.0  1.0
0.0  1.0  1.0  1.0
0.0  1.0  1.0  1.0
0.0  1.0  1.0  1.0
0.0  1.0  1.0  1.0
0.0  1.0  1.0  1.0
0.0  1.0  1.0  1.0
0.0  1.0  1.0  1.0
0.0  883.0  1.0  1.0
0.0020  882.0  1.0  1.0
0.0030  883.0  1.0  1.0
0.0030  883.0  1.0  1.0
0.0050  883.0  1.0  1.0
0.028  884.0  1023.0  24.0
0.045  884.0  1023.0  24.0
0.045  884.0  1023.0  24.0
0.07  884.0  1023.0  25.0
0.095  883.0  1023.0  25.0
0.112  884.0  1023.0  24.0
0.112  884.0  1023.0  25.0
0.132  882.0  1023.0  25.0
0.159  884.0  1023.0  25.0
0.178  884.0  1023.0  25.0
0.197  884.0  1023.0  24.0
0.197  884.0  1023.0  24.0
0.225  884.0  1023.0  24.0
0.234  883.0  1023.0  25.0
0.263  883.0  1023.0  25.0
0.281  883.0  1023.0  25.0
0.281  883.0  1023.0  24.0
0.3  884.0  1023.0  24.0
0.328  884.0  1023.0  25.0
0.337  883.0  1023.0  25.0
0.356  883.0  1023.0  24.0
0.374  884.0  1023.0  24.0
0.403  884.0  1023.0  24.0
0.421  884.0  1023.0  24.0
0.421  884.0  1023.0  25.0
0.44  884.0  1023.0  24.0
0.459  884.0  1023.0  24.0
0.487  884.0  1023.0  24.0
0.505  884.0  1023.0  25.0
0.505  884.0  1023.0  25.0
0.525  884.0  1023.0  25.0
0.543  883.0  1023.0  25.0
0.571  883.0  1023.0  24.0
0.571  883.0  1023.0  25.0
0.59  883.0  1023.0  25.0
0.609  884.0  1023.0  25.0
0.636  884.0  1023.0  25.0
0.636  884.0  1023.0  24.0
0.656  884.0  1023.0  24.0
0.674  884.0  1023.0  25.0
0.702  884.0  1023.0  25.0
0.702  884.0  1023.0  25.0
0.72  883.0  1023.0  24.0
0.74  884.0  1023.0  24.0
0.758  882.0  1023.0  25.0
0.777  882.0  1023.0  25.0
0.805  883.0  1023.0  25.0
0.805  883.0  1023.0  24.0
0.833  884.0  1023.0  24.0
0.851  884.0  1023.0  24.0
0.851  884.0  1023.0  24.0
0.871  884.0  1023.0  25.0
0.899  883.0  1023.0  24.0
0.955  884.0  1023.0  25.0
0.973  883.0  1023.0  25.0
0.993  883.0  1023.0  24.0
0.993  883.0  1023.0  25.0
1.012  883.0  1023.0  25.0
1.033  883.0  1023.0  25.0
1.053  884.0  1023.0  25.0
1.075  883.0  1023.0  24.0
1.075  883.0  1023.0  24.0
1.095  884.0  1023.0  24.0
1.116  884.0  1023.0  25.0
1.137  884.0  1023.0  25.0
1.137  884.0  1023.0  25.0
1.168  883.0  1023.0  25.0
1.189  883.0  1023.0  24.0
1.21  883.0  1023.0  25.0
1.23  883.0  1023.0  25.0
1.251  883.0  1023.0  24.0
1.251  883.0  1023.0  24.0
1.272  882.0  1023.0  24.0
1.293  883.0  1023.0  24.0
1.303  883.0  1023.0  25.0
1.303  883.0  1023.0  24.0
1.335  884.0  1023.0  24.0
1.355  883.0  1023.0  24.0
1.376  883.0  1023.0  25.0
1.397  884.0  1023.0  25.0
1.397  884.0  1023.0  25.0
1.418  882.0  1023.0  25.0
1.438  883.0  1023.0  24.0
1.46  884.0  1023.0  25.0
1.47  884.0  1023.0  25.0
1.48  882.0  1023.0  25.0
1.501  884.0  1023.0  25.0
1.522  883.0  1023.0  24.0
1.543  884.0  1023.0  24.0
1.543  884.0  1023.0  25.0
1.563  884.0  1023.0  25.0
1.584  883.0  1023.0  24.0
1.605  884.0  1023.0  24.0
1.626  883.0  1023.0  24.0
1.626  883.0  1023.0  25.0
1.646  884.0  1023.0  25.0
1.668  884.0  1023.0  25.0
1.688  882.0  1023.0  24.0
1.688  882.0  1023.0  24.0
1.719  884.0  1023.0  25.0
1.74  883.0  1023.0  25.0
1.761  883.0  1023.0  25.0
1.781  884.0  1023.0  24.0
1.781  884.0  1023.0  24.0
1.803  884.0  1023.0  25.0
1.823  883.0  1023.0  25.0
1.844  883.0  1023.0  25.0
1.844  883.0  1023.0  25.0
1.865  884.0  1023.0  24.0
1.886  883.0  1023.0  25.0
1.906  883.0  1023.0  25.0
1.928  884.0  1023.0  25.0
1.928  884.0  1023.0  25.0
1.948  884.0  1023.0  24.0
1.969  884.0  1023.0  24.0
1.99  884.0  1023.0  24.0
2.011  883.0  1023.0  25.0
2.011  883.0  1023.0  24.0
2.031  884.0  1023.0  24.0
2.052  884.0  1023.0  24.0
2.073  884.0  1023.0  24.0
2.104  883.0  1023.0  25.0
2.104  883.0  1023.0  25.0
2.125  884.0  1023.0  24.0
2.146  883.0  1023.0  24.0
2.166  883.0  1023.0  25.0
2.166  883.0  1023.0  25.0
2.188  883.0  1023.0  25.0
2.208  884.0  1023.0  24.0
2.229  884.0  1023.0  24.0
2.249  883.0  1023.0  24.0
2.249  883.0  1023.0  24.0
2.271  883.0  1023.0  25.0
2.291  883.0  1023.0  24.0
2.312  883.0  1023.0  24.0
2.333  884.0  1023.0  24.0
2.333  884.0  1023.0  25.0
2.354  884.0  1023.0  25.0
2.374  883.0  1023.0  25.0
2.396  884.0  1023.0  25.0
2.396  884.0  1023.0  24.0
2.416  883.0  1023.0  24.0
2.437  884.0  1023.0  25.0
2.458  883.0  1023.0  25.0
2.479  883.0  1023.0  24.0
2.499  884.0  1023.0  24.0
2.499  884.0  1023.0  24.0
2.521  883.0  1023.0  25.0
2.541  883.0  1023.0  25.0
2.562  884.0  1023.0  25.0
2.562  884.0  1023.0  24.0
2.582  884.0  1023.0  25.0
2.614  884.0  1023.0  25.0
2.634  884.0  1023.0  25.0
2.656  883.0  1023.0  25.0
2.656  883.0  1023.0  24.0
2.676  884.0  1023.0  24.0
2.697  884.0  1023.0  25.0
2.717  884.0  1023.0  25.0
2.739  884.0  1023.0  24.0
2.739  884.0  1023.0  24.0
2.759  884.0  1023.0  24.0
2.78  884.0  1023.0  25.0
2.801  884.0  1023.0  25.0
2.801  884.0  1023.0  25.0
2.822  883.0  1023.0  25.0
2.842  883.0  1023.0  24.0
2.864  884.0  1023.0  24.0
2.884  884.0  1023.0  24.0
2.884  884.0  1023.0  25.0
2.905  883.0  1023.0  24.0
2.926  883.0  1023.0  24.0
2.947  884.0  1023.0  24.0
2.967  883.0  1023.0  24.0
2.967  882.0  1023.0  25.0
2.989  883.0  1023.0  24.0
3.009  884.0  1023.0  24.0
3.03  883.0  1023.0  24.0
3.05  883.0  1023.0  24.0
3.072  883.0  1023.0  25.0
3.072  883.0  1023.0  25.0
3.092  884.0  1023.0  24.0
3.112  884.0  1023.0  25.0
3.134  884.0  1023.0  25.0
3.134  884.0  1023.0  25.0
3.154  884.0  1023.0  25.0
3.175  884.0  1023.0  24.0
3.196  884.0  1023.0  24.0
3.217  883.0  1023.0  24.0
3.217  883.0  1023.0  25.0
3.237  883.0  1023.0  25.0
3.259  883.0  1023.0  24.0
3.279  884.0  1023.0  24.0
3.3  884.0  1023.0  24.0
3.3  884.0  1023.0  25.0
3.321  882.0  1023.0  25.0
3.342  883.0  1023.0  24.0
3.373  884.0  1023.0  24.0
3.373  884.0  1023.0  24.0
3.383  883.0  1023.0  24.0
3.415  884.0  1023.0  25.0
3.435  883.0  1023.0  24.0
3.457  882.0  1023.0  24.0
3.477  882.0  1023.0  24.0
3.477  884.0  1023.0  25.0
3.497  884.0  1023.0  25.0
3.519  883.0  1023.0  25.0
3.539  883.0  1023.0  24.0
3.539  883.0  1023.0  24.0
3.56  882.0  1023.0  24.0
3.592  884.0  1023.0  25.0
3.612  884.0  1023.0  25.0
3.633  884.0  1023.0  24.0
3.633  884.0  1023.0  24.0
3.654  884.0  1023.0  24.0
3.675  884.0  1023.0  25.0
3.695  882.0  1023.0  24.0
3.716  882.0  1023.0  24.0
3.716  882.0  1023.0  24.0
3.737  883.0  1023.0  25.0
3.758  882.0  1023.0  25.0
3.778  883.0  1023.0  25.0
3.8  883.0  1023.0  24.0
3.8  883.0  1023.0  24.0
3.82  882.0  1023.0  24.0
3.841  882.0  1023.0  24.0
3.862  882.0  1023.0  25.0
3.862  882.0  1023.0  24.0
3.883  883.0  1023.0  24.0
3.903  884.0  1023.0  24.0
3.924  884.0  1023.0  25.0
3.945  884.0  1023.0  25.0
3.945  884.0  1023.0  25.0
3.965  884.0  1023.0  25.0
3.987  883.0  1023.0  24.0
4.007  884.0  1023.0  25.0
4.028  884.0  1023.0  25.0
4.06  884.0  1023.0  24.0
4.06  884.0  1023.0  24.0
4.07  883.0  1023.0  24.0
4.101  883.0  1023.0  24.0
4.122  883.0  1023.0  25.0
4.122  883.0  1023.0  25.0
4.143  883.0  1023.0  25.0
4.163  883.0  1023.0  24.0
4.163  883.0  1023.0  24.0
4.185  884.0  1023.0  25.0
4.205  883.0  1023.0  25.0
4.226  884.0  1023.0  25.0
4.246  883.0  1023.0  24.0
4.246  883.0  1023.0  24.0
4.268  883.0  1023.0  24.0
4.288  884.0  1023.0  25.0
4.308  884.0  1023.0  25.0
4.33  884.0  1023.0  24.0
4.33  884.0  1023.0  24.0
4.361  884.0  1023.0  25.0
4.381  883.0  1023.0  25.0
4.403  884.0  1023.0  25.0
4.403  884.0  1023.0  24.0
4.423  883.0  1023.0  24.0
4.444  884.0  1023.0  24.0
4.465  884.0  1023.0  25.0
4.486  884.0  1023.0  25.0
4.486  884.0  1023.0  24.0
4.506  883.0  1023.0  24.0
4.528  882.0  1023.0  24.0
4.548  883.0  1023.0  24.0
4.548  883.0  1023.0  25.0
4.569  884.0  1023.0  25.0
4.59  883.0  1023.0  24.0
4.611  884.0  1023.0  24.0
4.631  884.0  1023.0  25.0
4.653  883.0  1023.0  25.0
4.653  883.0  1023.0  25.0
4.673  884.0  1023.0  24.0
4.694  883.0  1023.0  24.0
4.714  883.0  1023.0  24.0
4.714  883.0  1023.0  25.0
4.736  884.0  1023.0  24.0
4.756  883.0  1023.0  24.0
4.788  883.0  1023.0  24.0
4.808  884.0  1023.0  24.0
4.808  884.0  1023.0  25.0
4.818  884.0  1023.0  25.0
4.839  882.0  1023.0  25.0
4.871  884.0  1023.0  24.0
4.871  884.0  1023.0  24.0
4.891  883.0  1023.0  25.0
4.912  883.0  1023.0  25.0
4.933  884.0  1023.0  25.0
4.954  884.0  1023.0  24.0
4.974  883.0  1023.0  24.0
4.974  883.0  1023.0  25.0
4.996  883.0  1023.0  25.0
5.016  884.0  1023.0  25.0
5.037  884.0  1023.0  24.0
5.037  884.0  1023.0  24.0
5.058  884.0  1023.0  24.0
5.079  884.0  1023.0  25.0
5.099  884.0  1023.0  24.0
5.121  884.0  1023.0  24.0
5.121  884.0  1023.0  24.0
5.141  884.0  1023.0  24.0
5.161  883.0  1023.0  24.0
5.183  884.0  1023.0  25.0
5.203  883.0  1023.0  25.0
5.203  883.0  1023.0  24.0
5.224  884.0  1023.0  24.0
5.244  882.0  1023.0  25.0
5.266  882.0  1023.0  25.0
5.266  882.0  1023.0  24.0
5.297  883.0  1023.0  24.0
5.307  883.0  1023.0  24.0
5.328  884.0  1023.0  25.0
5.349  884.0  1023.0  25.0
5.349  884.0  1023.0  25.0
5.369  884.0  1023.0  24.0
5.401  883.0  1023.0  24.0
5.411  882.0  1023.0  24.0
5.442  883.0  1023.0  24.0
5.442  883.0  1023.0  25.0
5.464  884.0  1023.0  24.0
5.484  882.0  1023.0  24.0
5.505  884.0  1023.0  24.0
5.526  884.0  1023.0  25.0
5.526  884.0  1023.0  25.0
5.547  883.0  1023.0  24.0
5.567  884.0  1023.0  24.0
5.588  882.0  1023.0  24.0
5.588  882.0  1023.0  25.0
5.609  883.0  1023.0  25.0
5.651  883.0  1023.0  24.0
5.651  883.0  1023.0  24.0
5.671  884.0  1023.0  24.0
5.692  884.0  1023.0  25.0
5.712  883.0  1023.0  25.0
5.712  883.0  1023.0  24.0
5.734  884.0  1023.0  24.0
5.754  884.0  1023.0  24.0
5.775  884.0  1023.0  25.0
5.796  884.0  1023.0  25.0
5.796  884.0  1023.0  25.0
5.817  882.0  1023.0  24.0
5.837  883.0  1023.0  25.0
5.859  884.0  1023.0  25.0
5.879  884.0  1023.0  25.0
5.879  884.0  1023.0  25.0
5.9  884.0  1023.0  24.0
5.921  883.0  1023.0  24.0
5.921  883.0  1023.0  24.0
5.952  884.0  1023.0  25.0
5.972  883.0  1023.0  25.0
5.994  884.0  1023.0  25.0
6.014  883.0  1023.0  24.0
6.035  883.0  1023.0  24.0
6.035  883.0  1023.0  25.0
6.056  883.0  1023.0  25.0
6.077  884.0  1023.0  25.0
6.097  882.0  1023.0  24.0
6.097  882.0  1023.0  24.0
6.108  884.0  1023.0  24.0
6.129  886.0  1023.0  25.0
6.16  925.0  1023.0  24.0
6.181  945.0  1023.0  24.0
6.202  964.0  1023.0  24.0
6.202  964.0  1023.0  24.0
6.222  982.0  1023.0  25.0
6.243  997.0  1023.0  25.0
6.265  1005.0  1023.0  24.0
6.265  1005.0  1023.0  24.0
6.288  1011.0  1023.0  24.0
6.299  1016.0  1023.0  25.0
6.323  1015.0  1023.0  25.0
6.345  1016.0  1023.0  24.0
6.345  1016.0  1023.0  24.0
6.368  1016.0  1023.0  24.0
6.391  1009.0  1023.0  25.0
6.414  994.0  1023.0  25.0
6.424  984.0  1023.0  24.0
6.424  984.0  1023.0  24.0
6.456  944.0  1023.0  24.0
6.476  923.0  1023.0  25.0
6.497  900.0  1023.0  25.0
6.518  869.0  1023.0  25.0
6.518  869.0  1023.0  24.0
6.539  836.0  1023.0  24.0
6.559  804.0  1023.0  25.0
6.581  769.0  1023.0  25.0
6.601  734.0  1023.0  24.0
6.601  734.0  1023.0  24.0
6.622  699.0  1023.0  24.0
6.642  663.0  1023.0  24.0
6.664  628.0  1023.0  25.0
6.664  628.0  1023.0  24.0
6.684  596.0  1023.0  24.0
6.705  565.0  1023.0  24.0
6.726  532.0  1023.0  24.0
6.747  502.0  1023.0  25.0
6.747  502.0  1023.0  25.0
6.767  471.0  1023.0  25.0
6.789  444.0  1023.0  24.0
6.809  416.0  1023.0  24.0
6.809  416.0  1023.0  24.0
6.83  393.0  1023.0  25.0
6.861  358.0  1023.0  25.0
6.882  339.0  1023.0  24.0
6.902  319.0  1023.0  24.0
6.902  319.0  1023.0  25.0
6.914  311.0  1023.0  24.0
6.934  296.0  1023.0  24.0
6.955  283.0  1023.0  24.0
6.975  271.0  1023.0  24.0
6.975  271.0  1023.0  24.0
7.007  259.0  1023.0  24.0
7.027  254.0  1023.0  25.0
7.049  251.0  1023.0  24.0
7.069  251.0  1023.0  24.0
7.069  251.0  1023.0  24.0
7.09  250.0  1023.0  24.0
7.11  250.0  1023.0  24.0
7.132  250.0  1023.0  24.0
7.152  250.0  1023.0  24.0
7.152  250.0  1023.0  25.0
7.173  250.0  1023.0  25.0
7.194  249.0  1023.0  25.0
7.215  267.0  1023.0  24.0
7.215  267.0  1023.0  24.0
7.235  286.0  1023.0  24.0
7.257  302.0  1023.0  24.0
7.277  325.0  1023.0  25.0
7.298  345.0  1023.0  25.0
7.298  345.0  1023.0  24.0
7.319  375.0  1023.0  24.0
7.35  417.0  1023.0  24.0
7.37  446.0  1023.0  25.0
7.392  480.0  1023.0  24.0
7.392  480.0  1023.0  24.0
7.402  499.0  1023.0  24.0
7.422  534.0  1023.0  24.0
7.454  593.0  1023.0  25.0
7.454  593.0  1023.0  25.0
7.475  632.0  1023.0  25.0
7.495  668.0  1023.0  24.0
7.517  706.0  1023.0  24.0
7.537  743.0  1023.0  24.0
7.537  743.0  1023.0  25.0
7.558  776.0  1023.0  25.0
7.579  814.0  1023.0  24.0
7.6  846.0  1023.0  24.0
7.62  874.0  1023.0  25.0
7.62  874.0  1023.0  25.0
7.641  903.0  1023.0  25.0
7.662  928.0  1023.0  25.0
7.683  950.0  1023.0  24.0
7.703  972.0  1023.0  25.0
7.703  972.0  1023.0  25.0
7.725  987.0  1023.0  25.0
7.745  1002.0  1023.0  24.0
7.768  1010.0  1023.0  24.0
7.768  1010.0  1023.0  24.0
7.791  1016.0  1023.0  25.0
7.802  1018.0  1023.0  25.0
7.825  1018.0  1023.0  24.0
7.848  1019.0  1023.0  24.0
7.848  1019.0  1023.0  24.0
7.871  1009.0  1023.0  24.0
7.892  988.0  1023.0  25.0
7.914  961.0  1023.0  25.0
7.934  939.0  1023.0  24.0
7.934  939.0  1023.0  25.0
7.955  916.0  1023.0  25.0
7.975  902.0  1023.0  25.0
7.997  882.0  1023.0  25.0
8.017  847.0  1023.0  24.0
8.017  847.0  1023.0  24.0
8.038  813.0  1023.0  24.0
8.059  777.0  1023.0  25.0
8.08  741.0  1023.0  25.0
8.08  741.0  1023.0  24.0
8.1  705.0  1023.0  24.0
8.122  668.0  1023.0  24.0
8.142  630.0  1023.0  25.0
8.163  598.0  1023.0  24.0
8.163  598.0  1023.0  24.0
8.184  567.0  1023.0  24.0
8.215  516.0  1023.0  24.0
8.236  486.0  1023.0  24.0
8.257  457.0  1023.0  25.0
8.257  457.0  1023.0  24.0
8.278  430.0  1023.0  24.0
8.298  404.0  1023.0  24.0
8.32  381.0  1023.0  24.0
8.34  358.0  1023.0  25.0
8.34  358.0  1023.0  24.0
8.35  348.0  1023.0  23.0
8.382  320.0  1023.0  23.0
8.402  303.0  1023.0  24.0
8.423  288.0  1023.0  24.0
8.423  288.0  1023.0  24.0
8.444  276.0  1023.0  23.0
8.465  267.0  1023.0  23.0
8.485  259.0  1023.0  23.0
8.506  254.0  1023.0  24.0
8.506  254.0  1023.0  24.0
8.527  252.0  1023.0  24.0
8.548  251.0  1023.0  24.0
8.568  251.0  1023.0  24.0
8.59  251.0  1023.0  24.0
8.59  251.0  1023.0  24.0
8.61  251.0  1023.0  24.0
8.631  250.0  1023.0  24.0
8.652  250.0  1023.0  24.0
8.652  250.0  1023.0  24.0
8.673  251.0  1023.0  24.0
8.693  268.0  1023.0  24.0
8.715  287.0  1023.0  23.0
8.735  305.0  1023.0  23.0
8.735  305.0  1023.0  24.0
8.766  339.0  1023.0  24.0
8.787  364.0  1023.0  24.0
8.808  392.0  1023.0  24.0
8.808  392.0  1023.0  24.0
8.828  422.0  1023.0  24.0
8.839  438.0  1023.0  24.0
8.86  472.0  1023.0  24.0
8.881  509.0  1023.0  24.0
8.881  509.0  1023.0  24.0
8.901  545.0  1023.0  24.0
8.933  604.0  1023.0  25.0
8.953  644.0  1023.0  25.0
8.974  679.0  1023.0  25.0
8.974  679.0  1023.0  24.0
8.995  717.0  1023.0  24.0
9.016  756.0  1023.0  24.0
9.036  790.0  1023.0  24.0
9.058  824.0  1023.0  24.0
9.058  824.0  1023.0  24.0
9.078  856.0  1023.0  24.0
9.099  883.0  1023.0  24.0
9.12  912.0  1023.0  24.0
9.141  937.0  1023.0  24.0
9.141  937.0  1023.0  24.0
9.161  957.0  1023.0  24.0
9.183  979.0  1023.0  24.0
9.203  994.0  1023.0  25.0
9.203  994.0  1023.0  25.0
9.224  1004.0  1023.0  24.0
9.247  1014.0  1023.0  24.0
9.27  1018.0  1023.0  24.0
9.292  1019.0  1023.0  24.0
9.292  1019.0  1023.0  24.0
9.316  1019.0  1023.0  24.0
9.327  1017.0  1023.0  23.0
9.35  1000.0  1023.0  24.0
9.371  977.0  1023.0  24.0
9.371  977.0  1023.0  24.0
9.403  940.0  1023.0  24.0
9.423  920.0  1023.0  23.0
9.445  904.0  1023.0  23.0
9.445  904.0  1023.0  24.0
9.465  879.0  1023.0  24.0
9.476  859.0  1023.0  24.0
9.496  825.0  1023.0  24.0
9.528  774.0  1023.0  23.0
9.528  774.0  1023.0  23.0
9.548  736.0  1023.0  24.0
9.569  700.0  1023.0  24.0
9.59  663.0  1023.0  23.0
9.611  628.0  1023.0  23.0
9.611  628.0  1023.0  23.0
9.631  597.0  1023.0  23.0
9.653  563.0  1023.0  24.0
9.673  530.0  1023.0  24.0
9.694  499.0  1023.0  23.0
9.694  499.0  1023.0  23.0
9.715  469.0  1023.0  23.0
9.736  440.0  1023.0  24.0
9.756  414.0  1023.0  24.0
9.778  390.0  1023.0  23.0
9.778  390.0  1023.0  23.0
9.798  365.0  1023.0  24.0
9.819  346.0  1023.0  24.0
9.839  327.0  1023.0  24.0
9.839  327.0  1023.0  23.0
9.861  308.0  1023.0  23.0
9.881  295.0  1023.0  23.0
9.902  281.0  1023.0  24.0
9.933  264.0  1023.0  23.0
9.933  264.0  1023.0  23.0
9.954  257.0  1023.0  23.0
9.964  256.0  1023.0  23.0
9.986  252.0  1023.0  24.0
10.006  251.0  1023.0  24.0
10.006  251.0  1023.0  24.0
10.029  251.0  1023.0  24.0
10.052  251.0  1023.0  24.0
10.075  251.0  1023.0  24.0
10.086  251.0  1023.0  24.0
10.086  251.0  1023.0  24.0
10.109  251.0  1023.0  24.0
10.132  251.0  1023.0  23.0
10.155  272.0  1023.0  23.0
10.178  291.0  1023.0  24.0
10.178  291.0  1023.0  24.0
10.201  311.0  1023.0  24.0
10.223  338.0  1023.0  24.0
10.234  350.0  1023.0  24.0
10.258  379.0  1023.0  24.0
10.258  379.0  1023.0  24.0
10.28  412.0  1023.0  24.0
10.303  446.0  1023.0  23.0
10.327  486.0  1023.0  24.0
10.349  526.0  1023.0  24.0
10.349  526.0  1023.0  24.0
10.36  545.0  1023.0  24.0
10.384  588.0  1023.0  24.0
10.406  629.0  1023.0  23.0
10.429  667.0  1023.0  24.0
10.429  667.0  1023.0  24.0
10.452  709.0  1023.0  24.0
10.464  730.0  1023.0  23.0
10.486  770.0  1023.0  23.0
10.51  808.0  1023.0  24.0
10.51  808.0  1023.0  24.0
10.532  844.0  1023.0  24.0
10.555  876.0  1023.0  24.0
10.566  891.0  1023.0  24.0
10.601  934.0  1023.0  24.0
10.601  934.0  1023.0  24.0
10.624  959.0  1023.0  24.0
10.647  983.0  1023.0  24.0
10.647  983.0  1023.0  24.0
10.658  990.0  1023.0  24.0
10.681  1004.0  1023.0  24.0
10.706  1014.0  1023.0  24.0
10.731  1018.0  1023.0  24.0
10.731  1018.0  1023.0  23.0
10.743  1019.0  1023.0  24.0
10.768  1019.0  1023.0  24.0
10.793  1016.0  1023.0  24.0
10.793  1016.0  1023.0  24.0
10.818  998.0  1023.0  23.0
10.829  983.0  1023.0  23.0
10.853  959.0  1023.0  24.0
10.875  935.0  1023.0  24.0
10.875  935.0  1023.0  24.0
10.898  910.0  1023.0  24.0
10.921  882.0  1023.0  24.0
10.944  844.0  1023.0  23.0
10.955  825.0  1023.0  24.0
10.979  787.0  1023.0  24.0
10.979  787.0  1023.0  23.0
11.001  749.0  1023.0  23.0
11.024  710.0  1023.0  23.0
11.047  670.0  1023.0  23.0
11.047  670.0  1023.0  24.0
11.07  631.0  1023.0  24.0
11.092  594.0  1023.0  24.0
11.104  578.0  1023.0  23.0
11.127  540.0  1023.0  24.0
11.127  540.0  1023.0  24.0
11.15  504.0  1023.0  24.0
11.173  473.0  1023.0  24.0
11.196  441.0  1023.0  23.0
11.218  410.0  1023.0  24.0
11.218  410.0  1023.0  24.0
11.242  383.0  1023.0  24.0
11.253  369.0  1023.0  24.0
11.287  336.0  1023.0  23.0
11.287  336.0  1023.0  23.0
11.298  325.0  1023.0  24.0
11.322  306.0  1023.0  24.0
11.344  290.0  1023.0  24.0
11.344  290.0  1023.0  24.0
11.367  277.0  1023.0  23.0
11.39  264.0  1023.0  24.0
11.402  261.0  1023.0  24.0
11.424  255.0  1023.0  24.0
11.448  251.0  1023.0  23.0
11.448  251.0  1023.0  23.0
11.47  250.0  1023.0  24.0
11.493  251.0  1023.0  24.0
11.516  250.0  1023.0  24.0
11.516  250.0  1023.0  23.0
11.528  250.0  1023.0  23.0
11.561  250.0  1023.0  23.0
11.574  250.0  1023.0  24.0
11.596  255.0  1023.0  24.0
11.596  255.0  1023.0  24.0
11.619  276.0  1023.0  24.0
11.642  293.0  1023.0  24.0
11.665  316.0  1023.0  24.0
11.665  316.0  1023.0  24.0
11.676  330.0  1023.0  24.0
11.699  354.0  1023.0  23.0
11.722  385.0  1023.0  24.0
11.745  419.0  1023.0  24.0
11.767  453.0  1023.0  24.0
11.767  453.0  1023.0  23.0
11.791  491.0  1023.0  23.0
11.802  513.0  1023.0  23.0
11.825  553.0  1023.0  24.0
11.848  596.0  1023.0  24.0
11.848  596.0  1023.0  24.0
11.871  639.0  1023.0  23.0
11.893  680.0  1023.0  23.0
11.917  723.0  1023.0  24.0
11.917  723.0  1023.0  24.0
11.939  763.0  1023.0  24.0
11.962  798.0  1023.0  23.0
11.985  838.0  1023.0  23.0
11.985  838.0  1023.0  24.0
12.008  870.0  1023.0  24.0
12.03  902.0  1023.0  24.0
12.054  932.0  1023.0  24.0
12.054  932.0  1023.0  24.0
12.065  945.0  1023.0  24.0
12.088  969.0  1023.0  24.0
12.111  988.0  1023.0  24.0
12.123  998.0  1023.0  24.0
12.134  1002.0  1023.0  24.0
12.146  1009.0  1023.0  23.0
12.172  1016.0  1023.0  24.0
12.196  1018.0  1023.0  24.0
12.196  1018.0  1023.0  24.0
12.221  1018.0  1023.0  24.0
12.233  1018.0  1023.0  24.0
12.259  1009.0  1023.0  23.0
12.282  985.0  1023.0  24.0
12.282  985.0  1023.0  24.0
12.306  959.0  1023.0  24.0
12.317  946.0  1023.0  23.0
12.351  917.0  1023.0  23.0
12.362  907.0  1023.0  24.0
12.362  907.0  1023.0  24.0
12.386  872.0  1023.0  24.0
12.408  835.0  1023.0  23.0
12.431  797.0  1023.0  24.0
12.431  797.0  1023.0  24.0
12.454  758.0  1023.0  24.0
12.477  718.0  1023.0  24.0
12.488  700.0  1023.0  23.0
12.512  658.0  1023.0  23.0
12.523  620.0  1023.0  24.0
12.534  620.0  1023.0  24.0
12.557  584.0  1023.0  24.0
12.58  546.0  1023.0  24.0
12.603  511.0  1023.0  23.0
12.603  511.0  1023.0  24.0
12.625  476.0  1023.0  24.0
12.638  461.0  1023.0  24.0
12.66  427.0  1023.0  23.0
12.683  399.0  1023.0  23.0
12.683  399.0  1023.0  23.0
12.706  372.0  1023.0  23.0
12.729  350.0  1023.0  24.0
12.751  328.0  1023.0  23.0
12.763  318.0  1023.0  23.0
12.763  318.0  1023.0  23.0
12.786  300.0  1023.0  23.0
12.809  285.0  1023.0  24.0
12.831  273.0  1023.0  24.0
12.855  262.0  1023.0  23.0
12.855  262.0  1023.0  24.0
12.866  259.0  1023.0  24.0
12.889  253.0  1023.0  24.0
12.912  251.0  1023.0  24.0
12.935  251.0  1023.0  23.0
12.935  251.0  1023.0  23.0
12.957  251.0  1023.0  23.0
12.981  251.0  1023.0  24.0
13.003  249.0  1023.0  24.0
13.003  249.0  1023.0  24.0
13.015  251.0  1023.0  23.0
13.049  252.0  1023.0  23.0
13.061  262.0  1023.0  24.0
13.083  285.0  1023.0  24.0
13.107  302.0  1023.0  24.0
13.107  302.0  1023.0  23.0
13.129  327.0  1023.0  23.0
13.152  353.0  1023.0  24.0
13.152  353.0  1023.0  24.0
13.175  385.0  1023.0  23.0
13.187  398.0  1023.0  23.0
13.209  434.0  1023.0  23.0
13.232  472.0  1023.0  23.0
13.232  472.0  1023.0  24.0
13.255  514.0  1023.0  24.0
13.278  552.0  1023.0  23.0
13.289  575.0  1023.0  23.0
13.313  619.0  1023.0  23.0
13.313  619.0  1023.0  24.0
13.335  659.0  1023.0  24.0
13.358  702.0  1023.0  24.0
13.381  746.0  1023.0  24.0
13.404  781.0  1023.0  24.0
13.404  781.0  1023.0  24.0
13.426  819.0  1023.0  24.0
13.45  854.0  1023.0  23.0
13.472  886.0  1023.0  23.0
13.472  886.0  1023.0  23.0
13.484  903.0  1023.0  24.0
13.507  930.0  1023.0  24.0
13.53  956.0  1023.0  24.0
13.552  979.0  1023.0  24.0
13.552  979.0  1023.0  23.0
13.576  996.0  1023.0  24.0
13.587  1002.0  1023.0  24.0
13.612  1013.0  1023.0  23.0
13.637  1018.0  1023.0  23.0
13.637  1018.0  1023.0  23.0
13.649  1018.0  1023.0  23.0
13.674  1019.0  1023.0  24.0
13.699  1016.0  1023.0  23.0
13.699  1016.0  1023.0  23.0
13.724  997.0  1023.0  23.0
13.747  969.0  1023.0  23.0
13.758  956.0  1023.0  24.0
13.782  933.0  1023.0  24.0
13.804  913.0  1023.0  24.0
13.804  913.0  1023.0  23.0
13.827  888.0  1023.0  24.0
13.85  850.0  1023.0  24.0
13.873  812.0  1023.0  24.0
13.884  794.0  1023.0  24.0
13.884  794.0  1023.0  23.0
13.907  752.0  1023.0  23.0
13.93  714.0  1023.0  24.0
13.953  674.0  1023.0  23.0
13.953  674.0  1023.0  23.0
13.976  633.0  1023.0  23.0
13.999  595.0  1023.0  23.0
14.021  559.0  1023.0  24.0
14.032  540.0  1023.0  24.0
14.032  540.0  1023.0  24.0
14.056  505.0  1023.0  23.0
14.078  472.0  1023.0  23.0
14.102  440.0  1023.0  23.0
14.102  440.0  1023.0  23.0
14.125  408.0  1023.0  24.0
14.147  384.0  1023.0  23.0
14.171  358.0  1023.0  23.0
14.182  348.0  1023.0  23.0
14.182  348.0  1023.0  23.0
14.204  327.0  1023.0  24.0
14.227  307.0  1023.0  23.0
14.251  291.0  1023.0  23.0
14.273  278.0  1023.0  23.0
14.273  278.0  1023.0  23.0
14.284  270.0  1023.0  23.0
14.308  261.0  1023.0  24.0
14.33  255.0  1023.0  23.0
14.353  252.0  1023.0  23.0
14.353  252.0  1023.0  23.0
14.376  251.0  1023.0  24.0
14.399  251.0  1023.0  23.0
14.41  251.0  1023.0  23.0
14.445  250.0  1023.0  23.0
14.445  250.0  1023.0  23.0
14.456  250.0  1023.0  24.0
14.479  250.0  1023.0  24.0
14.502  257.0  1023.0  24.0
14.525  280.0  1023.0  23.0
14.525  280.0  1023.0  23.0
14.547  298.0  1023.0  23.0
14.559  309.0  1023.0  24.0
14.594  345.0  1023.0  23.0
14.605  360.0  1023.0  23.0
14.605  360.0  1023.0  23.0
14.627  391.0  1023.0  23.0
14.651  428.0  1023.0  24.0
14.673  466.0  1023.0  23.0
14.673  466.0  1023.0  23.0
14.685  484.0  1023.0  23.0
14.72  543.0  1023.0  23.0
14.731  564.0  1023.0  24.0
14.753  608.0  1023.0  24.0
14.753  608.0  1023.0  23.0
14.777  647.0  1023.0  23.0
14.799  689.0  1023.0  23.0
14.822  731.0  1023.0  24.0
14.822  731.0  1023.0  24.0
14.845  770.0  1023.0  23.0
14.868  808.0  1023.0  23.0
14.879  826.0  1023.0  23.0
14.903  860.0  1023.0  24.0
14.903  860.0  1023.0  23.0
14.925  894.0  1023.0  23.0
14.948  923.0  1023.0  23.0
14.971  950.0  1023.0  23.0
14.994  972.0  1023.0  24.0
14.994  972.0  1023.0  24.0
15.005  984.0  1023.0  23.0
15.028  1000.0  1023.0  23.0
15.053  1011.0  1023.0  23.0
15.066  1015.0  1023.0  23.0
15.066  1015.0  1023.0  24.0
15.09  1018.0  1023.0  23.0
15.116  1017.0  1023.0  23.0
15.14  1018.0  1023.0  23.0
15.153  1012.0  1023.0  23.0
15.153  1012.0  1023.0  24.0
15.178  990.0  1023.0  24.0
15.201  965.0  1023.0  24.0
15.223  942.0  1023.0  23.0
15.247  921.0  1023.0  24.0
15.247  921.0  1023.0  24.0
15.258  905.0  1023.0  24.0
15.281  869.0  1023.0  24.0
15.281  869.0  1023.0  23.0
15.315  813.0  1023.0  23.0
15.327  795.0  1023.0  24.0
15.349  759.0  1023.0  24.0
15.373  718.0  1023.0  24.0
15.395  679.0  1023.0  23.0
15.395  679.0  1023.0  23.0
15.418  636.0  1023.0  24.0
15.429  621.0  1023.0  24.0
15.453  584.0  1023.0  24.0
15.453  584.0  1023.0  23.0
15.475  546.0  1023.0  23.0
15.499  511.0  1023.0  23.0
15.521  478.0  1023.0  24.0
15.544  444.0  1023.0  24.0
15.544  444.0  1023.0  23.0
15.567  415.0  1023.0  23.0
15.579  398.0  1023.0  23.0
15.601  374.0  1023.0  24.0
15.601  374.0  1023.0  24.0
15.624  351.0  1023.0  23.0
15.647  330.0  1023.0  23.0
15.67  310.0  1023.0  24.0
15.692  293.0  1023.0  24.0
15.692  293.0  1023.0  24.0
15.705  285.0  1023.0  24.0
15.738  266.0  1023.0  23.0
15.75  262.0  1023.0  23.0
15.773  255.0  1023.0  23.0
15.773  255.0  1023.0  24.0
15.796  253.0  1023.0  24.0
15.818  251.0  1023.0  23.0
15.842  251.0  1023.0  23.0
15.864  251.0  1023.0  23.0
15.864  251.0  1023.0  24.0
15.887  251.0  1023.0  23.0
15.899  250.0  1023.0  23.0
15.922  250.0  1023.0  23.0
15.922  250.0  1023.0  23.0
15.944  256.0  1023.0  24.0
15.968  279.0  1023.0  24.0
15.99  294.0  1023.0  22.0
16.013  318.0  1023.0  23.0
16.013  318.0  1023.0  23.0
16.024  329.0  1023.0  23.0
16.048  356.0  1023.0  24.0
16.07  388.0  1023.0  24.0
16.093  421.0  1023.0  23.0
16.093  421.0  1023.0  23.0
16.116  456.0  1023.0  24.0
16.139  496.0  1023.0  24.0
16.161  536.0  1023.0  24.0
16.161  536.0  1023.0  23.0
16.174  556.0  1023.0  23.0
16.196  599.0  1023.0  24.0
16.219  642.0  1023.0  24.0
16.242  682.0  1023.0  24.0
16.242  682.0  1023.0  23.0
16.265  725.0  1023.0  23.0
16.287  765.0  1023.0  23.0
16.3  784.0  1023.0  24.0
16.322  824.0  1023.0  24.0
16.322  824.0  1023.0  23.0
16.345  858.0  1023.0  23.0
16.368  891.0  1023.0  23.0
16.391  922.0  1023.0  24.0
16.413  949.0  1023.0  24.0
16.413  949.0  1023.0  23.0
16.437  972.0  1023.0  23.0
16.448  983.0  1023.0  23.0
16.471  1000.0  1023.0  24.0
16.495  1011.0  1023.0  24.0
16.495  1011.0  1023.0  23.0
16.508  1015.0  1023.0  23.0
16.533  1018.0  1023.0  23.0
16.558  1019.0  1023.0  23.0
16.583  1017.0  1023.0  24.0
16.583  1017.0  1023.0  24.0
16.595  1010.0  1023.0  24.0
16.619  986.0  1023.0  23.0
16.643  958.0  1023.0  24.0
16.665  931.0  1023.0  24.0
16.665  931.0  1023.0  24.0
16.688  912.0  1023.0  24.0
16.7  903.0  1023.0  23.0
16.722  877.0  1023.0  23.0
16.745  838.0  1023.0  24.0
16.745  838.0  1023.0  24.0
16.769  801.0  1023.0  23.0
16.791  763.0  1023.0  23.0
16.814  723.0  1023.0  23.0
16.825  704.0  1023.0  24.0
16.825  704.0  1023.0  24.0
16.848  662.0  1023.0  24.0
16.871  624.0  1023.0  23.0
16.893  587.0  1023.0  23.0
16.893  587.0  1023.0  24.0
16.917  549.0  1023.0  24.0
16.94  512.0  1023.0  24.0
16.963  477.0  1023.0  23.0
16.974  461.0  1023.0  23.0
16.974  461.0  1023.0  23.0
16.997  428.0  1023.0  23.0
17.019  398.0  1023.0  24.0
17.043  374.0  1023.0  23.0
17.065  348.0  1023.0  23.0
17.065  348.0  1023.0  23.0
17.077  339.0  1023.0  24.0
17.1  318.0  1023.0  24.0
17.123  299.0  1023.0  24.0
17.145  285.0  1023.0  23.0
17.145  285.0  1023.0  23.0
17.169  271.0  1023.0  24.0
17.191  261.0  1023.0  24.0
17.203  257.0  1023.0  23.0
17.225  253.0  1023.0  23.0
17.238  252.0  1023.0  23.0
17.249  251.0  1023.0  23.0
17.271  250.0  1023.0  24.0
17.294  250.0  1023.0  23.0
17.294  250.0  1023.0  23.0
17.317  250.0  1023.0  23.0
17.34  251.0  1023.0  24.0
17.363  250.0  1023.0  24.0
17.375  249.0  1023.0  24.0
17.375  249.0  1023.0  23.0
17.397  265.0  1023.0  23.0
17.42  287.0  1023.0  23.0
17.443  306.0  1023.0  24.0
17.466  332.0  1023.0  24.0
17.466  332.0  1023.0  24.0
17.488  360.0  1023.0  23.0
17.501  373.0  1023.0  23.0
17.523  408.0  1023.0  24.0
17.546  445.0  1023.0  24.0
17.546  445.0  1023.0  24.0
17.569  484.0  1023.0  24.0
17.581  505.0  1023.0  24.0
17.614  564.0  1023.0  24.0
17.626  586.0  1023.0  24.0
17.626  586.0  1023.0  24.0
17.649  630.0  1023.0  23.0
17.672  670.0  1023.0  23.0
17.695  712.0  1023.0  23.0
17.718  754.0  1023.0  24.0
17.718  754.0  1023.0  24.0
17.74  791.0  1023.0  23.0
17.764  832.0  1023.0  23.0
17.775  850.0  1023.0  23.0
17.798  882.0  1023.0  24.0
17.798  882.0  1023.0  24.0
17.82  913.0  1023.0  24.0
17.844  939.0  1023.0  23.0
17.866  963.0  1023.0  24.0
17.866  963.0  1023.0  24.0
17.889  985.0  1023.0  24.0
17.901  993.0  1023.0  24.0
17.925  1006.0  1023.0  23.0
17.949  1014.0  1023.0  23.0
17.949  1014.0  1023.0  23.0
17.963  1017.0  1023.0  24.0
17.987  1018.0  1023.0  24.0
18.012  1017.0  1023.0  24.0
18.024  1017.0  1023.0  23.0
18.024  1017.0  1023.0  23.0
18.05  1002.0  1023.0  24.0
18.073  976.0  1023.0  24.0
18.097  955.0  1023.0  23.0
18.119  936.0  1023.0  23.0
18.119  936.0  1023.0  23.0
18.13  921.0  1023.0  24.0
18.153  887.0  1023.0  24.0
18.177  848.0  1023.0  23.0
18.199  813.0  1023.0  24.0
18.199  813.0  1023.0  24.0
18.222  777.0  1023.0  24.0
18.245  736.0  1023.0  24.0
18.268  697.0  1023.0  23.0
18.279  676.0  1023.0  23.0
18.279  676.0  1023.0  23.0
18.302  633.0  1023.0  24.0
18.325  598.0  1023.0  24.0
18.348  561.0  1023.0  24.0
18.348  561.0  1023.0  23.0
18.371  523.0  1023.0  23.0
18.394  486.0  1023.0  24.0
18.416  453.0  1023.0  24.0
18.428  438.0  1023.0  23.0
18.451  409.0  1023.0  23.0
18.451  409.0  1023.0  23.0
18.473  383.0  1023.0  23.0
18.497  357.0  1023.0  24.0
18.52  337.0  1023.0  24.0
18.52  337.0  1023.0  24.0
18.531  326.0  1023.0  24.0
18.553  307.0  1023.0  23.0
18.577  291.0  1023.0  24.0
18.599  277.0  1023.0  24.0
18.599  277.0  1023.0  23.0
18.622  266.0  1023.0  23.0
18.646  258.0  1023.0  23.0
18.657  256.0  1023.0  23.0
18.657  256.0  1023.0  24.0
18.691  251.0  1023.0  24.0
18.703  251.0  1023.0  23.0
18.725  252.0  1023.0  23.0
18.748  251.0  1023.0  24.0
18.748  251.0  1023.0  24.0
18.771  251.0  1023.0  24.0
18.794  251.0  1023.0  24.0
18.805  251.0  1023.0  24.0
18.829  257.0  1023.0  24.0
18.829  257.0  1023.0  24.0
18.851  279.0  1023.0  24.0
18.874  295.0  1023.0  23.0
18.897  320.0  1023.0  23.0
18.92  344.0  1023.0  24.0
18.92  344.0  1023.0  24.0
18.942  376.0  1023.0  24.0
18.966  408.0  1023.0  24.0
18.977  425.0  1023.0  24.0
18.977  425.0  1023.0  24.0
19.0  460.0  1023.0  24.0
19.022  501.0  1023.0  24.0
19.046  539.0  1023.0  24.0
19.068  582.0  1023.0  23.0
19.068  582.0  1023.0  24.0
19.08  604.0  1023.0  24.0
19.115  662.0  1023.0  24.0
19.126  681.0  1023.0  24.0
19.148  726.0  1023.0  23.0
19.172  765.0  1023.0  23.0
19.172  765.0  1023.0  23.0
19.194  804.0  1023.0  24.0
19.217  843.0  1023.0  24.0
19.229  859.0  1023.0  24.0
19.229  859.0  1023.0  23.0
19.252  892.0  1023.0  23.0
19.274  922.0  1023.0  24.0
19.298  946.0  1023.0  24.0
19.32  970.0  1023.0  24.0
19.32  970.0  1023.0  24.0
19.343  990.0  1023.0  24.0
19.354  997.0  1023.0  23.0
19.379  1008.0  1023.0  24.0
19.403  1016.0  1023.0  23.0
19.403  1016.0  1023.0  23.0
19.416  1018.0  1023.0  23.0
19.441  1018.0  1023.0  23.0
19.466  1018.0  1023.0  24.0
19.478  1014.0  1023.0  24.0
19.478  1014.0  1023.0  24.0
19.504  993.0  1023.0  24.0
19.526  969.0  1023.0  24.0
19.549  950.0  1023.0  24.0
19.572  925.0  1023.0  24.0
19.572  925.0  1023.0  24.0
19.595  889.0  1023.0  23.0
19.606  872.0  1023.0  23.0
19.63  836.0  1023.0  24.0
19.652  799.0  1023.0  23.0
19.652  799.0  1023.0  23.0
19.675  760.0  1023.0  23.0
19.698  721.0  1023.0  23.0
19.721  682.0  1023.0  24.0
19.743  640.0  1023.0  24.0
19.743  640.0  1023.0  24.0
19.755  620.0  1023.0  23.0
19.778  584.0  1023.0  23.0
19.801  545.0  1023.0  24.0
19.801  545.0  1023.0  24.0
19.823  507.0  1023.0  24.0
19.847  473.0  1023.0  23.0
19.869  439.0  1023.0  23.0
19.893  410.0  1023.0  24.0
19.893  410.0  1023.0  24.0
19.915  384.0  1023.0  24.0
19.927  370.0  1023.0  23.0
19.949  347.0  1023.0  23.0
19.949  347.0  1023.0  24.0
19.973  326.0  1023.0  24.0
19.995  305.0  1023.0  24.0
20.018  288.0  1023.0  23.0
20.041  275.0  1023.0  23.0
20.064  263.0  1023.0  23.0
20.064  263.0  1023.0  24.0
20.075  259.0  1023.0  24.0
20.099  254.0  1023.0  23.0
20.121  251.0  1023.0  23.0
20.144  251.0  1023.0  23.0
20.144  251.0  1023.0  24.0
20.167  251.0  1023.0  24.0
20.19  251.0  1023.0  24.0
20.212  251.0  1023.0  23.0
20.212  251.0  1023.0  23.0
20.236  251.0  1023.0  24.0
20.247  250.0  1023.0  24.0
20.27  263.0  1023.0  24.0
20.27  263.0  1023.0  23.0
20.293  284.0  1023.0  23.0
20.316  304.0  1023.0  24.0
20.338  331.0  1023.0  24.0
20.362  357.0  1023.0  24.0
20.384  389.0  1023.0  23.0
20.384  389.0  1023.0  23.0
20.396  403.0  1023.0  24.0
20.418  438.0  1023.0  24.0
20.442  478.0  1023.0  24.0
20.442  478.0  1023.0  24.0
20.464  517.0  1023.0  23.0
20.487  557.0  1023.0  24.0
20.51  601.0  1023.0  24.0
20.521  621.0  1023.0  24.0
20.521  621.0  1023.0  23.0
20.544  661.0  1023.0  23.0
20.568  702.0  1023.0  23.0
20.59  748.0  1023.0  23.0
20.613  786.0  1023.0  24.0
20.613  786.0  1023.0  24.0
20.625  805.0  1023.0  23.0
20.659  862.0  1023.0  24.0
20.67  879.0  1023.0  24.0
20.694  910.0  1023.0  24.0
20.694  910.0  1023.0  24.0
20.716  937.0  1023.0  24.0
20.739  961.0  1023.0  24.0
20.762  983.0  1023.0  24.0
20.773  994.0  1023.0  24.0
20.773  994.0  1023.0  24.0
20.796  1003.0  1023.0  24.0
20.82  1014.0  1023.0  23.0
20.846  1018.0  1023.0  23.0
20.846  1018.0  1023.0  24.0
20.858  1017.0  1023.0  24.0
20.883  1018.0  1023.0  24.0
20.909  1012.0  1023.0  23.0
20.921  1002.0  1023.0  23.0
20.921  1002.0  1023.0  24.0
20.944  975.0  1023.0  24.0
20.968  954.0  1023.0  24.0
20.99  936.0  1023.0  23.0
20.99  936.0  1023.0  23.0
21.025  888.0  1023.0  24.0
21.037  870.0  1023.0  24.0
21.059  834.0  1023.0  24.0
21.059  834.0  1023.0  23.0
21.082  798.0  1023.0  23.0
21.105  759.0  1023.0  24.0
21.128  719.0  1023.0  24.0
21.15  680.0  1023.0  24.0
21.15  680.0  1023.0  24.0
21.163  659.0  1023.0  23.0
21.185  618.0  1023.0  24.0
21.208  581.0  1023.0  24.0
21.208  581.0  1023.0  24.0
21.231  541.0  1023.0  23.0
21.254  505.0  1023.0  23.0
21.265  489.0  1023.0  23.0
21.3  438.0  1023.0  23.0
21.311  422.0  1023.0  24.0
21.311  422.0  1023.0  23.0
21.334  394.0  1023.0  23.0
21.357  368.0  1023.0  23.0
21.38  344.0  1023.0  24.0
21.38  344.0  1023.0  24.0
21.402  322.0  1023.0  24.0
21.413  313.0  1023.0  23.0
21.437  295.0  1023.0  24.0
21.471  273.0  1023.0  24.0
21.471  273.0  1023.0  24.0
21.482  267.0  1023.0  24.0
