1788.978  309.0  215.0  309.0
1788.978  309.0  215.0  309.0
1788.978  309.0  215.0  309.0
1788.978  309.0  215.0  309.0
1788.978  309.0  215.0  309.0
1788.978  309.0  215.0  309.0
1788.978  309.0  215.0  309.0
1788.978  309.0  215.0  309.0
1788.978  309.0  215.0  309.0
1788.978  309.0  215.0  309.0
1788.978  309.0  215.0  309.0
1788.978  309.0  215.0  309.0
1788.978  309.0  215.0  309.0
1788.978  309.0  215.0  309.0
1788.978  309.0  215.0  309.0
1788.978  309.0  215.0  309.0
1788.978  309.0  215.0  309.0
1788.978  309.0  215.0  309.0
1788.978  309.0  215.0  309.0
1788.978  309.0  215.0  309.0
1788.978  309.0  215.0  309.0
1788.978  309.0  215.0  309.0
1788.978  309.0  215.0  309.0
1788.978  309.0  215.0  309.0
1788.978  309.0  215.0  309.0
1788.978  309.0  215.0  309.0
1788.978  309.0  215.0  309.0
1788.978  309.0  215.0  309.0
1788.978  309.0  215.0  309.0
1788.978  309.0  215.0  309.0
1788.978  309.0  215.0  309.0
1788.978  309.0  215.0  309.0
1788.978  309.0  215.0  309.0
1788.978  309.0  215.0  309.0
1788.978  309.0  215.0  309.0
1788.978  309.0  215.0  309.0
1788.978  309.0  215.0  309.0
1788.978  309.0  215.0  309.0
1788.978  309.0  215.0  309.0
0.0  308.0  215.0  309.0
0.0020  309.0  215.0  309.0
0.0020  309.0  215.0  309.0
0.0030  309.0  216.0  309.0
0.012  309.0  216.0  309.0
0.028  309.0  216.0  309.0
0.028  309.0  216.0  309.0
0.053  309.0  216.0  309.0
0.078  309.0  215.0  309.0
0.095  308.0  216.0  308.0
0.095  308.0  216.0  308.0
0.121  309.0  216.0  308.0
0.141  308.0  216.0  308.0
0.159  309.0  216.0  309.0
0.159  309.0  216.0  309.0
0.187  309.0  216.0  309.0
0.206  309.0  216.0  309.0
0.225  309.0  216.0  309.0
0.225  309.0  216.0  309.0
0.252  309.0  216.0  309.0
0.272  309.0  216.0  309.0
0.29  308.0  216.0  309.0
0.29  308.0  216.0  308.0
0.318  309.0  216.0  308.0
0.337  308.0  216.0  308.0
0.356  309.0  216.0  309.0
0.384  309.0  216.0  309.0
0.384  309.0  216.0  309.0
0.403  309.0  216.0  309.0
0.421  309.0  214.0  309.0
0.449  309.0  215.0  309.0
0.449  309.0  215.0  309.0
0.468  309.0  215.0  309.0
0.487  309.0  215.0  309.0
0.515  308.0  215.0  309.0
0.534  308.0  215.0  309.0
0.534  308.0  215.0  309.0
0.552  309.0  215.0  308.0
0.571  308.0  216.0  309.0
0.59  309.0  216.0  308.0
0.618  309.0  216.0  309.0
0.618  309.0  216.0  309.0
0.636  309.0  216.0  309.0
0.656  308.0  216.0  309.0
0.684  308.0  216.0  308.0
0.702  309.0  216.0  308.0
0.702  309.0  216.0  308.0
0.731  309.0  216.0  309.0
0.749  308.0  216.0  309.0
0.768  308.0  216.0  308.0
0.768  308.0  216.0  308.0
0.786  309.0  216.0  308.0
0.833  308.0  215.0  309.0
0.871  309.0  216.0  308.0
0.917  309.0  216.0  309.0
0.936  308.0  216.0  309.0
0.936  308.0  216.0  308.0
0.983  309.0  216.0  308.0
1.002  309.0  216.0  309.0
1.002  309.0  216.0  309.0
1.085  309.0  216.0  309.0
1.105  309.0  216.0  309.0
1.127  309.0  216.0  309.0
1.127  309.0  216.0  309.0
1.147  309.0  215.0  309.0
1.168  309.0  216.0  309.0
1.189  308.0  216.0  309.0
1.189  308.0  216.0  308.0
1.21  309.0  216.0  308.0
1.23  309.0  216.0  308.0
1.251  309.0  216.0  309.0
1.272  309.0  216.0  309.0
1.272  309.0  215.0  309.0
1.293  309.0  215.0  309.0
1.313  309.0  216.0  309.0
1.335  309.0  216.0  309.0
1.355  309.0  216.0  309.0
1.355  309.0  216.0  309.0
1.376  309.0  216.0  309.0
1.397  309.0  216.0  309.0
1.418  308.0  216.0  309.0
1.418  308.0  215.0  308.0
1.438  308.0  215.0  308.0
1.46  308.0  215.0  308.0
1.48  309.0  216.0  308.0
1.511  308.0  216.0  309.0
1.511  308.0  214.0  308.0
1.532  308.0  214.0  308.0
1.553  308.0  215.0  308.0
1.573  309.0  215.0  308.0
1.595  308.0  215.0  309.0
1.595  308.0  215.0  309.0
1.615  308.0  215.0  308.0
1.636  309.0  215.0  308.0
1.657  309.0  216.0  309.0
1.678  309.0  216.0  309.0
1.678  309.0  216.0  309.0
1.698  308.0  216.0  309.0
1.719  309.0  216.0  308.0
1.74  309.0  215.0  309.0
1.761  308.0  215.0  309.0
1.761  308.0  215.0  309.0
1.781  309.0  215.0  308.0
1.803  309.0  215.0  308.0
1.823  309.0  215.0  309.0
1.823  309.0  215.0  309.0
1.844  308.0  215.0  309.0
1.865  309.0  216.0  308.0
1.886  308.0  215.0  309.0
1.906  308.0  215.0  309.0
1.906  308.0  216.0  308.0
1.928  309.0  216.0  308.0
1.948  308.0  216.0  309.0
1.969  308.0  216.0  308.0
1.99  309.0  216.0  308.0
1.99  309.0  216.0  309.0
2.011  309.0  216.0  309.0
2.031  309.0  216.0  309.0
2.063  308.0  216.0  309.0
2.063  308.0  216.0  308.0
2.083  309.0  216.0  309.0
2.104  308.0  216.0  309.0
2.125  308.0  216.0  308.0
2.146  309.0  216.0  308.0
2.146  309.0  216.0  309.0
2.166  308.0  216.0  308.0
2.188  309.0  216.0  308.0
2.208  309.0  216.0  309.0
2.208  309.0  216.0  309.0
2.229  308.0  216.0  308.0
2.249  308.0  216.0  308.0
2.271  308.0  216.0  308.0
2.291  308.0  216.0  308.0
2.291  308.0  215.0  308.0
2.312  309.0  216.0  309.0
2.333  309.0  216.0  309.0
2.354  309.0  216.0  309.0
2.374  309.0  216.0  309.0
2.374  309.0  216.0  309.0
2.396  309.0  216.0  309.0
2.416  310.0  216.0  309.0
2.437  309.0  216.0  310.0
2.458  309.0  216.0  309.0
2.458  309.0  216.0  309.0
2.479  309.0  215.0  309.0
2.499  309.0  215.0  309.0
2.521  309.0  215.0  309.0
2.541  308.0  215.0  309.0
2.541  308.0  215.0  308.0
2.562  309.0  215.0  308.0
2.593  308.0  215.0  308.0
2.614  308.0  215.0  308.0
2.614  308.0  215.0  308.0
2.644  309.0  215.0  308.0
2.644  309.0  216.0  309.0
2.666  309.0  216.0  309.0
2.686  309.0  216.0  309.0
2.707  309.0  216.0  309.0
2.728  309.0  215.0  309.0
2.728  309.0  216.0  309.0
2.749  309.0  216.0  309.0
2.769  309.0  216.0  309.0
2.791  308.0  215.0  309.0
2.822  309.0  216.0  308.0
2.822  309.0  216.0  308.0
2.842  309.0  216.0  308.0
2.864  308.0  216.0  309.0
2.884  308.0  215.0  308.0
2.884  308.0  215.0  308.0
2.905  309.0  215.0  308.0
2.926  307.0  215.0  308.0
2.947  309.0  215.0  307.0
2.967  308.0  216.0  309.0
2.967  308.0  215.0  308.0
2.989  308.0  216.0  308.0
3.009  309.0  216.0  308.0
3.03  309.0  215.0  309.0
3.03  309.0  215.0  309.0
3.05  308.0  215.0  308.0
3.072  309.0  216.0  309.0
3.092  308.0  216.0  309.0
3.112  309.0  215.0  308.0
3.112  309.0  215.0  309.0
3.134  308.0  216.0  308.0
3.154  307.0  216.0  308.0
3.175  309.0  216.0  308.0
3.196  307.0  216.0  309.0
3.196  307.0  216.0  307.0
3.217  309.0  215.0  309.0
3.237  309.0  215.0  309.0
3.269  309.0  215.0  309.0
3.29  308.0  216.0  309.0
3.29  308.0  215.0  308.0
3.31  308.0  215.0  308.0
3.332  309.0  215.0  308.0
3.352  308.0  215.0  309.0
3.352  308.0  215.0  308.0
3.373  309.0  215.0  308.0
3.394  309.0  216.0  309.0
3.415  309.0  216.0  309.0
3.435  309.0  216.0  309.0
3.435  309.0  215.0  309.0
3.457  309.0  215.0  309.0
3.477  309.0  216.0  309.0
3.497  308.0  216.0  309.0
3.519  309.0  216.0  309.0
3.519  309.0  216.0  309.0
3.539  309.0  215.0  309.0
3.56  309.0  216.0  309.0
3.58  308.0  216.0  309.0
3.602  309.0  216.0  309.0
3.602  309.0  216.0  309.0
3.622  309.0  215.0  309.0
3.643  309.0  215.0  309.0
3.664  308.0  215.0  309.0
3.664  308.0  215.0  308.0
3.685  309.0  215.0  309.0
3.705  309.0  215.0  309.0
3.727  309.0  215.0  309.0
3.747  309.0  215.0  309.0
3.747  309.0  215.0  309.0
3.768  308.0  215.0  308.0
3.789  309.0  215.0  309.0
3.82  308.0  215.0  308.0
3.841  309.0  215.0  308.0
3.841  309.0  215.0  308.0
3.862  308.0  214.0  308.0
3.883  308.0  214.0  308.0
3.903  308.0  214.0  308.0
3.903  308.0  215.0  308.0
3.924  309.0  215.0  309.0
3.945  308.0  215.0  309.0
3.965  308.0  215.0  308.0
3.987  308.0  215.0  308.0
3.987  308.0  215.0  308.0
4.007  305.0  216.0  305.0
4.028  291.0  216.0  291.0
4.048  277.0  216.0  291.0
4.07  263.0  216.0  277.0
4.07  263.0  216.0  277.0
4.09  255.0  215.0  255.0
4.111  250.0  215.0  250.0
4.132  250.0  215.0  250.0
4.132  250.0  215.0  250.0
4.153  249.0  215.0  250.0
4.173  249.0  215.0  249.0
4.195  249.0  210.0  249.0
4.215  249.0  210.0  249.0
4.215  249.0  209.0  249.0
4.236  261.0  209.0  261.0
4.257  287.0  209.0  287.0
4.288  318.0  209.0  287.0
4.308  349.0  209.0  287.0
4.308  349.0  209.0  349.0
4.33  382.0  209.0  382.0
4.35  421.0  209.0  401.0
4.371  459.0  208.0  421.0
4.371  459.0  208.0  421.0
4.392  503.0  208.0  421.0
4.413  548.0  208.0  503.0
4.433  597.0  207.0  548.0
4.433  597.0  208.0  597.0
4.455  647.0  208.0  597.0
4.475  692.0  207.0  647.0
4.506  767.0  207.0  647.0
4.517  787.0  206.0  767.0
4.517  787.0  207.0  787.0
4.548  851.0  207.0  787.0
4.558  871.0  206.0  851.0
4.579  903.0  206.0  871.0
4.6  938.0  206.0  871.0
4.6  938.0  206.0  938.0
4.631  977.0  206.0  938.0
4.653  996.0  205.0  977.0
4.674  1007.0  205.0  996.0
4.674  1007.0  207.0  1007.0
4.685  1014.0  207.0  1007.0
4.708  1019.0  207.0  1007.0
4.731  1019.0  208.0  1019.0
4.754  1014.0  208.0  1019.0
4.754  1014.0  208.0  1014.0
4.776  991.0  209.0  991.0
4.798  965.0  209.0  991.0
4.818  935.0  209.0  935.0
4.839  903.0  209.0  935.0
4.839  903.0  209.0  903.0
4.86  866.0  211.0  866.0
4.881  824.0  211.0  866.0
4.901  781.0  212.0  824.0
4.923  737.0  213.0  781.0
4.923  737.0  213.0  781.0
4.943  692.0  214.0  692.0
4.964  647.0  214.0  692.0
4.985  601.0  213.0  647.0
4.985  601.0  213.0  601.0
5.006  559.0  214.0  559.0
5.026  515.0  214.0  559.0
5.047  474.0  214.0  559.0
5.068  436.0  214.0  474.0
5.089  399.0  214.0  436.0
5.089  399.0  214.0  399.0
5.109  369.0  214.0  399.0
5.131  341.0  214.0  369.0
5.151  317.0  215.0  341.0
5.151  317.0  215.0  341.0
5.172  297.0  215.0  297.0
5.203  272.0  215.0  297.0
5.224  259.0  215.0  272.0
5.244  253.0  214.0  259.0
5.244  253.0  213.0  253.0
5.266  249.0  213.0  253.0
5.286  248.0  213.0  253.0
5.307  248.0  213.0  248.0
5.328  248.0  213.0  248.0
5.328  248.0  210.0  248.0
5.349  248.0  208.0  248.0
5.369  251.0  208.0  248.0
5.391  272.0  208.0  248.0
5.391  272.0  208.0  272.0
5.411  298.0  208.0  298.0
5.432  320.0  208.0  298.0
5.453  353.0  208.0  320.0
5.474  387.0  208.0  353.0
5.474  387.0  208.0  387.0
5.494  426.0  208.0  387.0
5.516  468.0  208.0  387.0
5.536  512.0  208.0  468.0
5.557  558.0  207.0  512.0
5.557  558.0  207.0  558.0
5.577  607.0  207.0  558.0
5.599  658.0  207.0  558.0
5.619  703.0  207.0  658.0
5.619  703.0  206.0  703.0
5.64  751.0  206.0  751.0
5.661  795.0  206.0  795.0
5.682  836.0  206.0  795.0
5.712  891.0  206.0  836.0
5.724  909.0  206.0  836.0
5.724  909.0  206.0  909.0
5.754  956.0  205.0  956.0
5.775  978.0  205.0  956.0
5.796  997.0  205.0  978.0
5.796  997.0  205.0  997.0
5.807  1003.0  205.0  997.0
5.829  1015.0  206.0  1015.0
5.853  1019.0  206.0  1015.0
5.875  1019.0  208.0  1019.0
5.875  1019.0  208.0  1019.0
5.898  1010.0  208.0  1010.0
5.921  986.0  208.0  986.0
5.942  959.0  208.0  986.0
5.942  959.0  208.0  986.0
5.962  930.0  208.0  930.0
5.984  896.0  209.0  896.0
6.004  856.0  209.0  896.0
6.025  813.0  211.0  856.0
6.025  813.0  211.0  813.0
6.045  771.0  211.0  813.0
6.067  726.0  211.0  726.0
6.087  682.0  212.0  682.0
6.108  635.0  212.0  682.0
6.108  635.0  212.0  635.0
6.129  591.0  212.0  591.0
6.15  549.0  212.0  591.0
6.17  505.0  212.0  505.0
6.192  466.0  212.0  505.0
6.192  466.0  213.0  466.0
6.212  428.0  214.0  428.0
6.233  393.0  214.0  393.0
6.264  348.0  214.0  393.0
6.275  337.0  214.0  393.0
6.285  323.0  214.0  323.0
6.305  302.0  214.0  302.0
6.317  293.0  214.0  293.0
6.337  277.0  214.0  277.0
6.337  277.0  214.0  277.0
6.358  262.0  214.0  277.0
6.389  251.0  213.0  251.0
6.41  249.0  214.0  249.0
6.43  249.0  212.0  249.0
6.43  249.0  212.0  249.0
6.452  248.0  212.0  248.0
6.472  248.0  212.0  248.0
6.493  248.0  208.0  248.0
6.493  248.0  208.0  248.0
6.514  255.0  208.0  255.0
6.535  282.0  209.0  282.0
6.555  303.0  209.0  293.0
6.576  330.0  208.0  303.0
6.576  330.0  208.0  303.0
6.597  361.0  208.0  303.0
6.618  396.0  208.0  361.0
6.638  437.0  208.0  396.0
6.66  476.0  208.0  437.0
6.66  476.0  208.0  437.0
6.68  522.0  207.0  476.0
6.701  568.0  207.0  476.0
6.722  620.0  207.0  568.0
6.722  620.0  206.0  620.0
6.743  667.0  206.0  620.0
6.773  737.0  206.0  667.0
6.795  782.0  205.0  737.0
6.805  802.0  205.0  737.0
6.825  845.0  205.0  802.0
6.825  845.0  205.0  802.0
6.847  883.0  205.0  845.0
6.867  918.0  205.0  883.0
6.888  946.0  205.0  918.0
6.888  946.0  205.0  918.0
6.908  972.0  205.0  918.0
6.93  993.0  205.0  972.0
6.951  1007.0  206.0  993.0
6.974  1016.0  206.0  1007.0
6.998  1018.0  208.0  1016.0
6.998  1018.0  208.0  1016.0
7.02  1017.0  208.0  1018.0
7.043  1006.0  208.0  1018.0
7.065  979.0  208.0  1006.0
7.065  979.0  208.0  979.0
7.086  951.0  208.0  979.0
7.106  923.0  208.0  951.0
7.117  906.0  208.0  923.0
7.138  867.0  208.0  923.0
7.138  867.0  209.0  867.0
7.158  826.0  209.0  867.0
7.19  762.0  210.0  826.0
7.211  718.0  210.0  762.0
7.231  673.0  211.0  718.0
7.231  673.0  211.0  718.0
7.252  626.0  211.0  718.0
7.273  582.0  211.0  626.0
7.293  540.0  212.0  582.0
7.315  496.0  212.0  540.0
7.315  496.0  212.0  496.0
7.335  456.0  212.0  496.0
7.356  418.0  212.0  496.0
7.376  385.0  213.0  418.0
7.398  354.0  212.0  385.0
7.398  354.0  213.0  354.0
7.418  328.0  213.0  354.0
7.439  306.0  213.0  328.0
7.46  287.0  213.0  328.0
7.481  271.0  213.0  287.0
7.481  271.0  213.0  287.0
7.501  258.0  214.0  271.0
7.523  252.0  212.0  258.0
7.543  248.0  213.0  252.0
7.543  248.0  213.0  248.0
7.564  248.0  213.0  248.0
7.585  249.0  213.0  248.0
7.606  248.0  213.0  249.0
7.626  248.0  210.0  248.0
7.626  248.0  209.0  248.0
7.648  252.0  209.0  248.0
7.668  275.0  209.0  248.0
7.689  297.0  209.0  275.0
7.72  336.0  209.0  297.0
7.72  336.0  209.0  336.0
7.741  366.0  209.0  336.0
7.761  403.0  209.0  366.0
7.783  444.0  209.0  403.0
7.783  444.0  209.0  403.0
7.803  488.0  208.0  488.0
7.824  536.0  208.0  488.0
7.845  584.0  208.0  536.0
7.866  634.0  208.0  584.0
7.866  634.0  208.0  634.0
7.886  683.0  208.0  634.0
7.907  731.0  208.0  634.0
7.928  775.0  207.0  731.0
7.949  819.0  207.0  775.0
7.949  819.0  205.0  819.0
7.969  860.0  205.0  860.0
7.991  896.0  205.0  860.0
8.011  930.0  205.0  860.0
8.011  930.0  205.0  930.0
8.032  958.0  206.0  958.0
8.053  983.0  206.0  983.0
8.074  998.0  206.0  983.0
8.095  1011.0  206.0  998.0
8.095  1011.0  206.0  998.0
8.119  1018.0  206.0  1018.0
8.141  1017.0  208.0  1017.0
8.164  1017.0  208.0  1017.0
8.175  1009.0  208.0  1017.0
8.175  1009.0  208.0  1009.0
8.198  983.0  208.0  983.0
8.228  946.0  208.0  983.0
8.25  914.0  208.0  983.0
8.25  914.0  209.0  914.0
8.27  876.0  209.0  876.0
8.291  835.0  210.0  835.0
8.312  794.0  210.0  835.0
8.312  794.0  211.0  794.0
8.333  750.0  211.0  794.0
8.353  704.0  211.0  704.0
8.374  659.0  211.0  659.0
8.395  609.0  211.0  659.0
8.395  609.0  212.0  609.0
8.416  569.0  212.0  569.0
8.436  524.0  212.0  524.0
8.458  481.0  212.0  524.0
8.488  421.0  212.0  524.0
8.488  421.0  213.0  421.0
8.499  405.0  213.0  405.0
8.53  357.0  213.0  357.0
8.551  331.0  214.0  331.0
8.571  309.0  214.0  331.0
8.571  309.0  214.0  331.0
8.593  289.0  214.0  289.0
8.613  273.0  215.0  273.0
8.634  260.0  215.0  273.0
8.645  255.0  214.0  260.0
8.645  255.0  214.0  255.0
8.666  250.0  214.0  255.0
8.696  248.0  213.0  248.0
8.718  248.0  214.0  248.0
8.718  248.0  214.0  248.0
8.738  248.0  212.0  248.0
8.759  247.0  210.0  247.0
8.78  250.0  209.0  250.0
8.801  268.0  209.0  250.0
8.801  268.0  209.0  250.0
8.821  294.0  209.0  294.0
8.843  315.0  208.0  315.0
8.863  346.0  208.0  346.0
8.884  379.0  208.0  346.0
8.884  379.0  208.0  346.0
8.904  419.0  208.0  419.0
8.926  461.0  208.0  440.0
8.946  505.0  208.0  482.0
8.967  553.0  208.0  505.0
8.967  553.0  208.0  505.0
8.988  602.0  208.0  505.0
9.009  654.0  206.0  654.0
9.029  699.0  207.0  699.0
9.051  747.0  207.0  722.0
9.051  747.0  207.0  722.0
9.071  791.0  206.0  747.0
9.092  833.0  206.0  791.0
9.113  873.0  206.0  791.0
9.134  907.0  206.0  891.0
9.134  907.0  206.0  891.0
9.154  939.0  206.0  925.0
9.176  965.0  206.0  939.0
9.196  988.0  205.0  965.0
9.196  988.0  205.0  965.0
9.217  1002.0  205.0  965.0
9.239  1014.0  206.0  1002.0
9.263  1018.0  208.0  1014.0
9.285  1019.0  208.0  1018.0
9.285  1019.0  208.0  1018.0
9.309  1014.0  208.0  1019.0
9.331  988.0  208.0  1019.0
9.352  961.0  208.0  988.0
9.372  933.0  208.0  961.0
9.372  933.0  208.0  961.0
9.394  898.0  208.0  933.0
9.414  859.0  210.0  898.0
9.435  816.0  212.0  859.0
9.435  816.0  212.0  859.0
9.456  776.0  212.0  859.0
9.477  730.0  212.0  776.0
9.497  683.0  211.0  730.0
9.519  637.0  212.0  683.0
9.539  593.0  212.0  637.0
9.539  593.0  212.0  637.0
9.56  550.0  212.0  637.0
9.581  506.0  212.0  550.0
9.602  465.0  213.0  506.0
9.602  465.0  213.0  506.0
9.622  427.0  213.0  465.0
9.644  394.0  213.0  427.0
9.664  364.0  213.0  427.0
9.664  364.0  213.0  364.0
9.684  336.0  213.0  336.0
9.705  313.0  213.0  336.0
9.726  292.0  213.0  313.0
9.747  276.0  214.0  292.0
9.767  261.0  214.0  292.0
9.767  261.0  213.0  261.0
9.789  253.0  213.0  261.0
9.809  249.0  213.0  253.0
9.841  249.0  213.0  249.0
9.841  249.0  213.0  249.0
9.862  248.0  213.0  249.0
9.882  249.0  213.0  249.0
9.903  248.0  211.0  249.0
9.924  256.0  208.0  248.0
9.924  256.0  209.0  256.0
9.945  282.0  209.0  256.0
9.965  302.0  210.0  282.0
9.987  328.0  209.0  302.0
10.007  363.0  209.0  302.0
10.007  363.0  209.0  363.0
10.018  383.0  209.0  363.0
10.053  447.0  208.0  383.0
10.064  471.0  209.0  447.0
10.064  471.0  208.0  471.0
10.098  548.0  208.0  471.0
10.11  575.0  208.0  471.0
10.133  629.0  208.0  575.0
10.133  629.0  208.0  629.0
10.156  681.0  207.0  681.0
10.179  733.0  207.0  733.0
10.202  783.0  207.0  733.0
10.224  829.0  207.0  733.0
10.224  829.0  207.0  829.0
10.235  853.0  207.0  853.0
10.259  893.0  206.0  893.0
10.281  929.0  206.0  893.0
10.304  960.0  205.0  929.0
10.304  960.0  206.0  960.0
10.328  987.0  206.0  960.0
10.35  1004.0  206.0  960.0
10.362  1009.0  206.0  1004.0
10.362  1009.0  206.0  1009.0
10.388  1018.0  208.0  1018.0
10.413  1019.0  208.0  1018.0
10.425  1019.0  208.0  1018.0
10.45  1003.0  209.0  1019.0
10.45  1003.0  209.0  1003.0
10.474  972.0  209.0  972.0
10.497  946.0  209.0  946.0
10.52  908.0  209.0  908.0
10.52  908.0  209.0  908.0
10.543  867.0  209.0  908.0
10.565  821.0  211.0  821.0
10.577  798.0  211.0  798.0
10.6  751.0  212.0  751.0
10.6  751.0  212.0  751.0
10.622  702.0  212.0  702.0
10.646  651.0  212.0  702.0
10.669  601.0  213.0  601.0
10.691  556.0  212.0  556.0
10.691  556.0  212.0  556.0
10.715  505.0  213.0  505.0
10.726  482.0  212.0  482.0
10.748  438.0  212.0  482.0
10.748  438.0  212.0  482.0
10.771  400.0  213.0  400.0
10.795  366.0  213.0  366.0
10.817  336.0  213.0  336.0
10.841  310.0  214.0  336.0
10.841  310.0  214.0  336.0
10.863  288.0  214.0  336.0
10.886  271.0  214.0  288.0
10.897  263.0  214.0  271.0
10.897  263.0  213.0  263.0
10.932  251.0  213.0  251.0
10.943  249.0  213.0  251.0
10.966  248.0  213.0  249.0
10.966  248.0  213.0  249.0
10.989  248.0  213.0  248.0
11.012  248.0  213.0  248.0
11.034  247.0  210.0  248.0
11.034  247.0  208.0  247.0
11.058  256.0  208.0  247.0
11.08  286.0  209.0  286.0
11.103  308.0  209.0  308.0
11.115  323.0  209.0  308.0
11.115  323.0  209.0  323.0
11.149  377.0  209.0  377.0
11.16  397.0  209.0  397.0
11.184  442.0  209.0  397.0
11.206  487.0  209.0  397.0
11.206  487.0  209.0  487.0
11.229  539.0  208.0  539.0
11.252  591.0  208.0  539.0
11.275  646.0  207.0  591.0
11.275  646.0  206.0  646.0
11.297  697.0  206.0  646.0
11.31  723.0  206.0  723.0
11.332  775.0  206.0  775.0
11.355  824.0  206.0  775.0
11.355  824.0  206.0  824.0
11.378  870.0  205.0  870.0
11.401  907.0  205.0  907.0
11.423  943.0  205.0  907.0
11.435  957.0  205.0  907.0
11.435  957.0  206.0  957.0
11.458  984.0  206.0  984.0
11.481  1001.0  205.0  1001.0
11.506  1014.0  205.0  1001.0
11.518  1016.0  206.0  1014.0
11.518  1016.0  206.0  1014.0
11.543  1018.0  208.0  1018.0
11.568  1016.0  208.0  1016.0
11.593  991.0  208.0  1016.0
11.593  991.0  209.0  991.0
11.604  977.0  208.0  977.0
11.627  950.0  208.0  977.0
11.651  916.0  210.0  916.0
11.673  876.0  210.0  916.0
11.673  876.0  209.0  876.0
11.696  832.0  209.0  832.0
11.719  787.0  211.0  787.0
11.742  737.0  212.0  737.0
11.753  713.0  212.0  737.0
11.753  713.0  212.0  737.0
11.777  662.0  213.0  662.0
11.799  610.0  212.0  610.0
11.822  562.0  213.0  562.0
11.845  512.0  213.0  562.0
11.845  512.0  213.0  512.0
11.868  467.0  213.0  512.0
11.879  447.0  214.0  447.0
11.901  406.0  214.0  406.0
11.901  406.0  214.0  406.0
11.925  372.0  213.0  372.0
11.948  340.0  214.0  340.0
11.971  313.0  214.0  340.0
11.994  291.0  214.0  291.0
11.994  291.0  214.0  291.0
12.016  273.0  213.0  273.0
12.027  264.0  214.0  264.0
12.051  254.0  213.0  254.0
12.073  249.0  213.0  254.0
12.073  249.0  213.0  254.0
12.096  248.0  213.0  248.0
12.12  247.0  213.0  247.0
12.142  248.0  212.0  248.0
12.153  248.0  210.0  248.0
12.153  248.0  210.0  248.0
12.177  247.0  209.0  247.0
12.199  263.0  209.0  247.0
12.222  292.0  209.0  263.0
12.246  316.0  208.0  292.0
12.246  316.0  208.0  292.0
12.257  335.0  208.0  316.0
12.291  389.0  208.0  316.0
12.302  411.0  209.0  389.0
12.302  411.0  209.0  411.0
12.325  457.0  209.0  411.0
12.348  507.0  208.0  457.0
12.371  559.0  208.0  507.0
12.394  613.0  208.0  507.0
12.394  613.0  208.0  507.0
12.417  666.0  208.0  613.0
12.44  719.0  208.0  666.0
12.451  745.0  207.0  719.0
12.474  796.0  207.0  745.0
12.474  796.0  207.0  745.0
12.496  842.0  206.0  796.0
12.52  885.0  206.0  796.0
12.52  885.0  206.0  885.0
12.542  922.0  206.0  922.0
12.565  954.0  206.0  922.0
12.589  981.0  205.0  954.0
12.611  998.0  205.0  981.0
12.611  998.0  205.0  981.0
12.635  1012.0  205.0  1012.0
12.648  1016.0  205.0  1012.0
12.673  1018.0  207.0  1016.0
12.673  1018.0  208.0  1018.0
12.697  1018.0  208.0  1018.0
12.71  1012.0  208.0  1012.0
12.735  984.0  208.0  1012.0
12.758  954.0  208.0  1012.0
12.758  954.0  208.0  954.0
12.781  921.0  208.0  921.0
12.804  883.0  209.0  883.0
12.815  860.0  209.0  883.0
12.838  814.0  210.0  860.0
12.838  814.0  210.0  860.0
12.861  769.0  211.0  769.0
12.883  715.0  211.0  769.0
12.907  666.0  212.0  715.0
12.93  613.0  213.0  666.0
12.93  613.0  213.0  613.0
12.952  565.0  213.0  613.0
12.963  541.0  213.0  613.0
12.987  492.0  213.0  541.0
13.009  450.0  213.0  492.0
13.009  450.0  214.0  450.0
13.032  408.0  214.0  408.0
13.056  375.0  214.0  408.0
13.067  359.0  214.0  375.0
13.101  317.0  214.0  375.0
13.101  317.0  214.0  317.0
13.124  294.0  215.0  317.0
13.124  294.0  215.0  317.0
13.147  275.0  213.0  294.0
13.17  259.0  213.0  275.0
13.193  252.0  214.0  259.0
13.193  252.0  214.0  259.0
13.215  247.0  214.0  259.0
13.239  248.0  213.0  247.0
13.261  248.0  213.0  248.0
13.261  248.0  213.0  248.0
13.284  247.0  212.0  248.0
13.307  247.0  209.0  247.0
13.33  260.0  209.0  247.0
13.341  273.0  209.0  247.0
13.341  273.0  209.0  247.0
13.364  300.0  208.0  273.0
13.387  329.0  208.0  300.0
13.41  366.0  208.0  329.0
13.432  406.0  208.0  366.0
13.432  406.0  208.0  366.0
13.445  431.0  208.0  366.0
13.478  499.0  208.0  431.0
13.49  527.0  208.0  499.0
13.49  527.0  207.0  527.0
13.513  576.0  207.0  527.0
13.536  632.0  207.0  576.0
13.558  684.0  206.0  632.0
13.582  737.0  206.0  632.0
13.582  737.0  206.0  632.0
13.604  788.0  206.0  737.0
13.616  809.0  205.0  788.0
13.639  856.0  206.0  809.0
13.662  894.0  205.0  856.0
13.662  894.0  205.0  856.0
13.684  932.0  205.0  856.0
13.708  961.0  206.0  932.0
13.73  987.0  206.0  961.0
13.742  996.0  206.0  987.0
13.742  996.0  206.0  987.0
13.765  1008.0  206.0  987.0
13.791  1017.0  207.0  1008.0
13.803  1018.0  208.0  1017.0
13.828  1018.0  209.0  1018.0
13.828  1018.0  208.0  1018.0
13.853  1004.0  208.0  1018.0
13.877  973.0  209.0  1004.0
13.888  957.0  209.0  1004.0
13.912  929.0  210.0  957.0
13.912  929.0  210.0  929.0
13.934  889.0  210.0  929.0
13.957  846.0  211.0  889.0
13.98  798.0  211.0  846.0
14.003  750.0  211.0  846.0
14.003  750.0  212.0  750.0
14.014  726.0  212.0  750.0
14.038  676.0  212.0  726.0
14.06  623.0  212.0  676.0
14.083  576.0  213.0  623.0
14.083  576.0  213.0  623.0
14.106  528.0  213.0  623.0
14.129  483.0  213.0  528.0
14.151  439.0  213.0  483.0
14.151  439.0  213.0  439.0
14.162  419.0  213.0  419.0
14.186  384.0  213.0  419.0
14.209  352.0  213.0  419.0
14.231  323.0  214.0  352.0
14.231  323.0  214.0  323.0
14.255  299.0  214.0  299.0
14.277  280.0  214.0  299.0
14.301  262.0  214.0  280.0
14.312  257.0  214.0  262.0
14.334  250.0  214.0  262.0
14.334  250.0  214.0  262.0
14.357  248.0  214.0  250.0
14.381  248.0  213.0  248.0
14.392  249.0  213.0  248.0
14.392  249.0  213.0  248.0
14.426  248.0  213.0  248.0
14.438  247.0  210.0  248.0
14.46  256.0  209.0  247.0
14.483  287.0  209.0  256.0
14.483  287.0  209.0  287.0
14.507  309.0  209.0  287.0
14.529  341.0  209.0  309.0
14.54  359.0  209.0  309.0
14.563  399.0  209.0  359.0
14.563  399.0  209.0  399.0
14.586  443.0  209.0  399.0
14.609  490.0  209.0  443.0
14.631  540.0  209.0  490.0
14.631  540.0  209.0  490.0
14.655  591.0  208.0  591.0
14.678  647.0  208.0  591.0
14.689  674.0  208.0  647.0
14.712  725.0  207.0  674.0
14.712  725.0  207.0  725.0
14.735  778.0  207.0  725.0
14.757  825.0  207.0  725.0
14.781  870.0  206.0  825.0
14.803  908.0  207.0  870.0
14.803  908.0  206.0  908.0
14.815  928.0  206.0  928.0
14.838  957.0  206.0  928.0
14.861  984.0  206.0  957.0
14.883  1002.0  206.0  957.0
14.883  1002.0  207.0  1002.0
14.909  1014.0  207.0  1002.0
14.921  1017.0  208.0  1014.0
14.946  1019.0  208.0  1017.0
14.946  1019.0  210.0  1019.0
14.971  1017.0  210.0  1019.0
14.984  1006.0  209.0  1006.0
15.007  975.0  209.0  1006.0
15.03  945.0  209.0  975.0
15.053  914.0  209.0  945.0
15.053  914.0  209.0  914.0
15.076  874.0  209.0  914.0
15.099  828.0  209.0  914.0
15.111  805.0  211.0  828.0
15.111  805.0  212.0  805.0
15.133  758.0  212.0  758.0
15.156  708.0  212.0  708.0
15.179  657.0  212.0  708.0
15.202  604.0  212.0  708.0
15.202  604.0  213.0  604.0
15.224  558.0  213.0  558.0
15.248  509.0  213.0  509.0
15.259  487.0  213.0  509.0
15.259  487.0  213.0  487.0
15.282  443.0  213.0  487.0
15.305  404.0  214.0  404.0
15.328  370.0  214.0  404.0
15.35  338.0  214.0  370.0
15.35  338.0  214.0  338.0
15.374  312.0  215.0  312.0
15.396  289.0  214.0  289.0
15.408  279.0  214.0  289.0
15.43  262.0  214.0  289.0
15.43  262.0  215.0  262.0
15.454  253.0  214.0  253.0
15.476  249.0  214.0  249.0
15.5  248.0  214.0  249.0
15.522  248.0  213.0  248.0
15.522  248.0  213.0  248.0
15.534  248.0  213.0  248.0
15.556  248.0  211.0  248.0
15.58  247.0  211.0  248.0
15.602  266.0  210.0  247.0
15.602  266.0  210.0  266.0
15.625  294.0  210.0  266.0
15.637  307.0  209.0  307.0
15.66  339.0  209.0  307.0
15.682  375.0  208.0  339.0
15.682  375.0  209.0  375.0
15.706  417.0  209.0  417.0
15.728  461.0  208.0  461.0
15.751  510.0  208.0  461.0
15.774  561.0  208.0  461.0
15.774  561.0  208.0  561.0
15.785  586.0  207.0  586.0
15.808  643.0  208.0  643.0
15.832  695.0  208.0  643.0
15.854  750.0  207.0  695.0
15.854  750.0  207.0  695.0
15.877  798.0  206.0  798.0
15.9  847.0  206.0  798.0
15.911  870.0  206.0  847.0
15.911  870.0  206.0  870.0
15.934  906.0  206.0  906.0
15.956  941.0  206.0  906.0
15.98  968.0  206.0  906.0
16.003  992.0  206.0  968.0
16.003  992.0  207.0  992.0
16.026  1006.0  207.0  1006.0
16.052  1016.0  208.0  1016.0
16.064  1018.0  208.0  1016.0
16.064  1018.0  209.0  1018.0
16.089  1017.0  209.0  1018.0
16.114  1009.0  209.0  1009.0
16.138  982.0  209.0  982.0
16.149  968.0  209.0  982.0
16.149  968.0  209.0  968.0
16.173  940.0  209.0  940.0
16.195  903.0  209.0  940.0
16.218  860.0  210.0  860.0
16.241  815.0  210.0  860.0
16.241  815.0  211.0  815.0
16.252  791.0  211.0  791.0
16.275  742.0  211.0  791.0
16.299  691.0  212.0  691.0
16.321  637.0  212.0  691.0
16.321  637.0  212.0  637.0
16.344  588.0  212.0  588.0
16.367  540.0  214.0  540.0
16.39  493.0  213.0  493.0
16.39  493.0  213.0  493.0
16.401  471.0  213.0  493.0
16.423  428.0  214.0  428.0
16.447  390.0  214.0  390.0
16.47  357.0  214.0  357.0
16.492  328.0  214.0  357.0
16.492  328.0  214.0  328.0
16.516  304.0  215.0  304.0
16.538  282.0  215.0  304.0
16.549  274.0  215.0  274.0
16.549  274.0  215.0  274.0
16.573  259.0  215.0  259.0
16.595  252.0  215.0  252.0
16.618  248.0  215.0  252.0
16.642  248.0  214.0  248.0
16.642  248.0  214.0  248.0
16.664  248.0  214.0  248.0
16.675  248.0  211.0  248.0
16.699  247.0  211.0  247.0
16.721  251.0  210.0  251.0
16.721  251.0  210.0  251.0
16.744  277.0  210.0  251.0
16.768  303.0  210.0  303.0
16.779  316.0  209.0  316.0
16.801  350.0  209.0  350.0
16.801  350.0  209.0  350.0
16.824  387.0  209.0  387.0
16.847  431.0  209.0  431.0
16.87  477.0  209.0  431.0
16.881  501.0  208.0  501.0
16.892  528.0  208.0  501.0
16.916  579.0  208.0  528.0
16.939  636.0  208.0  579.0
16.95  663.0  208.0  579.0
16.95  663.0  208.0  579.0
16.973  715.0  206.0  663.0
16.996  766.0  206.0  715.0
17.018  813.0  205.0  766.0
17.042  860.0  206.0  813.0
17.042  860.0  206.0  813.0
17.064  897.0  206.0  860.0
17.076  917.0  206.0  860.0
17.099  949.0  206.0  917.0
17.122  976.0  207.0  949.0
17.122  976.0  207.0  976.0
17.144  998.0  207.0  976.0
17.169  1010.0  207.0  998.0
17.181  1014.0  207.0  998.0
17.206  1018.0  209.0  1014.0
17.206  1018.0  209.0  1014.0
17.231  1018.0  208.0  1018.0
17.244  1012.0  208.0  1018.0
17.268  986.0  208.0  1012.0
17.291  956.0  208.0  1012.0
17.291  956.0  208.0  1012.0
17.314  929.0  208.0  956.0
17.337  888.0  209.0  929.0
17.348  867.0  211.0  888.0
17.372  821.0  211.0  867.0
17.372  821.0  211.0  867.0
17.394  774.0  212.0  821.0
17.417  723.0  212.0  821.0
17.44  671.0  211.0  723.0
17.44  671.0  212.0  671.0
17.463  620.0  212.0  671.0
17.485  573.0  212.0  620.0
17.498  548.0  213.0  573.0
17.52  500.0  213.0  573.0
17.52  500.0  213.0  573.0
17.543  459.0  213.0  500.0
17.566  417.0  213.0  459.0
17.589  383.0  213.0  417.0
17.611  348.0  214.0  383.0
17.611  348.0  214.0  383.0
17.635  322.0  214.0  383.0
17.646  309.0  214.0  322.0
17.669  287.0  214.0  309.0
17.691  270.0  215.0  287.0
17.691  270.0  215.0  287.0
17.715  257.0  214.0  270.0
17.737  250.0  214.0  270.0
17.76  247.0  214.0  250.0
17.772  248.0  214.0  247.0
17.772  248.0  214.0  247.0
17.795  248.0  214.0  248.0
17.817  248.0  209.0  248.0
17.841  248.0  209.0  248.0
17.841  248.0  209.0  248.0
17.863  258.0  209.0  248.0
17.886  288.0  210.0  258.0
17.909  311.0  209.0  288.0
17.921  325.0  209.0  311.0
17.921  325.0  209.0  325.0
17.943  361.0  209.0  325.0
17.967  400.0  209.0  325.0
17.989  444.0  209.0  400.0
18.012  489.0  208.0  444.0
18.012  489.0  208.0  489.0
18.035  539.0  208.0  489.0
18.058  591.0  208.0  539.0
18.069  620.0  208.0  591.0
18.069  620.0  208.0  591.0
18.092  674.0  208.0  591.0
18.115  726.0  207.0  674.0
18.138  777.0  206.0  726.0
18.161  823.0  206.0  777.0
18.161  823.0  206.0  777.0
18.184  870.0  206.0  777.0
18.195  887.0  206.0  870.0
18.217  923.0  206.0  887.0
18.241  955.0  207.0  923.0
18.241  955.0  207.0  955.0
18.264  983.0  207.0  955.0
18.286  1001.0  207.0  955.0
18.299  1007.0  207.0  1001.0
18.324  1018.0  207.0  1007.0
18.324  1018.0  209.0  1018.0
18.349  1018.0  209.0  1018.0
18.362  1017.0  208.0  1018.0
18.386  1007.0  208.0  1017.0
18.41  976.0  208.0  1017.0
18.41  976.0  209.0  976.0
18.434  948.0  209.0  976.0
18.456  916.0  209.0  948.0
18.467  897.0  209.0  916.0
18.49  854.0  210.0  897.0
18.49  854.0  210.0  897.0
18.513  808.0  210.0  897.0
18.536  760.0  211.0  808.0
18.558  709.0  212.0  760.0
18.582  660.0  212.0  709.0
18.582  660.0  212.0  660.0
18.593  633.0  212.0  660.0
18.616  584.0  212.0  633.0
18.639  538.0  212.0  633.0
18.662  491.0  213.0  538.0
18.662  491.0  213.0  491.0
18.684  448.0  213.0  491.0
18.697  430.0  214.0  448.0
18.719  391.0  213.0  430.0
18.742  357.0  213.0  430.0
18.742  357.0  214.0  357.0
18.765  327.0  214.0  357.0
18.788  303.0  214.0  327.0
18.81  282.0  214.0  303.0
18.834  265.0  214.0  303.0
18.834  265.0  214.0  265.0
18.845  258.0  214.0  265.0
18.868  252.0  213.0  258.0
18.89  249.0  214.0  252.0
18.89  249.0  214.0  249.0
18.914  248.0  213.0  248.0
18.936  248.0  213.0  248.0
18.96  248.0  213.0  248.0
18.971  248.0  210.0  248.0
18.971  248.0  209.0  248.0
19.005  265.0  209.0  248.0
19.016  279.0  209.0  265.0
19.04  302.0  209.0  279.0
19.062  333.0  209.0  302.0
19.062  333.0  209.0  302.0
19.085  366.0  209.0  302.0
19.108  406.0  209.0  366.0
19.12  428.0  209.0  406.0
19.142  474.0  209.0  428.0
19.142  474.0  209.0  428.0
19.166  526.0  209.0  428.0
19.188  578.0  208.0  526.0
19.211  633.0  208.0  578.0
19.211  633.0  208.0  633.0
19.234  686.0  207.0  686.0
19.257  739.0  207.0  686.0
19.268  767.0  207.0  739.0
19.291  812.0  207.0  739.0
19.291  812.0  207.0  812.0
19.314  859.0  206.0  859.0
19.337  897.0  206.0  859.0
19.36  933.0  207.0  897.0
19.383  963.0  207.0  933.0
19.383  963.0  207.0  933.0
19.394  977.0  207.0  977.0
19.417  998.0  207.0  977.0
19.441  1009.0  207.0  998.0
19.466  1018.0  208.0  1009.0
19.466  1018.0  209.0  1018.0
19.478  1018.0  209.0  1018.0
19.504  1017.0  209.0  1018.0
19.528  1003.0  209.0  1017.0
19.528  1003.0  209.0  1003.0
19.552  974.0  209.0  974.0
19.575  945.0  209.0  945.0
19.587  930.0  209.0  945.0
19.609  889.0  209.0  930.0
19.609  889.0  209.0  930.0
19.633  846.0  212.0  846.0
19.655  799.0  212.0  799.0
19.678  751.0  212.0  799.0
19.689  724.0  213.0  751.0
19.689  724.0  213.0  751.0
19.724  648.0  213.0  648.0
19.735  622.0  213.0  648.0
19.759  577.0  213.0  622.0
19.781  526.0  213.0  577.0
19.781  526.0  214.0  526.0
19.804  481.0  214.0  481.0
19.827  438.0  214.0  481.0
19.838  418.0  214.0  481.0
19.861  382.0  215.0  418.0
19.861  382.0  214.0  382.0
19.884  347.0  215.0  347.0
19.907  320.0  215.0  347.0
19.93  296.0  216.0  320.0
19.93  296.0  215.0  296.0
19.952  278.0  215.0  296.0
19.976  262.0  214.0  262.0
19.987  256.0  214.0  262.0
20.009  251.0  214.0  256.0
20.009  251.0  214.0  251.0
20.033  248.0  214.0  251.0
20.056  248.0  213.0  248.0
20.078  248.0  213.0  248.0
20.102  248.0  214.0  248.0
20.102  248.0  210.0  248.0
20.113  248.0  210.0  248.0
20.135  259.0  209.0  259.0
20.159  286.0  209.0  259.0
20.182  308.0  209.0  259.0
20.182  308.0  209.0  308.0
20.204  340.0  209.0  340.0
20.228  375.0  209.0  375.0
20.25  416.0  209.0  375.0
20.261  440.0  209.0  416.0
20.261  440.0  209.0  416.0
20.284  485.0  209.0  485.0
20.307  539.0  208.0  539.0
20.33  592.0  208.0  539.0
20.353  649.0  208.0  592.0
20.353  649.0  208.0  649.0
20.365  674.0  208.0  649.0
20.387  726.0  207.0  726.0
20.41  778.0  207.0  726.0
20.421  802.0  206.0  778.0
20.433  822.0  207.0  822.0
20.456  869.0  206.0  869.0
20.478  904.0  206.0  869.0
20.502  940.0  206.0  869.0
20.502  940.0  207.0  940.0
20.525  968.0  206.0  968.0
20.536  983.0  207.0  983.0
20.559  1000.0  206.0  1000.0
20.584  1014.0  206.0  1000.0
20.584  1014.0  206.0  1000.0
20.596  1015.0  208.0  1015.0
20.621  1018.0  209.0  1018.0
20.646  1016.0  208.0  1016.0
20.671  994.0  208.0  1016.0
20.671  994.0  208.0  994.0
20.695  966.0  208.0  994.0
20.706  954.0  208.0  954.0
20.728  920.0  209.0  920.0
20.751  878.0  209.0  920.0
20.751  878.0  209.0  878.0
20.774  831.0  211.0  831.0
20.786  809.0  212.0  809.0
20.808  761.0  212.0  809.0
20.819  711.0  212.0  809.0
20.832  711.0  212.0  711.0
20.854  659.0  213.0  659.0
20.877  609.0  213.0  609.0
20.9  561.0  213.0  609.0
20.923  512.0  213.0  561.0
20.923  512.0  213.0  561.0
20.934  489.0  213.0  489.0
20.958  447.0  214.0  447.0
20.98  406.0  214.0  447.0
20.98  406.0  214.0  406.0
21.003  372.0  214.0  372.0
21.026  339.0  214.0  372.0
21.049  314.0  214.0  314.0
21.071  292.0  214.0  314.0
21.071  292.0  214.0  292.0
21.083  282.0  215.0  282.0
21.106  265.0  215.0  265.0
21.129  254.0  215.0  265.0
21.151  249.0  215.0  265.0
21.151  249.0  214.0  249.0
21.175  249.0  214.0  249.0
21.197  249.0  214.0  249.0
21.209  249.0  213.0  249.0
21.209  249.0  213.0  249.0
21.243  249.0  213.0  249.0
21.255  248.0  211.0  248.0
21.277  264.0  210.0  264.0
21.301  294.0  210.0  294.0
21.301  294.0  210.0  294.0
21.323  318.0  210.0  318.0
21.346  355.0  208.0  355.0
21.358  372.0  208.0  355.0
21.381  413.0  209.0  413.0
21.381  413.0  209.0  413.0
21.403  456.0  208.0  456.0
21.427  505.0  208.0  505.0
21.449  559.0  207.0  559.0
21.472  614.0  207.0  559.0
21.472  614.0  207.0  559.0
21.495  667.0  208.0  667.0
21.507  692.0  206.0  692.0
21.529  744.0  207.0  744.0
21.552  792.0  206.0  792.0
21.552  792.0  206.0  792.0
21.575  838.0  206.0  792.0
21.586  861.0  207.0  861.0
21.609  899.0  206.0  861.0
21.633  935.0  206.0  899.0
21.633  935.0  206.0  899.0
21.655  964.0  206.0  935.0
21.678  990.0  206.0  935.0
21.701  1005.0  206.0  990.0
21.713  1010.0  207.0  1005.0
21.713  1010.0  207.0  1005.0
21.738  1017.0  208.0  1010.0
21.764  1019.0  208.0  1017.0
21.776  1018.0  208.0  1017.0
21.776  1018.0  208.0  1018.0
21.8  999.0  208.0  1018.0
21.824  969.0  208.0  999.0
21.847  942.0  208.0  969.0
21.869  904.0  208.0  942.0
21.88  883.0  210.0  904.0
21.893  860.0  210.0  904.0
21.904  838.0  210.0  904.0
21.926  790.0  211.0  838.0
21.949  742.0  212.0  790.0
21.949  742.0  212.0  790.0
21.972  691.0  212.0  742.0
21.995  643.0  212.0  691.0
22.018  593.0  212.0  691.0
22.041  548.0  212.0  593.0
22.041  548.0  212.0  593.0
22.052  521.0  212.0  548.0
22.075  477.0  213.0  521.0
22.098  433.0  213.0  477.0
22.121  395.0  213.0  477.0
22.121  395.0  213.0  477.0
22.144  360.0  213.0  395.0
22.167  331.0  213.0  360.0
22.178  318.0  213.0  331.0
22.201  294.0  214.0  318.0
22.201  294.0  214.0  318.0
22.224  276.0  214.0  294.0
22.247  260.0  214.0  294.0
22.269  252.0  213.0  260.0
22.293  249.0  213.0  252.0
22.293  249.0  213.0  252.0
22.316  248.0  213.0  249.0
22.327  249.0  213.0  248.0
22.349  248.0  213.0  248.0
22.373  248.0  209.0  248.0
22.373  248.0  209.0  248.0
22.395  251.0  208.0  248.0
22.418  276.0  209.0  251.0
22.43  291.0  209.0  276.0
22.453  313.0  209.0  291.0
22.453  313.0  209.0  291.0
22.475  349.0  209.0  291.0
22.499  383.0  208.0  349.0
22.521  425.0  208.0  383.0
22.521  425.0  208.0  383.0
22.544  469.0  209.0  425.0
22.556  494.0  209.0  469.0
22.579  547.0  209.0  469.0
22.601  600.0  208.0  547.0
22.601  600.0  208.0  547.0
22.625  657.0  208.0  600.0
22.647  708.0  208.0  657.0
22.67  760.0  207.0  708.0
22.693  807.0  207.0  708.0
22.693  807.0  207.0  708.0
22.705  831.0  206.0  807.0
22.727  874.0  206.0  831.0
22.75  913.0  206.0  874.0
22.773  947.0  207.0  913.0
22.773  947.0  207.0  913.0
22.796  974.0  207.0  913.0
22.807  987.0  207.0  974.0
22.831  1001.0  207.0  987.0
22.855  1016.0  207.0  1001.0
22.855  1016.0  207.0  1001.0
22.88  1018.0  208.0  1016.0
22.905  1018.0  208.0  1016.0
22.918  1013.0  208.0  1018.0
22.918  1013.0  208.0  1013.0
22.942  988.0  208.0  1013.0
22.966  959.0  208.0  988.0
22.988  932.0  209.0  959.0
23.0  912.0  209.0  932.0
23.0  912.0  209.0  932.0
23.023  870.0  209.0  932.0
23.046  823.0  210.0  870.0
23.068  777.0  211.0  823.0
23.092  728.0  212.0  777.0
23.092  728.0  212.0  777.0
23.114  679.0  212.0  777.0
23.137  626.0  212.0  679.0
23.148  600.0  212.0  626.0
23.172  553.0  212.0  600.0
23.172  553.0  213.0  553.0
23.194  505.0  213.0  553.0
23.217  461.0  213.0  505.0
23.24  417.0  213.0  505.0
23.263  381.0  213.0  417.0
23.263  381.0  214.0  381.0
23.274  365.0  214.0  381.0
23.298  334.0  214.0  365.0
23.32  308.0  214.0  334.0
23.32  308.0  214.0  334.0
23.343  287.0  215.0  287.0
23.366  270.0  215.0  287.0
23.377  262.0  215.0  270.0
23.4  254.0  214.0  262.0
23.4  254.0  214.0  254.0
23.424  249.0  214.0  254.0
23.446  249.0  214.0  254.0
23.469  249.0  213.0  249.0
23.492  249.0  213.0  249.0
23.492  249.0  210.0  249.0
23.515  248.0  209.0  248.0
23.537  257.0  209.0  248.0
23.561  285.0  209.0  248.0
23.572  296.0  209.0  285.0
23.572  296.0  209.0  296.0
23.595  322.0  209.0  296.0
23.617  356.0  209.0  322.0
23.641  393.0  209.0  356.0
23.652  415.0  208.0  393.0
23.652  415.0  208.0  393.0
23.674  463.0  208.0  393.0
23.698  515.0  209.0  463.0
23.72  566.0  208.0  515.0
23.743  621.0  207.0  566.0
23.743  621.0  207.0  566.0
23.767  676.0  207.0  676.0
23.789  729.0  207.0  676.0
23.8  752.0  208.0  729.0
23.824  800.0  206.0  752.0
23.824  800.0  206.0  800.0
23.846  848.0  206.0  800.0
23.869  889.0  206.0  800.0
23.892  925.0  206.0  889.0
23.892  925.0  206.0  925.0
23.915  957.0  207.0  957.0
23.938  984.0  207.0  984.0
23.949  993.0  207.0  984.0
23.973  1007.0  207.0  993.0
23.973  1007.0  207.0  993.0
23.998  1016.0  208.0  1016.0
24.024  1018.0  208.0  1016.0
24.036  1018.0  209.0  1018.0
24.036  1018.0  209.0  1018.0
24.06  1008.0  208.0  1008.0
24.085  978.0  208.0  1008.0
24.108  950.0  208.0  1008.0
24.13  919.0  209.0  950.0
24.13  919.0  209.0  919.0
24.141  898.0  209.0  898.0
24.165  854.0  210.0  854.0
24.187  807.0  210.0  854.0
24.21  761.0  211.0  807.0
24.21  761.0  211.0  807.0
24.233  708.0  211.0  708.0
24.256  660.0  212.0  660.0
24.279  606.0  212.0  660.0
24.279  606.0  212.0  606.0
24.302  561.0  212.0  561.0
24.313  535.0  212.0  561.0
24.336  488.0  212.0  488.0
24.359  444.0  212.0  488.0
24.359  444.0  212.0  444.0
24.382  403.0  213.0  403.0
24.404  369.0  213.0  369.0
24.428  337.0  213.0  369.0
24.451  312.0  213.0  369.0
24.451  312.0  212.0  312.0
24.462  301.0  213.0  301.0
24.485  281.0  213.0  281.0
24.508  265.0  213.0  265.0
24.53  254.0  213.0  265.0
24.53  254.0  213.0  265.0
24.554  249.0  213.0  249.0
24.565  248.0  213.0  248.0
24.599  248.0  212.0  248.0
24.599  248.0  212.0  248.0
24.61  249.0  210.0  249.0
24.634  247.0  210.0  249.0
24.656  248.0  209.0  248.0
24.679  266.0  209.0  266.0
24.679  266.0  209.0  266.0
24.691  279.0  208.0  279.0
24.714  305.0  208.0  305.0
24.736  335.0  208.0  305.0
24.76  369.0  208.0  369.0
24.76  369.0  208.0  369.0
24.782  412.0  208.0  412.0
24.805  459.0  208.0  459.0
24.817  483.0  208.0  483.0
24.84  535.0  208.0  483.0
24.84  535.0  208.0  483.0
24.862  585.0  207.0  585.0
24.886  641.0  207.0  641.0
24.908  692.0  206.0  692.0
24.931  744.0  206.0  744.0
24.931  744.0  206.0  744.0
24.942  769.0  205.0  769.0
24.977  838.0  205.0  769.0
24.988  861.0  205.0  838.0
25.011  897.0  206.0  861.0
25.011  897.0  206.0  861.0
25.034  935.0  206.0  897.0
25.057  963.0  206.0  935.0
25.079  990.0  206.0  935.0
25.079  990.0  206.0  990.0
25.103  1004.0  206.0  990.0
25.115  1011.0  206.0  1004.0
25.14  1017.0  206.0  1011.0
25.165  1018.0  208.0  1017.0
25.165  1018.0  208.0  1017.0
25.178  1018.0  208.0  1017.0
25.202  999.0  208.0  1018.0
25.226  970.0  208.0  999.0
25.248  944.0  207.0  970.0
25.248  944.0  208.0  944.0
25.271  906.0  208.0  944.0
25.283  885.0  208.0  906.0
25.306  839.0  208.0  906.0
25.328  793.0  209.0  839.0
25.328  793.0  209.0  839.0
25.352  746.0  209.0  793.0
25.374  694.0  210.0  746.0
25.385  671.0  210.0  746.0
25.42  594.0  210.0  671.0
25.42  594.0  210.0  671.0
25.432  572.0  211.0  594.0
25.454  526.0  211.0  572.0
25.477  478.0  211.0  526.0
25.477  457.0  212.0  478.0
25.5  435.0  212.0  478.0
25.523  395.0  212.0  478.0
25.545  361.0  212.0  395.0
25.569  332.0  212.0  361.0
25.569  332.0  213.0  332.0
25.58  318.0  213.0  332.0
25.603  296.0  213.0  318.0
25.626  278.0  213.0  318.0
25.649  261.0  214.0  278.0
25.649  261.0  213.0  261.0
25.66  256.0  213.0  261.0
25.683  250.0  213.0  256.0
25.706  248.0  213.0  250.0
25.729  248.0  213.0  250.0
25.729  248.0  212.0  248.0
25.752  248.0  212.0  248.0
25.775  247.0  209.0  248.0
25.797  251.0  208.0  247.0
25.808  259.0  209.0  251.0
25.808  259.0  209.0  259.0
25.843  300.0  209.0  259.0
25.854  311.0  209.0  259.0
25.877  343.0  208.0  311.0
25.877  343.0  208.0  343.0
25.901  379.0  208.0  379.0
25.923  421.0  208.0  379.0
25.946  467.0  208.0  421.0
25.958  493.0  208.0  421.0
25.958  493.0  208.0  493.0
25.98  544.0  207.0  544.0
26.003  597.0  207.0  544.0
26.027  651.0  206.0  597.0
26.049  703.0  206.0  651.0
26.049  703.0  206.0  651.0
26.072  753.0  206.0  753.0
26.084  778.0  206.0  753.0
26.106  825.0  205.0  778.0
26.129  869.0  206.0  825.0
26.152  909.0  206.0  869.0
26.152  909.0  206.0  869.0
26.175  943.0  206.0  869.0
26.186  958.0  206.0  943.0
26.209  986.0  207.0  958.0
26.209  986.0  208.0  986.0
26.232  1003.0  208.0  986.0
26.257  1014.0  208.0  1003.0
26.283  1018.0  209.0  1014.0
26.295  1018.0  209.0  1014.0
26.319  1015.0  208.0  1018.0
26.319  1015.0  208.0  1018.0
26.344  991.0  209.0  1015.0
26.356  975.0  209.0  991.0
26.379  947.0  209.0  975.0
26.379  947.0  209.0  975.0
26.401  912.0  209.0  975.0
26.425  871.0  209.0  912.0
26.447  825.0  210.0  871.0
26.47  780.0  211.0  825.0
26.47  780.0  211.0  825.0
26.482  757.0  212.0  780.0
26.505  707.0  212.0  780.0
26.527  657.0  212.0  707.0
26.551  605.0  213.0  657.0
26.551  605.0  213.0  605.0
26.573  560.0  213.0  605.0
26.585  534.0  212.0  560.0
26.607  486.0  212.0  560.0
26.631  442.0  212.0  486.0
26.631  442.0  213.0  442.0
26.653  403.0  213.0  442.0
26.676  369.0  213.0  403.0
26.699  337.0  213.0  369.0
26.699  337.0  213.0  369.0
26.722  312.0  213.0  312.0
26.733  298.0  213.0  312.0
26.768  271.0  213.0  298.0
26.779  263.0  213.0  271.0
26.779  263.0  212.0  263.0
26.802  253.0  212.0  263.0
26.825  249.0  212.0  263.0
26.848  248.0  213.0  249.0
26.859  249.0  213.0  248.0
26.859  249.0  212.0  249.0
26.883  248.0  208.0  248.0
26.905  247.0  208.0  248.0
26.928  247.0  208.0  247.0
26.951  266.0  208.0  247.0
26.951  266.0  208.0  266.0
26.974  293.0  208.0  266.0
26.996  317.0  208.0  293.0
27.008  335.0  208.0  317.0
27.042  389.0  209.0  335.0
27.042  389.0  209.0  335.0
27.054  412.0  209.0  335.0
27.076  457.0  208.0  412.0
27.1  506.0  208.0  457.0
27.122  560.0  207.0  506.0
27.122  560.0  206.0  560.0
27.145  613.0  206.0  560.0
27.157  640.0  206.0  560.0
27.18  691.0  206.0  640.0
27.18  691.0  207.0  691.0
27.202  744.0  206.0  744.0
27.226  793.0  206.0  744.0
27.248  840.0  206.0  793.0
27.271  884.0  206.0  840.0
27.271  884.0  206.0  840.0
27.283  901.0  206.0  901.0
27.305  939.0  206.0  901.0
27.328  968.0  206.0  939.0
27.352  993.0  206.0  968.0
27.352  993.0  206.0  993.0
27.375  1006.0  206.0  993.0
27.387  1013.0  206.0  993.0
27.413  1018.0  206.0  1013.0
27.438  1017.0  208.0  1018.0
27.438  1017.0  208.0  1017.0
27.45  1018.0  208.0  1017.0
27.474  1000.0  208.0  1018.0
27.499  969.0  208.0  1018.0
27.522  940.0  208.0  969.0
27.522  940.0  208.0  940.0
27.544  901.0  208.0  940.0
27.568  856.0  208.0  901.0
27.579  833.0  210.0  856.0
27.601  790.0  211.0  833.0
27.601  790.0  211.0  833.0
27.625  740.0  211.0  833.0
27.648  691.0  211.0  740.0
27.67  640.0  212.0  691.0
27.67  640.0  212.0  640.0
27.694  592.0  212.0  592.0
27.716  543.0  212.0  592.0
27.727  517.0  212.0  592.0
27.751  471.0  212.0  517.0
27.751  471.0  212.0  471.0
27.773  429.0  213.0  429.0
27.796  391.0  213.0  429.0
27.807  374.0  213.0  391.0
27.831  343.0  213.0  391.0
27.831  343.0  213.0  343.0
27.853  316.0  213.0  343.0
27.876  293.0  214.0  316.0
27.899  276.0  214.0  293.0
27.922  261.0  213.0  276.0
27.922  261.0  213.0  261.0
27.945  252.0  213.0  261.0
27.957  250.0  213.0  261.0
27.979  248.0  213.0  250.0
28.002  247.0  213.0  248.0
28.002  247.0  213.0  247.0
28.025  248.0  213.0  247.0
28.048  247.0  213.0  247.0
28.059  246.0  210.0  247.0
28.083  260.0  209.0  246.0
28.083  260.0  209.0  260.0
28.105  290.0  209.0  260.0
28.128  312.0  209.0  290.0
28.151  347.0  208.0  312.0
28.174  386.0  208.0  312.0
28.174  386.0  209.0  386.0
28.196  428.0  209.0  386.0
28.208  450.0  208.0  428.0
28.231  497.0  208.0  450.0
28.254  549.0  207.0  497.0
28.254  549.0  207.0  497.0
28.276  604.0  207.0  497.0
28.3  659.0  207.0  604.0
28.322  707.0  207.0  659.0
28.334  734.0  207.0  707.0
28.334  734.0  206.0  734.0
28.368  807.0  206.0  734.0
28.38  831.0  206.0  734.0
28.38  831.0  206.0  831.0
28.402  875.0  206.0  875.0
28.426  912.0  207.0  912.0
28.448  946.0  207.0  912.0
28.471  974.0  206.0  946.0
28.471  974.0  206.0  974.0
28.494  996.0  206.0  974.0
28.506  1001.0  207.0  1001.0
28.53  1012.0  207.0  1001.0
28.556  1018.0  208.0  1012.0
28.556  1018.0  209.0  1018.0
28.58  1018.0  209.0  1018.0
28.593  1015.0  208.0  1015.0
28.618  991.0  208.0  1015.0
28.641  961.0  208.0  991.0
28.641  961.0  208.0  961.0
28.663  929.0  209.0  929.0
28.687  888.0  209.0  888.0
28.709  842.0  209.0  888.0
28.709  842.0  209.0  888.0
28.721  820.0  210.0  820.0
28.744  775.0  211.0  775.0
28.767  725.0  212.0  725.0
28.789  676.0  212.0  725.0
28.789  676.0  211.0  676.0
28.813  625.0  211.0  676.0
28.835  577.0  212.0  577.0
28.847  553.0  212.0  553.0
28.869  502.0  212.0  553.0
28.869  502.0  212.0  502.0
28.893  460.0  213.0  460.0
28.915  418.0  213.0  460.0
28.938  382.0  212.0  382.0
28.961  349.0  212.0  382.0
28.961  349.0  213.0  349.0
28.984  322.0  213.0  322.0
28.995  310.0  214.0  310.0
29.019  289.0  214.0  310.0
29.019  289.0  214.0  289.0
29.041  272.0  214.0  289.0
29.064  257.0  214.0  257.0
29.087  250.0  214.0  250.0
29.11  248.0  214.0  250.0
29.11  248.0  213.0  248.0
29.132  248.0  213.0  248.0
29.145  248.0  213.0  248.0
29.167  248.0  212.0  248.0
29.19  247.0  212.0  248.0
29.19  247.0  210.0  247.0
29.213  257.0  210.0  257.0
29.236  286.0  209.0  286.0
29.258  308.0  209.0  286.0
29.27  324.0  209.0  308.0
29.27  324.0  209.0  308.0
29.293  359.0  209.0  324.0
29.316  398.0  209.0  359.0
29.338  442.0  209.0  398.0
29.338  442.0  209.0  398.0
29.362  489.0  209.0  398.0
29.384  541.0  208.0  541.0
29.407  592.0  208.0  592.0
29.419  621.0  207.0  621.0
29.419  621.0  207.0  621.0
29.442  672.0  206.0  621.0
29.464  723.0  206.0  672.0
29.488  774.0  206.0  672.0
29.51  820.0  206.0  774.0
29.51  820.0  206.0  774.0
29.533  867.0  206.0  820.0
29.556  904.0  205.0  867.0
29.568  924.0  206.0  904.0
29.59  955.0  206.0  904.0
29.59  955.0  206.0  904.0
29.614  983.0  206.0  955.0
29.636  1001.0  206.0  983.0
29.648  1007.0  207.0  1001.0
29.673  1017.0  208.0  1007.0
29.673  1017.0  208.0  1007.0
29.699  1018.0  208.0  1007.0
29.723  1017.0  208.0  1018.0
29.735  1008.0  208.0  1017.0
29.749  993.0  208.0  1008.0
29.76  978.0  208.0  1008.0
29.783  949.0  208.0  978.0
29.805  916.0  208.0  978.0
29.829  874.0  208.0  916.0
29.829  874.0  209.0  874.0
29.851  830.0  209.0  874.0
29.874  783.0  210.0  830.0
29.886  760.0  210.0  783.0
29.886  760.0  210.0  783.0
29.908  710.0  212.0  710.0
29.931  662.0  212.0  710.0
29.955  611.0  211.0  662.0
29.977  566.0  212.0  611.0
29.977  566.0  212.0  566.0
29.988  538.0  212.0  538.0
30.023  471.0  212.0  538.0
30.034  447.0  212.0  538.0
30.057  406.0  212.0  447.0
30.057  406.0  212.0  406.0
30.081  372.0  213.0  372.0
30.103  341.0  213.0  372.0
30.126  315.0  213.0  341.0
30.126  315.0  213.0  341.0
30.149  291.0  213.0  291.0
30.172  274.0  213.0  274.0
30.183  266.0  213.0  274.0
30.205  255.0  213.0  266.0
30.205  255.0  212.0  255.0
30.229  249.0  212.0  255.0
30.252  249.0  212.0  255.0
30.275  249.0  212.0  249.0
30.286  248.0  213.0  249.0
30.286  248.0  210.0  248.0
30.309  248.0  208.0  248.0
30.331  248.0  208.0  248.0
30.355  265.0  208.0  248.0
30.377  293.0  208.0  265.0
30.377  293.0  208.0  293.0
30.4  313.0  208.0  313.0
30.424  338.0  208.0  313.0
30.446  359.0  208.0  338.0
30.446  359.0  208.0  359.0
30.457  369.0  208.0  359.0
30.481  387.0  208.0  387.0
30.503  399.0  208.0  387.0
30.526  408.0  208.0  399.0
30.526  408.0  208.0  408.0
30.55  409.0  208.0  409.0
30.572  410.0  208.0  409.0
30.595  410.0  208.0  409.0
30.618  410.0  208.0  410.0
30.629  409.0  208.0  410.0
30.629  409.0  208.0  409.0
30.652  409.0  208.0  409.0
30.675  409.0  208.0  409.0
30.698  410.0  208.0  409.0
30.698  410.0  208.0  410.0
30.721  410.0  208.0  410.0
30.732  410.0  208.0  410.0
30.755  410.0  208.0  410.0
30.755  410.0  208.0  410.0
30.778  409.0  208.0  410.0
30.8  410.0  208.0  410.0
30.824  409.0  208.0  409.0
30.846  409.0  208.0  409.0
30.846  409.0  208.0  409.0
30.869  410.0  208.0  410.0
30.881  410.0  208.0  410.0
30.904  410.0  208.0  410.0
30.926  410.0  208.0  410.0
30.926  410.0  208.0  410.0
30.95  410.0  208.0  410.0
30.972  409.0  208.0  409.0
30.995  409.0  208.0  409.0
31.007  410.0  208.0  409.0
31.007  410.0  208.0  409.0
31.03  409.0  208.0  409.0
31.052  410.0  208.0  410.0
31.076  409.0  208.0  410.0
31.076  409.0  208.0  409.0
31.098  409.0  208.0  409.0
31.121  409.0  208.0  409.0
31.144  410.0  208.0  410.0
31.156  410.0  208.0  410.0
31.156  410.0  208.0  410.0
31.178  410.0  208.0  410.0
31.201  410.0  208.0  410.0
31.224  409.0  208.0  410.0
31.247  409.0  208.0  409.0
31.247  409.0  208.0  409.0
31.269  410.0  208.0  410.0
31.293  410.0  208.0  410.0
31.304  410.0  208.0  410.0
31.327  409.0  208.0  409.0
31.327  409.0  208.0  409.0
31.35  410.0  208.0  409.0
31.373  409.0  208.0  409.0
31.395  410.0  208.0  410.0
31.419  410.0  208.0  410.0
31.419  410.0  208.0  410.0
31.43  410.0  208.0  410.0
31.453  410.0  208.0  410.0
31.476  410.0  208.0  410.0
31.499  409.0  208.0  410.0
31.499  409.0  208.0  409.0
31.521  410.0  208.0  410.0
31.533  410.0  208.0  410.0
31.556  409.0  208.0  409.0
31.579  409.0  208.0  409.0
31.579  409.0  208.0  409.0
31.601  409.0  208.0  409.0
31.625  410.0  208.0  410.0
31.647  410.0  208.0  410.0
31.67  410.0  208.0  410.0
31.67  410.0  208.0  410.0
31.682  410.0  208.0  410.0
31.705  410.0  208.0  410.0
31.727  409.0  208.0  409.0
31.751  410.0  208.0  409.0
31.751  410.0  208.0  410.0
31.773  410.0  208.0  410.0
31.796  410.0  208.0  410.0
31.808  410.0  208.0  410.0
31.831  410.0  208.0  410.0
31.831  410.0  208.0  410.0
31.853  410.0  208.0  410.0
31.877  409.0  208.0  409.0
31.899  409.0  208.0  409.0
31.91  410.0  208.0  409.0
31.91  410.0  208.0  409.0
31.933  410.0  208.0  410.0
31.956  410.0  208.0  410.0
31.979  410.0  208.0  410.0
31.979  410.0  208.0  410.0
32.002  410.0  208.0  410.0
32.025  410.0  208.0  410.0
32.048  409.0  208.0  409.0
32.059  409.0  208.0  409.0
32.059  409.0  208.0  409.0
32.082  410.0  208.0  410.0
32.105  410.0  208.0  410.0
32.128  410.0  208.0  410.0
32.151  410.0  208.0  410.0
32.151  410.0  208.0  410.0
32.162  410.0  208.0  410.0
32.196  410.0  208.0  410.0
32.208  409.0  208.0  409.0
32.231  409.0  208.0  409.0
32.231  409.0  208.0  409.0
32.253  410.0  208.0  409.0
32.277  410.0  208.0  410.0
32.3  410.0  208.0  410.0
32.3  410.0  208.0  410.0
32.322  409.0  207.0  409.0
32.333  409.0  208.0  409.0
32.357  410.0  208.0  410.0
32.379  410.0  208.0  410.0
32.379  410.0  208.0  410.0
32.402  409.0  208.0  409.0
32.425  410.0  208.0  410.0
32.437  410.0  208.0  410.0
32.472  410.0  208.0  410.0
32.472  410.0  207.0  410.0
32.483  409.0  207.0  410.0
32.505  410.0  208.0  409.0
32.528  410.0  208.0  410.0
32.551  409.0  208.0  410.0
32.551  409.0  208.0  410.0
32.574  410.0  208.0  410.0
32.596  409.0  208.0  410.0
32.609  410.0  208.0  409.0
32.631  410.0  208.0  410.0
32.631  410.0  208.0  410.0
32.654  410.0  208.0  410.0
32.677  410.0  208.0  410.0
32.7  410.0  208.0  410.0
32.711  409.0  209.0  410.0
32.711  409.0  209.0  409.0
32.734  409.0  209.0  409.0
32.757  410.0  208.0  409.0
32.78  410.0  208.0  410.0
32.78  410.0  208.0  410.0
32.802  410.0  208.0  410.0
32.826  410.0  208.0  410.0
32.848  410.0  208.0  410.0
32.86  409.0  208.0  410.0
32.883  409.0  208.0  409.0
32.883  409.0  208.0  409.0
32.906  410.0  208.0  409.0
32.928  410.0  208.0  409.0
32.952  410.0  208.0  410.0
32.952  410.0  208.0  410.0
32.974  410.0  208.0  410.0
32.997  410.0  208.0  410.0
33.009  410.0  208.0  410.0
33.032  409.0  208.0  410.0
33.032  409.0  208.0  409.0
33.054  410.0  208.0  409.0
33.078  410.0  208.0  410.0
33.1  409.0  208.0  410.0
33.123  410.0  208.0  409.0
33.123  410.0  208.0  409.0
33.134  409.0  208.0  409.0
33.158  410.0  208.0  409.0
33.18  409.0  208.0  410.0
33.18  409.0  208.0  409.0
33.204  410.0  208.0  410.0
33.226  410.0  208.0  410.0
33.249  410.0  208.0  410.0
33.272  410.0  208.0  410.0
33.272  410.0  208.0  410.0
33.284  410.0  208.0  410.0
33.306  410.0  208.0  410.0
33.329  409.0  208.0  410.0
33.352  409.0  208.0  409.0
33.352  409.0  208.0  409.0
33.375  410.0  208.0  410.0
33.397  410.0  208.0  410.0
33.41  410.0  208.0  410.0
33.432  409.0  208.0  410.0
33.432  409.0  208.0  409.0
33.455  410.0  208.0  409.0
33.478  410.0  208.0  409.0
33.501  410.0  208.0  410.0
33.523  410.0  208.0  410.0
33.523  410.0  208.0  410.0
33.547  410.0  208.0  410.0
33.558  410.0  208.0  410.0
33.581  409.0  208.0  410.0
33.592  410.0  208.0  409.0
33.604  409.0  208.0  409.0
33.627  410.0  208.0  410.0
33.649  409.0  208.0  410.0
33.673  410.0  208.0  409.0
33.673  410.0  208.0  410.0
33.695  410.0  208.0  410.0
33.707  410.0  208.0  410.0
33.729  410.0  208.0  410.0
33.753  410.0  208.0  410.0
33.753  410.0  208.0  410.0
33.775  410.0  208.0  410.0
33.798  410.0  208.0  410.0
33.821  410.0  208.0  410.0
33.832  410.0  208.0  410.0
33.832  410.0  208.0  410.0
33.855  409.0  208.0  409.0
33.879  409.0  208.0  409.0
33.901  410.0  208.0  409.0
33.912  409.0  208.0  409.0
33.924  410.0  208.0  410.0
33.947  410.0  208.0  410.0
33.97  409.0  208.0  410.0
33.981  410.0  208.0  409.0
34.004  409.0  208.0  410.0
34.004  409.0  208.0  409.0
34.027  410.0  208.0  409.0
34.05  410.0  208.0  409.0
34.073  410.0  208.0  410.0
34.073  410.0  208.0  410.0
34.096  410.0  208.0  410.0
34.118  410.0  208.0  410.0
34.129  410.0  208.0  410.0
34.153  409.0  208.0  410.0
34.153  409.0  208.0  410.0
34.176  410.0  208.0  410.0
34.198  410.0  208.0  410.0
34.21  410.0  208.0  410.0
34.244  410.0  208.0  410.0
34.244  410.0  208.0  410.0
34.255  410.0  208.0  410.0
34.279  410.0  208.0  410.0
34.301  410.0  208.0  410.0
34.324  409.0  208.0  410.0
34.324  409.0  208.0  409.0
34.348  410.0  208.0  409.0
34.359  410.0  208.0  410.0
34.393  410.0  208.0  410.0
34.393  409.0  208.0  410.0
34.405  409.0  208.0  409.0
34.427  410.0  208.0  410.0
34.45  410.0  208.0  410.0
34.473  410.0  208.0  410.0
34.473  410.0  208.0  410.0
34.496  410.0  208.0  410.0
34.507  410.0  208.0  410.0
34.53  409.0  208.0  409.0
34.553  409.0  208.0  409.0
34.553  409.0  208.0  409.0
34.576  409.0  208.0  409.0
34.598  410.0  208.0  410.0
34.622  410.0  208.0  410.0
34.633  410.0  208.0  410.0
34.633  410.0  208.0  410.0
34.656  409.0  208.0  409.0
34.679  410.0  208.0  410.0
34.702  409.0  208.0  410.0
34.724  410.0  208.0  410.0
34.724  410.0  208.0  410.0
34.737  409.0  208.0  409.0
34.759  410.0  208.0  410.0
34.782  410.0  208.0  410.0
34.805  409.0  208.0  410.0
34.805  409.0  208.0  409.0
34.828  409.0  208.0  409.0
34.85  410.0  208.0  410.0
34.874  410.0  208.0  410.0
34.885  409.0  208.0  410.0
34.885  409.0  208.0  409.0
34.908  410.0  208.0  409.0
34.93  410.0  208.0  410.0
34.954  409.0  208.0  409.0
34.954  409.0  208.0  409.0
34.976  410.0  208.0  410.0
34.999  409.0  208.0  409.0
35.022  409.0  208.0  409.0
35.045  410.0  208.0  410.0
35.045  410.0  208.0  410.0
35.056  410.0  208.0  410.0
35.08  410.0  208.0  410.0
35.102  410.0  208.0  410.0
35.125  410.0  208.0  410.0
35.125  410.0  208.0  410.0
35.148  409.0  208.0  410.0
35.171  410.0  208.0  409.0
35.193  410.0  208.0  410.0
35.193  410.0  208.0  410.0
35.206  409.0  208.0  410.0
35.228  410.0  208.0  409.0
35.251  410.0  208.0  409.0
35.274  410.0  208.0  410.0
35.274  410.0  208.0  410.0
35.297  410.0  208.0  410.0
35.319  410.0  209.0  410.0
35.331  409.0  208.0  410.0
35.354  409.0  208.0  410.0
35.354  409.0  208.0  410.0
35.377  410.0  208.0  409.0
35.4  409.0  208.0  410.0
35.423  410.0  208.0  409.0
35.423  410.0  208.0  410.0
35.445  410.0  208.0  410.0
35.469  410.0  208.0  410.0
35.48  410.0  208.0  410.0
35.503  409.0  208.0  410.0
35.503  409.0  208.0  410.0
35.525  410.0  208.0  409.0
35.549  410.0  208.0  410.0
35.571  410.0  208.0  410.0
35.594  410.0  208.0  410.0
35.594  410.0  207.0  410.0
35.617  409.0  207.0  410.0
35.629  410.0  208.0  409.0
35.651  410.0  208.0  410.0
35.675  410.0  208.0  410.0
35.675  410.0  208.0  410.0
35.697  410.0  208.0  410.0
35.72  410.0  208.0  410.0
35.743  409.0  208.0  410.0
35.755  410.0  208.0  409.0
35.755  410.0  208.0  410.0
35.777  410.0  208.0  410.0
35.801  409.0  208.0  410.0
35.823  409.0  208.0  410.0
35.846  410.0  208.0  409.0
35.846  410.0  208.0  409.0
35.869  410.0  208.0  410.0
35.892  410.0  208.0  410.0
35.903  410.0  208.0  410.0
35.926  409.0  208.0  410.0
35.926  409.0  208.0  410.0
35.949  410.0  208.0  409.0
35.972  410.0  208.0  410.0
35.994  410.0  208.0  410.0
36.006  410.0  208.0  410.0
36.006  410.0  208.0  410.0
36.029  410.0  208.0  410.0
36.051  410.0  208.0  410.0
36.075  409.0  208.0  410.0
36.075  409.0  208.0  409.0
36.098  410.0  208.0  409.0
36.12  409.0  208.0  410.0
36.132  410.0  208.0  409.0
36.155  410.0  208.0  409.0
36.155  410.0  208.0  410.0
36.177  410.0  208.0  410.0
36.201  410.0  208.0  410.0
36.224  410.0  208.0  410.0
36.246  410.0  208.0  410.0
36.246  410.0  208.0  410.0
36.27  409.0  208.0  410.0
36.281  410.0  208.0  409.0
36.303  410.0  208.0  410.0
36.326  410.0  207.0  410.0
36.326  410.0  208.0  410.0
36.349  410.0  208.0  410.0
36.372  411.0  208.0  410.0
36.395  410.0  208.0  411.0
36.418  410.0  208.0  410.0
36.418  410.0  208.0  410.0
36.429  410.0  208.0  410.0
36.452  409.0  208.0  410.0
36.475  409.0  208.0  410.0
36.475  409.0  208.0  409.0
36.498  410.0  208.0  410.0
36.52  410.0  208.0  410.0
36.544  410.0  208.0  410.0
36.555  410.0  208.0  410.0
36.555  410.0  208.0  410.0
36.578  410.0  208.0  410.0
36.601  410.0  208.0  410.0
36.624  409.0  208.0  410.0
36.646  410.0  208.0  409.0
36.646  410.0  208.0  410.0
36.67  410.0  208.0  410.0
36.692  410.0  208.0  410.0
36.704  410.0  208.0  410.0
36.726  409.0  208.0  410.0
36.726  409.0  208.0  409.0
36.75  410.0  208.0  409.0
36.772  410.0  208.0  410.0
36.795  410.0  208.0  410.0
36.818  409.0  208.0  410.0
36.818  409.0  208.0  409.0
36.83  410.0  208.0  409.0
36.852  409.0  208.0  410.0
36.876  410.0  208.0  409.0
36.898  410.0  208.0  410.0
36.898  410.0  208.0  410.0
36.921  410.0  208.0  410.0
36.933  410.0  208.0  410.0
36.956  410.0  208.0  410.0
36.978  409.0  208.0  410.0
36.978  409.0  208.0  409.0
37.002  410.0  208.0  409.0
37.024  410.0  208.0  410.0
37.036  410.0  208.0  410.0
37.07  410.0  208.0  410.0
37.07  410.0  208.0  410.0
37.082  410.0  208.0  410.0
37.104  410.0  208.0  410.0
37.127  409.0  208.0  410.0
37.127  409.0  208.0  410.0
37.15  410.0  208.0  410.0
37.173  409.0  208.0  410.0
37.184  410.0  208.0  409.0
37.219  409.0  208.0  410.0
37.219  409.0  208.0  409.0
37.23  409.0  208.0  409.0
37.253  410.0  208.0  409.0
37.276  410.0  208.0  409.0
37.299  410.0  208.0  410.0
37.299  410.0  208.0  410.0
37.31  409.0  208.0  409.0
37.345  410.0  208.0  409.0
37.356  410.0  208.0  410.0
37.356  410.0  208.0  410.0
37.379  409.0  208.0  409.0
37.402  410.0  208.0  410.0
37.425  410.0  208.0  410.0
37.447  410.0  208.0  410.0
37.447  410.0  208.0  410.0
37.458  411.0  208.0  410.0
37.482  410.0  208.0  410.0
37.505  410.0  208.0  410.0
37.527  409.0  208.0  410.0
37.527  409.0  208.0  409.0
37.551  410.0  208.0  410.0
37.573  409.0  208.0  410.0
37.597  408.0  208.0  409.0
37.608  410.0  208.0  409.0
37.608  410.0  208.0  410.0
37.63  410.0  208.0  410.0
37.653  409.0  208.0  410.0
37.677  409.0  208.0  409.0
37.699  410.0  208.0  409.0
37.699  410.0  208.0  410.0
37.722  409.0  208.0  410.0
37.734  410.0  208.0  410.0
37.756  410.0  208.0  410.0
37.779  408.0  208.0  410.0
37.779  408.0  208.0  408.0
37.803  410.0  208.0  408.0
37.825  410.0  208.0  410.0
37.836  410.0  208.0  410.0
37.859  410.0  208.0  410.0
37.859  410.0  208.0  410.0
37.882  410.0  208.0  410.0
37.905  410.0  208.0  410.0
37.927  410.0  208.0  410.0
37.951  410.0  208.0  410.0
37.951  410.0  208.0  410.0
37.974  410.0  208.0  410.0
37.985  410.0  208.0  410.0
38.008  409.0  208.0  410.0
38.031  410.0  208.0  409.0
38.031  410.0  208.0  410.0
38.053  410.0  208.0  410.0
38.077  409.0  208.0  410.0
38.099  410.0  208.0  409.0
38.099  410.0  208.0  410.0
38.111  410.0  208.0  410.0
38.134  410.0  208.0  410.0
38.157  409.0  208.0  410.0
38.179  410.0  208.0  410.0
38.179  410.0  208.0  410.0
38.203  410.0  208.0  410.0
38.225  410.0  208.0  410.0
38.248  410.0  208.0  410.0
38.259  410.0  208.0  410.0
38.259  410.0  208.0  410.0
38.283  409.0  208.0  410.0
38.305  409.0  208.0  410.0
38.329  409.0  208.0  409.0
38.351  409.0  208.0  409.0
38.351  409.0  208.0  409.0
38.363  410.0  208.0  409.0
38.397  409.0  208.0  410.0
38.409  410.0  208.0  410.0
38.431  410.0  208.0  410.0
38.431  410.0  208.0  410.0
38.454  410.0  208.0  410.0
38.477  410.0  208.0  410.0
38.5  410.0  208.0  410.0
38.511  410.0  208.0  410.0
38.511  410.0  208.0  410.0
38.535  409.0  208.0  410.0
38.557  410.0  208.0  409.0
38.58  410.0  208.0  410.0
38.603  409.0  208.0  410.0
38.603  409.0  208.0  409.0
38.626  410.0  208.0  409.0
38.637  410.0  208.0  409.0
38.672  409.0  208.0  410.0
38.672  409.0  208.0  409.0
38.683  410.0  208.0  410.0
38.706  410.0  208.0  410.0
38.729  410.0  208.0  410.0
38.752  410.0  208.0  410.0
38.752  410.0  208.0  410.0
38.774  410.0  208.0  410.0
38.786  410.0  208.0  410.0
38.809  410.0  208.0  410.0
38.832  410.0  208.0  410.0
38.832  410.0  208.0  410.0
38.854  410.0  208.0  410.0
38.878  410.0  208.0  410.0
38.9  410.0  208.0  410.0
38.912  410.0  208.0  410.0
38.912  410.0  208.0  410.0
38.935  409.0  208.0  410.0
38.958  410.0  208.0  409.0
38.98  410.0  208.0  409.0
39.004  410.0  208.0  410.0
39.004  410.0  208.0  410.0
39.026  410.0  208.0  410.0
39.049  409.0  208.0  410.0
39.061  410.0  208.0  409.0
39.061  410.0  208.0  410.0
39.084  410.0  208.0  410.0
39.106  410.0  208.0  410.0
39.13  410.0  208.0  410.0
39.152  410.0  208.0  410.0
39.152  410.0  208.0  410.0
39.175  410.0  208.0  410.0
39.198  409.0  208.0  410.0
39.221  410.0  208.0  409.0
39.221  410.0  208.0  410.0
39.232  410.0  208.0  410.0
39.255  410.0  208.0  410.0
39.278  410.0  208.0  410.0
39.301  410.0  208.0  410.0
39.301  410.0  208.0  410.0
39.323  410.0  208.0  410.0
39.347  410.0  208.0  410.0
39.369  410.0  208.0  410.0
39.38  410.0  208.0  410.0
39.38  410.0  207.0  410.0
39.404  410.0  207.0  410.0
39.427  409.0  207.0  409.0
39.449  410.0  207.0  410.0
39.473  410.0  207.0  410.0
39.473  410.0  208.0  410.0
39.495  410.0  208.0  410.0
39.518  410.0  208.0  410.0
39.53  410.0  208.0  410.0
39.53  410.0  208.0  410.0
39.553  410.0  207.0  410.0
39.575  410.0  208.0  410.0
39.599  410.0  208.0  410.0
39.621  410.0  208.0  410.0
39.621  410.0  208.0  410.0
39.644  410.0  208.0  410.0
39.655  410.0  207.0  410.0
39.678  410.0  208.0  410.0
39.701  410.0  208.0  410.0
39.701  410.0  207.0  410.0
39.724  409.0  208.0  409.0
39.747  410.0  208.0  409.0
39.77  409.0  208.0  409.0
39.77  409.0  208.0  409.0
39.793  410.0  208.0  410.0
39.804  410.0  208.0  410.0
39.827  409.0  208.0  410.0
39.849  410.0  208.0  410.0
39.849  410.0  208.0  410.0
39.873  410.0  208.0  410.0
39.896  410.0  208.0  410.0
39.918  410.0  208.0  410.0
39.942  409.0  208.0  410.0
39.942  409.0  208.0  410.0
39.953  409.0  208.0  410.0
39.975  409.0  207.0  409.0
39.999  410.0  208.0  409.0
40.022  410.0  208.0  410.0
40.022  410.0  208.0  410.0
40.044  409.0  208.0  410.0
40.068  410.0  208.0  410.0
40.079  410.0  208.0  410.0
40.101  410.0  208.0  410.0
40.101  410.0  208.0  410.0
40.124  410.0  207.0  410.0
40.147  409.0  207.0  410.0
40.17  410.0  207.0  410.0
40.181  410.0  208.0  410.0
40.181  410.0  208.0  410.0
40.216  410.0  207.0  410.0
40.227  410.0  207.0  410.0
40.25  410.0  208.0  410.0
40.273  410.0  208.0  410.0
40.273  410.0  208.0  410.0
40.296  410.0  208.0  410.0
40.318  409.0  208.0  410.0
40.331  410.0  208.0  409.0
40.342  410.0  207.0  410.0
40.353  410.0  207.0  410.0
40.376  410.0  208.0  410.0
40.399  410.0  208.0  410.0
40.422  410.0  207.0  410.0
40.422  410.0  207.0  410.0
40.444  409.0  208.0  410.0
40.456  410.0  208.0  409.0
40.491  410.0  208.0  410.0
40.502  410.0  208.0  410.0
40.502  410.0  208.0  410.0
40.525  409.0  208.0  410.0
40.548  410.0  208.0  409.0
40.57  410.0  208.0  410.0
40.594  410.0  208.0  410.0
40.594  410.0  208.0  410.0
40.605  410.0  208.0  410.0
40.628  409.0  208.0  410.0
40.65  410.0  208.0  409.0
40.674  410.0  208.0  410.0
40.674  410.0  208.0  410.0
40.696  410.0  208.0  410.0
40.719  410.0  208.0  410.0
40.742  410.0  208.0  410.0
40.742  410.0  208.0  410.0
40.754  410.0  208.0  410.0
40.776  409.0  208.0  410.0
40.8  409.0  208.0  409.0
40.822  410.0  208.0  409.0
40.822  410.0  208.0  410.0
40.845  410.0  208.0  410.0
40.868  410.0  208.0  410.0
40.88  410.0  208.0  410.0
40.913  409.0  208.0  410.0
40.913  409.0  208.0  409.0
40.926  410.0  208.0  409.0
40.948  410.0  208.0  409.0
40.971  410.0  207.0  410.0
40.971  410.0  208.0  410.0
40.994  409.0  208.0  410.0
41.017  410.0  208.0  409.0
41.039  410.0  207.0  410.0
41.063  410.0  208.0  410.0
41.063  410.0  208.0  410.0
41.074  410.0  208.0  410.0
41.097  409.0  208.0  410.0
41.119  409.0  207.0  409.0
41.143  410.0  207.0  409.0
41.143  410.0  207.0  409.0
41.154  410.0  207.0  409.0
41.177  410.0  207.0  410.0
41.2  410.0  207.0  410.0
41.223  409.0  207.0  410.0
41.223  409.0  208.0  409.0
41.245  409.0  208.0  409.0
41.269  410.0  207.0  409.0
41.291  410.0  207.0  409.0
41.314  410.0  207.0  410.0
41.314  410.0  208.0  410.0
41.337  410.0  208.0  410.0
41.349  409.0  208.0  410.0
41.371  410.0  208.0  409.0
41.371  410.0  207.0  410.0
41.395  410.0  207.0  410.0
41.417  410.0  207.0  410.0
41.44  409.0  208.0  410.0
41.463  409.0  208.0  409.0
41.463  409.0  208.0  409.0
41.475  410.0  208.0  409.0
41.497  410.0  208.0  409.0
41.52  409.0  208.0  410.0
41.543  410.0  208.0  409.0
41.543  410.0  207.0  410.0
41.566  409.0  208.0  409.0
41.577  410.0  208.0  409.0
41.601  410.0  207.0  410.0
41.623  410.0  207.0  410.0
41.623  410.0  208.0  410.0
41.646  409.0  208.0  409.0
41.669  411.0  208.0  409.0
41.692  410.0  208.0  411.0
41.692  410.0  207.0  410.0
41.714  409.0  207.0  410.0
41.726  410.0  208.0  410.0
41.749  409.0  208.0  410.0
41.772  410.0  208.0  409.0
41.772  410.0  207.0  410.0
41.795  410.0  208.0  410.0
41.818  410.0  208.0  410.0
41.84  410.0  208.0  410.0
41.864  410.0  208.0  410.0
41.864  410.0  207.0  410.0
41.875  410.0  208.0  410.0
41.897  410.0  208.0  410.0
41.92  410.0  208.0  410.0
41.944  410.0  208.0  410.0
41.944  410.0  208.0  410.0
41.966  411.0  208.0  411.0
41.99  409.0  208.0  411.0
42.001  410.0  208.0  409.0
42.023  410.0  208.0  410.0
42.023  410.0  208.0  410.0
42.046  409.0  208.0  410.0
42.07  410.0  208.0  410.0
42.092  410.0  208.0  410.0
42.092  410.0  208.0  410.0
42.115  410.0  208.0  410.0
42.138  410.0  208.0  410.0
42.149  410.0  208.0  410.0
42.172  409.0  208.0  410.0
42.172  409.0  208.0  409.0
42.195  410.0  208.0  410.0
42.218  410.0  208.0  410.0
42.241  410.0  208.0  410.0
42.264  410.0  208.0  410.0
42.264  410.0  208.0  410.0
42.275  410.0  208.0  410.0
42.298  409.0  208.0  409.0
42.32  410.0  208.0  409.0
42.344  410.0  208.0  410.0
42.344  410.0  208.0  410.0
42.366  410.0  207.0  410.0
42.39  410.0  207.0  410.0
42.413  409.0  207.0  410.0
42.424  410.0  208.0  409.0
42.424  410.0  207.0  410.0
42.446  409.0  207.0  409.0
42.47  410.0  207.0  409.0
42.492  410.0  207.0  409.0
42.492  410.0  208.0  410.0
42.515  410.0  207.0  410.0
42.539  409.0  207.0  409.0
42.561  410.0  208.0  410.0
42.572  410.0  208.0  410.0
42.572  410.0  207.0  410.0
42.596  410.0  207.0  410.0
42.618  410.0  207.0  410.0
42.641  410.0  208.0  410.0
42.641  410.0  208.0  410.0
42.664  409.0  208.0  409.0
42.687  409.0  207.0  409.0
42.698  410.0  207.0  409.0
42.733  410.0  208.0  410.0
42.733  410.0  208.0  410.0
42.744  410.0  208.0  410.0
42.767  409.0  208.0  409.0
42.79  410.0  208.0  410.0
42.813  410.0  208.0  410.0
42.813  410.0  208.0  410.0
42.835  409.0  208.0  409.0
42.847  410.0  208.0  410.0
42.882  409.0  208.0  409.0
42.893  410.0  208.0  410.0
42.893  410.0  208.0  410.0
42.915  410.0  208.0  410.0
42.939  410.0  208.0  410.0
42.961  410.0  208.0  410.0
42.984  410.0  208.0  410.0
42.984  410.0  208.0  410.0
42.996  410.0  208.0  410.0
43.019  409.0  208.0  410.0
43.041  409.0  208.0  410.0
43.065  410.0  208.0  409.0
43.065  410.0  208.0  409.0
43.076  410.0  208.0  410.0
43.099  410.0  208.0  410.0
43.122  410.0  208.0  410.0
43.145  410.0  208.0  410.0
43.145  410.0  208.0  410.0
43.167  409.0  208.0  410.0
43.191  410.0  208.0  409.0
43.213  410.0  208.0  410.0
43.225  410.0  208.0  410.0
43.225  410.0  208.0  410.0
43.247  410.0  208.0  410.0
43.271  410.0  208.0  410.0
43.293  409.0  208.0  410.0
43.316  409.0  208.0  409.0
43.316  409.0  208.0  409.0
43.339  409.0  208.0  409.0
43.362  410.0  208.0  409.0
43.373  410.0  208.0  410.0
43.397  410.0  208.0  410.0
43.397  410.0  208.0  410.0
43.419  409.0  208.0  410.0
43.442  410.0  208.0  410.0
43.465  410.0  207.0  410.0
43.488  410.0  206.0  410.0
43.499  410.0  207.0  410.0
43.523  410.0  207.0  410.0
43.523  410.0  207.0  410.0
43.545  410.0  207.0  410.0
43.568  410.0  207.0  410.0
43.591  410.0  207.0  410.0
43.602  409.0  207.0  410.0
43.602  409.0  207.0  410.0
43.625  410.0  207.0  410.0
43.648  409.0  207.0  409.0
43.671  409.0  207.0  409.0
43.694  410.0  207.0  409.0
43.694  410.0  207.0  410.0
43.716  410.0  207.0  410.0
43.74  408.0  207.0  408.0
43.751  410.0  207.0  410.0
43.773  410.0  207.0  410.0
43.773  410.0  208.0  410.0
43.797  410.0  208.0  410.0
43.82  409.0  208.0  410.0
43.842  410.0  208.0  410.0
43.842  410.0  208.0  410.0
43.866  410.0  207.0  410.0
43.877  410.0  208.0  410.0
43.899  410.0  207.0  410.0
43.923  410.0  207.0  410.0
43.923  410.0  207.0  410.0
43.945  410.0  208.0  410.0
43.968  409.0  208.0  409.0
43.992  410.0  208.0  410.0
44.014  410.0  208.0  410.0
44.014  410.0  208.0  410.0
44.025  409.0  208.0  410.0
44.048  410.0  208.0  410.0
44.071  410.0  208.0  410.0
44.071  410.0  208.0  410.0
44.094  410.0  208.0  410.0
44.116  409.0  208.0  409.0
44.14  410.0  208.0  410.0
44.163  410.0  208.0  410.0
44.163  410.0  208.0  410.0
44.174  409.0  208.0  409.0
44.197  410.0  208.0  409.0
44.22  410.0  208.0  410.0
44.242  409.0  208.0  410.0
44.242  409.0  208.0  410.0
44.266  410.0  208.0  410.0
44.289  410.0  208.0  410.0
44.3  410.0  208.0  410.0
44.323  410.0  208.0  410.0
44.323  410.0  208.0  410.0
44.346  409.0  208.0  410.0
44.368  410.0  208.0  410.0
44.392  410.0  208.0  410.0
44.414  410.0  208.0  410.0
44.414  410.0  208.0  410.0
44.437  409.0  208.0  410.0
44.448  410.0  208.0  409.0
44.472  408.0  208.0  409.0
44.494  410.0  208.0  408.0
44.494  410.0  208.0  408.0
44.517  410.0  208.0  410.0
44.54  409.0  208.0  410.0
44.563  410.0  208.0  409.0
44.563  410.0  208.0  409.0
44.587  410.0  208.0  409.0
44.598  410.0  208.0  410.0
44.62  410.0  208.0  410.0
44.643  410.0  208.0  410.0
44.643  410.0  208.0  410.0
44.666  410.0  208.0  410.0
44.689  410.0  208.0  410.0
44.711  409.0  208.0  410.0
44.724  409.0  208.0  409.0
44.724  409.0  208.0  409.0
44.746  410.0  208.0  409.0
44.769  409.0  208.0  410.0
44.792  410.0  208.0  409.0
44.815  410.0  208.0  409.0
44.815  410.0  208.0  410.0
44.826  410.0  208.0  410.0
44.849  410.0  208.0  410.0
44.872  410.0  208.0  410.0
44.895  410.0  208.0  410.0
44.895  410.0  208.0  410.0
44.918  410.0  208.0  410.0
44.941  410.0  208.0  410.0
44.963  410.0  208.0  410.0
44.975  409.0  208.0  410.0
44.975  409.0  208.0  409.0
44.998  410.0  208.0  409.0
45.021  410.0  208.0  410.0
45.043  410.0  208.0  410.0
45.067  410.0  208.0  410.0
45.067  410.0  208.0  410.0
45.089  410.0  208.0  410.0
45.101  410.0  208.0  410.0
45.124  410.0  208.0  410.0
45.124  410.0  208.0  410.0
45.147  410.0  208.0  410.0
45.169  409.0  208.0  410.0
45.193  410.0  208.0  409.0
45.215  410.0  208.0  410.0
45.215  410.0  208.0  410.0
45.238  410.0  208.0  410.0
45.249  410.0  208.0  410.0
45.273  409.0  208.0  410.0
45.295  410.0  208.0  409.0
45.295  410.0  208.0  410.0
45.319  410.0  208.0  410.0
45.341  410.0  208.0  410.0
45.364  410.0  208.0  410.0
45.387  409.0  208.0  410.0
45.387  409.0  208.0  410.0
45.399  410.0  208.0  409.0
45.421  410.0  208.0  410.0
45.444  410.0  208.0  410.0
45.444  410.0  208.0  410.0
45.467  410.0  208.0  410.0
45.49  409.0  208.0  410.0
45.512  410.0  208.0  409.0
45.524  410.0  208.0  410.0
45.524  410.0  207.0  410.0
45.547  410.0  208.0  410.0
45.57  410.0  208.0  410.0
45.593  410.0  208.0  410.0
45.616  410.0  208.0  410.0
45.616  410.0  208.0  410.0
45.638  410.0  208.0  410.0
45.662  410.0  207.0  410.0
45.673  410.0  208.0  410.0
45.696  410.0  207.0  410.0
45.696  410.0  207.0  410.0
45.719  410.0  207.0  410.0
45.742  409.0  208.0  410.0
45.764  410.0  207.0  409.0
45.775  410.0  208.0  410.0
45.788  409.0  208.0  409.0
45.799  410.0  208.0  409.0
45.821  410.0  208.0  409.0
45.844  409.0  207.0  410.0
45.844  409.0  208.0  409.0
45.868  410.0  208.0  410.0
45.89  409.0  208.0  410.0
45.913  410.0  208.0  409.0
45.936  410.0  208.0  409.0
45.936  410.0  207.0  410.0
45.947  410.0  207.0  410.0
45.97  410.0  207.0  410.0
45.993  409.0  208.0  410.0
46.016  410.0  207.0  409.0
46.039  410.0  207.0  410.0
46.039  410.0  207.0  410.0
46.062  410.0  207.0  410.0
46.085  409.0  207.0  410.0
46.096  410.0  207.0  409.0
46.096  410.0  207.0  410.0
46.119  409.0  207.0  410.0
46.142  410.0  207.0  410.0
46.164  409.0  207.0  410.0
46.188  410.0  207.0  409.0
46.188  410.0  207.0  410.0
46.199  410.0  207.0  410.0
46.222  410.0  207.0  410.0
46.244  410.0  208.0  410.0
46.268  410.0  208.0  410.0
46.268  410.0  208.0  410.0
46.29  410.0  208.0  410.0
46.313  409.0  208.0  410.0
46.325  410.0  207.0  409.0
46.348  409.0  208.0  410.0
46.348  409.0  208.0  410.0
46.37  410.0  207.0  410.0
46.394  410.0  207.0  410.0
46.416  410.0  208.0  410.0
46.416  410.0  207.0  410.0
46.439  410.0  207.0  410.0
46.462  410.0  207.0  410.0
46.474  409.0  207.0  410.0
46.496  410.0  207.0  409.0
46.496  410.0  207.0  410.0
46.52  410.0  207.0  410.0
46.542  410.0  207.0  410.0
