0.0  1.0  1.0  1.0
0.0  1.0  1.0  1.0
0.0  1.0  1.0  1.0
0.0  1.0  1.0  1.0
0.0  1.0  1.0  1.0
0.0  1.0  1.0  1.0
0.0  1.0  1.0  1.0
0.0  1.0  1.0  1.0
0.0  1.0  1.0  1.0
0.0  1.0  1.0  1.0
0.0  1.0  1.0  1.0
0.0  1.0  1.0  1.0
0.0  1.0  1.0  1.0
0.0  1.0  1.0  1.0
0.0  1.0  1.0  1.0
0.0  1.0  1.0  1.0
0.0  1.0  1.0  1.0
0.0  1.0  1.0  1.0
0.0  1.0  1.0  1.0
0.0  1.0  1.0  1.0
0.0  1.0  1.0  1.0
0.0  1.0  1.0  1.0
0.0  1.0  1.0  1.0
0.0  1.0  1.0  1.0
0.0  1.0  1.0  1.0
0.0  1.0  1.0  1.0
0.0  1.0  1.0  1.0
0.0  1.0  1.0  1.0
0.0  1.0  1.0  1.0
0.0  1.0  1.0  1.0
0.0  1.0  1.0  1.0
0.0  1.0  1.0  1.0
0.0  1.0  1.0  1.0
0.0  1.0  1.0  1.0
0.0  1.0  1.0  1.0
0.0  1.0  1.0  1.0
0.0  1.0  1.0  1.0
0.0  1.0  1.0  1.0
0.0  1.0  1.0  1.0
0.0  1.0  1.0  1.0
0.0  1.0  1.0  1.0
0.0  1.0  1.0  1.0
0.0010  799.0  1.0  1.0
0.0010  799.0  1.0  1.0
0.0020  797.0  1023.0  19.0
0.0030  799.0  1023.0  20.0
0.012  799.0  1023.0  20.0
0.053  798.0  1023.0  19.0
0.078  799.0  1023.0  19.0
0.095  799.0  1023.0  19.0
0.112  798.0  1023.0  20.0
0.112  798.0  1023.0  19.0
0.132  799.0  1023.0  19.0
0.159  798.0  1023.0  19.0
0.178  798.0  1023.0  20.0
0.197  798.0  1023.0  20.0
0.197  798.0  1023.0  19.0
0.225  798.0  1023.0  19.0
0.234  798.0  1023.0  19.0
0.263  798.0  1023.0  19.0
0.281  799.0  1023.0  19.0
0.281  799.0  1023.0  19.0
0.3  798.0  1023.0  19.0
0.328  798.0  1023.0  19.0
0.347  799.0  1023.0  19.0
0.347  799.0  1023.0  20.0
0.365  799.0  1023.0  19.0
0.394  799.0  1023.0  19.0
0.412  799.0  1023.0  19.0
0.412  799.0  1023.0  19.0
0.44  798.0  1023.0  20.0
0.459  797.0  1023.0  20.0
0.478  798.0  1023.0  19.0
0.505  798.0  1023.0  19.0
0.505  798.0  1023.0  19.0
0.525  798.0  1023.0  19.0
0.543  798.0  1023.0  20.0
0.562  798.0  1023.0  20.0
0.59  799.0  1023.0  19.0
0.59  799.0  1023.0  19.0
0.609  798.0  1023.0  19.0
0.627  799.0  1023.0  20.0
0.646  798.0  1023.0  19.0
0.674  798.0  1023.0  19.0
0.674  798.0  1023.0  19.0
0.693  799.0  1023.0  20.0
0.711  799.0  1023.0  20.0
0.731  799.0  1023.0  19.0
0.749  799.0  1023.0  19.0
0.749  799.0  1023.0  19.0
0.777  799.0  1023.0  19.0
0.796  799.0  1023.0  19.0
0.815  798.0  1023.0  20.0
0.815  798.0  1023.0  19.0
0.842  798.0  1023.0  19.0
0.862  797.0  1023.0  19.0
0.88  798.0  1023.0  19.0
0.889  799.0  1023.0  20.0
0.908  799.0  1023.0  19.0
0.973  798.0  1023.0  19.0
0.993  799.0  1023.0  19.0
0.993  799.0  1023.0  20.0
1.012  798.0  1023.0  19.0
1.033  798.0  1023.0  19.0
1.033  798.0  1023.0  19.0
1.053  798.0  1023.0  20.0
1.075  800.0  1023.0  19.0
1.095  798.0  1023.0  19.0
1.116  798.0  1023.0  19.0
1.116  798.0  1023.0  19.0
1.147  798.0  1023.0  20.0
1.168  799.0  1023.0  19.0
1.189  798.0  1023.0  19.0
1.21  799.0  1023.0  19.0
1.21  799.0  1023.0  19.0
1.23  799.0  1023.0  19.0
1.251  798.0  1023.0  20.0
1.272  799.0  1023.0  19.0
1.272  799.0  1023.0  19.0
1.293  798.0  1023.0  19.0
1.313  799.0  1023.0  20.0
1.335  798.0  1023.0  20.0
1.355  798.0  1023.0  20.0
1.376  798.0  1023.0  19.0
1.376  798.0  1023.0  19.0
1.397  799.0  1023.0  19.0
1.418  798.0  1023.0  20.0
1.438  799.0  1023.0  20.0
1.438  799.0  1023.0  20.0
1.46  799.0  1023.0  19.0
1.48  799.0  1023.0  19.0
1.48  799.0  1023.0  20.0
1.511  798.0  1023.0  20.0
1.532  798.0  1023.0  19.0
1.553  798.0  1023.0  19.0
1.553  798.0  1023.0  19.0
1.573  798.0  1023.0  20.0
1.595  798.0  1023.0  20.0
1.615  798.0  1023.0  20.0
1.636  798.0  1023.0  19.0
1.636  798.0  1023.0  19.0
1.657  798.0  1023.0  19.0
1.678  798.0  1023.0  19.0
1.698  798.0  1023.0  20.0
1.719  798.0  1023.0  18.0
1.719  798.0  1023.0  19.0
1.74  799.0  1023.0  19.0
1.761  799.0  1023.0  19.0
1.781  799.0  1023.0  20.0
1.781  799.0  1023.0  19.0
1.813  798.0  1023.0  19.0
1.833  798.0  1023.0  19.0
1.855  799.0  1023.0  19.0
1.875  799.0  1023.0  20.0
1.875  799.0  1023.0  20.0
1.896  799.0  1023.0  19.0
1.916  799.0  1023.0  19.0
1.938  799.0  1023.0  19.0
1.938  799.0  1023.0  20.0
1.958  798.0  1023.0  19.0
1.979  798.0  1023.0  19.0
2.0  798.0  1023.0  19.0
2.021  798.0  1023.0  19.0
2.041  799.0  1023.0  19.0
2.041  799.0  1023.0  19.0
2.063  799.0  1023.0  19.0
2.094  798.0  1023.0  19.0
2.114  799.0  1023.0  19.0
2.114  799.0  1023.0  19.0
2.125  799.0  1023.0  20.0
2.146  798.0  1023.0  18.0
2.166  799.0  1023.0  19.0
2.166  799.0  1023.0  19.0
2.188  798.0  1023.0  20.0
2.219  798.0  1023.0  20.0
2.229  799.0  1023.0  20.0
2.26  799.0  1023.0  20.0
2.26  799.0  1023.0  19.0
2.281  798.0  1023.0  19.0
2.301  798.0  1023.0  20.0
2.323  798.0  1023.0  20.0
2.343  798.0  1023.0  20.0
2.343  798.0  1023.0  19.0
2.364  798.0  1023.0  19.0
2.384  798.0  1023.0  20.0
2.406  799.0  1023.0  19.0
2.426  799.0  1023.0  19.0
2.447  798.0  1023.0  19.0
2.447  798.0  1023.0  19.0
2.468  798.0  1023.0  20.0
2.489  798.0  1023.0  20.0
2.509  799.0  1023.0  20.0
2.541  798.0  1023.0  19.0
2.541  798.0  1023.0  19.0
2.562  799.0  1023.0  19.0
2.582  798.0  1023.0  20.0
2.582  798.0  1023.0  20.0
2.604  799.0  1023.0  19.0
2.624  798.0  1023.0  19.0
2.644  799.0  1023.0  20.0
2.656  799.0  1023.0  20.0
2.666  798.0  1023.0  20.0
2.686  798.0  1023.0  20.0
2.707  799.0  1023.0  19.0
2.728  798.0  1023.0  20.0
2.728  798.0  1023.0  20.0
2.749  798.0  1023.0  20.0
2.769  798.0  1023.0  18.0
2.791  799.0  1023.0  18.0
2.811  799.0  1023.0  19.0
2.811  799.0  1023.0  19.0
2.832  799.0  1023.0  20.0
2.853  799.0  1023.0  19.0
2.874  799.0  1023.0  19.0
2.894  799.0  1023.0  19.0
2.894  799.0  1023.0  19.0
2.915  798.0  1023.0  20.0
2.936  798.0  1023.0  20.0
2.957  799.0  1023.0  19.0
2.977  798.0  1023.0  19.0
2.977  798.0  1023.0  19.0
2.999  799.0  1023.0  19.0
3.019  799.0  1023.0  20.0
3.04  799.0  1023.0  19.0
3.061  798.0  1023.0  19.0
3.061  798.0  1023.0  19.0
3.082  798.0  1023.0  20.0
3.102  798.0  1023.0  20.0
3.124  799.0  1023.0  20.0
3.144  799.0  1023.0  19.0
3.144  799.0  1023.0  19.0
3.165  799.0  1023.0  20.0
3.196  798.0  1023.0  20.0
3.217  798.0  1023.0  19.0
3.217  798.0  1023.0  19.0
3.237  798.0  1023.0  19.0
3.259  798.0  1023.0  19.0
3.279  799.0  1023.0  20.0
3.3  799.0  1023.0  19.0
3.3  799.0  1023.0  19.0
3.321  799.0  1023.0  19.0
3.342  798.0  1023.0  19.0
3.362  798.0  1023.0  20.0
3.383  799.0  1023.0  20.0
3.383  799.0  1023.0  20.0
3.404  798.0  1023.0  19.0
3.425  798.0  1023.0  20.0
3.445  798.0  1023.0  20.0
3.467  798.0  1023.0  20.0
3.467  798.0  1023.0  19.0
3.487  798.0  1023.0  19.0
3.508  798.0  1023.0  19.0
3.529  798.0  1023.0  20.0
3.55  798.0  1023.0  20.0
3.55  798.0  1023.0  20.0
3.57  798.0  1023.0  20.0
3.592  799.0  1023.0  19.0
3.612  798.0  1023.0  20.0
3.633  798.0  1023.0  20.0
3.633  798.0  1023.0  20.0
3.654  799.0  1023.0  19.0
3.675  799.0  1023.0  19.0
3.695  798.0  1023.0  19.0
3.695  798.0  1023.0  19.0
3.716  798.0  1023.0  20.0
3.737  799.0  1023.0  20.0
3.758  798.0  1023.0  19.0
3.778  798.0  1023.0  19.0
3.778  798.0  1023.0  19.0
3.81  799.0  1023.0  20.0
3.83  799.0  1023.0  20.0
3.852  798.0  1023.0  19.0
3.852  798.0  1023.0  19.0
3.872  798.0  1023.0  19.0
3.893  799.0  1023.0  20.0
3.913  799.0  1023.0  19.0
3.913  799.0  1023.0  19.0
3.935  799.0  1023.0  19.0
3.955  798.0  1023.0  19.0
3.976  799.0  1023.0  20.0
3.997  798.0  1023.0  19.0
3.997  798.0  1023.0  19.0
4.018  799.0  1023.0  19.0
4.038  798.0  1023.0  19.0
4.06  798.0  1023.0  19.0
4.08  798.0  1023.0  20.0
4.08  798.0  1023.0  18.0
4.101  799.0  1023.0  18.0
4.122  799.0  1023.0  19.0
4.143  799.0  1023.0  19.0
4.163  799.0  1023.0  20.0
4.163  799.0  1023.0  19.0
4.185  798.0  1023.0  19.0
4.215  799.0  1023.0  19.0
4.236  799.0  1023.0  20.0
4.236  799.0  1023.0  20.0
4.257  798.0  1023.0  20.0
4.278  798.0  1023.0  19.0
4.298  799.0  1023.0  18.0
4.32  799.0  1023.0  19.0
4.32  799.0  1023.0  20.0
4.34  799.0  1023.0  20.0
4.361  798.0  1023.0  19.0
4.381  798.0  1023.0  19.0
4.403  797.0  1023.0  19.0
4.403  797.0  1023.0  20.0
4.423  799.0  1023.0  20.0
4.444  799.0  1023.0  19.0
4.465  798.0  1023.0  19.0
4.486  798.0  1023.0  19.0
4.486  798.0  1023.0  20.0
4.506  799.0  1023.0  20.0
4.528  799.0  1023.0  19.0
4.548  798.0  1023.0  19.0
4.569  798.0  1023.0  19.0
4.569  798.0  1023.0  19.0
4.59  799.0  1023.0  19.0
4.611  799.0  1023.0  20.0
4.631  798.0  1023.0  19.0
4.631  798.0  1023.0  19.0
4.653  798.0  1023.0  20.0
4.673  798.0  1023.0  20.0
4.694  798.0  1023.0  19.0
4.714  799.0  1023.0  19.0
4.714  799.0  1023.0  19.0
4.736  799.0  1023.0  20.0
4.756  798.0  1023.0  20.0
4.776  798.0  1023.0  20.0
4.808  798.0  1023.0  20.0
4.808  798.0  1023.0  19.0
4.829  798.0  1023.0  19.0
4.85  797.0  1023.0  20.0
4.871  799.0  1023.0  20.0
4.891  799.0  1023.0  19.0
4.912  797.0  1023.0  19.0
4.912  797.0  1023.0  19.0
4.933  798.0  1023.0  19.0
4.954  799.0  1023.0  20.0
4.974  799.0  1023.0  20.0
4.996  798.0  1023.0  18.0
4.996  798.0  1023.0  19.0
5.016  798.0  1023.0  19.0
5.037  799.0  1023.0  19.0
5.058  798.0  1023.0  20.0
5.058  798.0  1023.0  19.0
5.079  798.0  1023.0  19.0
5.099  797.0  1023.0  19.0
5.121  799.0  1023.0  20.0
5.141  799.0  1023.0  19.0
5.141  799.0  1023.0  19.0
5.161  799.0  1023.0  19.0
5.183  798.0  1023.0  19.0
5.203  798.0  1023.0  20.0
5.224  798.0  1023.0  20.0
5.224  798.0  1023.0  19.0
5.244  798.0  1023.0  19.0
5.266  797.0  1023.0  19.0
5.286  799.0  1023.0  19.0
5.307  798.0  1023.0  20.0
5.307  798.0  1023.0  19.0
5.328  799.0  1023.0  19.0
5.349  799.0  1023.0  19.0
5.369  798.0  1023.0  19.0
5.391  798.0  1023.0  20.0
5.391  798.0  1023.0  19.0
5.411  799.0  1023.0  19.0
5.432  799.0  1023.0  19.0
5.453  799.0  1023.0  19.0
5.474  799.0  1023.0  20.0
5.484  797.0  1023.0  20.0
5.505  798.0  1023.0  20.0
5.526  798.0  1023.0  19.0
5.547  799.0  1023.0  18.0
5.567  799.0  1023.0  20.0
5.567  799.0  1023.0  20.0
5.588  799.0  1023.0  20.0
5.609  798.0  1023.0  19.0
5.629  798.0  1023.0  19.0
5.629  798.0  1023.0  21.0
5.651  798.0  1023.0  22.0
5.671  799.0  1023.0  22.0
5.692  798.0  1023.0  22.0
5.692  798.0  1023.0  22.0
5.712  798.0  1023.0  24.0
5.734  797.0  1023.0  25.0
5.754  798.0  1023.0  25.0
5.775  798.0  1023.0  30.0
5.775  798.0  1023.0  30.0
5.796  798.0  1023.0  39.0
5.817  799.0  1023.0  62.0
5.837  798.0  1023.0  62.0
5.859  799.0  1023.0  82.0
5.859  799.0  1023.0  95.0
5.879  799.0  1023.0  95.0
5.9  798.0  1023.0  95.0
5.921  798.0  1023.0  121.0
5.942  798.0  1023.0  142.0
5.942  798.0  1023.0  145.0
5.962  798.0  1023.0  146.0
5.984  798.0  1023.0  146.0
6.004  797.0  1023.0  146.0
6.025  798.0  1023.0  133.0
6.025  798.0  1023.0  112.0
6.045  798.0  1023.0  92.0
6.077  798.0  1023.0  92.0
6.097  798.0  1023.0  74.0
6.119  798.0  1023.0  66.0
6.119  798.0  1023.0  66.0
6.129  798.0  1023.0  66.0
6.15  797.0  1023.0  66.0
6.181  798.0  1023.0  81.0
6.181  798.0  1023.0  108.0
6.202  798.0  1023.0  164.0
6.222  798.0  1023.0  164.0
6.243  798.0  1023.0  164.0
6.264  797.0  1023.0  237.0
6.264  797.0  1023.0  339.0
6.285  797.0  1023.0  370.0
6.305  797.0  1023.0  370.0
6.327  796.0  1023.0  370.0
6.347  798.0  1023.0  368.0
6.347  798.0  1023.0  359.0
6.368  798.0  1023.0  318.0
6.389  797.0  1023.0  252.0
6.41  797.0  1023.0  252.0
6.41  797.0  1023.0  183.0
6.43  797.0  1023.0  183.0
6.452  797.0  1023.0  126.0
6.472  798.0  1023.0  102.0
6.493  797.0  1023.0  102.0
6.493  797.0  1023.0  104.0
6.514  798.0  1023.0  117.0
6.535  797.0  1023.0  117.0
6.555  797.0  1023.0  117.0
6.576  797.0  1023.0  154.0
6.576  797.0  1023.0  228.0
6.597  797.0  1023.0  307.0
6.618  798.0  1023.0  307.0
6.638  798.0  1023.0  307.0
6.66  798.0  1023.0  398.0
6.66  798.0  1023.0  432.0
6.68  798.0  1023.0  436.0
6.701  798.0  1023.0  415.0
6.722  797.0  1023.0  415.0
6.743  797.0  1023.0  369.0
6.743  797.0  1023.0  369.0
6.763  798.0  1023.0  298.0
6.795  797.0  1023.0  216.0
6.815  797.0  1023.0  216.0
6.836  797.0  1023.0  152.0
6.836  797.0  1023.0  115.0
6.857  792.0  1023.0  115.0
6.878  792.0  1023.0  95.0
6.898  793.0  1023.0  95.0
6.908  793.0  1023.0  75.0
6.92  793.0  1023.0  60.0
6.93  793.0  1023.0  48.0
6.961  793.0  1023.0  41.0
6.982  792.0  1023.0  41.0
6.982  792.0  1023.0  41.0
7.003  794.0  1023.0  39.0
7.023  794.0  1023.0  40.0
7.044  793.0  1023.0  39.0
7.065  793.0  1023.0  39.0
7.065  793.0  1023.0  40.0
7.086  793.0  1023.0  40.0
7.106  794.0  1023.0  47.0
7.128  794.0  1023.0  48.0
7.148  793.0  1023.0  48.0
7.148  793.0  1023.0  49.0
7.169  793.0  1023.0  53.0
7.19  793.0  1023.0  53.0
7.211  793.0  1023.0  58.0
7.231  793.0  1023.0  58.0
7.231  793.0  1023.0  63.0
7.252  793.0  1023.0  70.0
7.273  794.0  1023.0  70.0
7.293  794.0  1023.0  78.0
7.315  794.0  1023.0  78.0
7.315  794.0  1023.0  90.0
7.335  793.0  1023.0  125.0
7.356  793.0  1023.0  180.0
7.376  793.0  1023.0  180.0
7.388  794.0  1023.0  180.0
7.398  793.0  1023.0  253.0
7.418  792.0  1023.0  329.0
7.439  792.0  1023.0  404.0
7.46  793.0  1023.0  404.0
7.46  793.0  1023.0  440.0
7.501  793.0  1023.0  484.0
7.501  793.0  1023.0  484.0
7.523  793.0  1023.0  484.0
7.543  793.0  1023.0  519.0
7.543  793.0  1023.0  503.0
7.574  793.0  1023.0  495.0
7.596  793.0  1023.0  490.0
7.616  793.0  1023.0  490.0
7.636  794.0  1023.0  456.0
7.636  794.0  1023.0  456.0
7.658  794.0  1023.0  394.0
7.678  793.0  1023.0  304.0
7.699  793.0  1023.0  304.0
7.699  793.0  1023.0  254.0
7.72  793.0  1023.0  218.0
7.741  793.0  1023.0  218.0
7.761  794.0  1023.0  210.0
7.783  792.0  1023.0  210.0
7.783  792.0  1023.0  209.0
7.803  792.0  1023.0  213.0
7.824  793.0  1023.0  230.0
7.845  792.0  1023.0  230.0
7.866  793.0  1023.0  230.0
7.866  793.0  1023.0  251.0
7.886  794.0  1023.0  310.0
7.907  793.0  1023.0  361.0
7.928  793.0  1023.0  361.0
7.949  792.0  1023.0  397.0
7.949  792.0  1023.0  397.0
7.969  794.0  1023.0  442.0
7.991  793.0  1023.0  473.0
8.011  794.0  1023.0  473.0
8.011  794.0  1023.0  527.0
8.042  793.0  1023.0  534.0
8.064  793.0  1023.0  534.0
8.084  793.0  1023.0  513.0
8.084  793.0  1023.0  513.0
8.104  793.0  1023.0  482.0
8.126  793.0  1023.0  439.0
8.146  793.0  1023.0  389.0
8.167  793.0  1023.0  389.0
8.167  793.0  1023.0  389.0
8.188  793.0  1023.0  319.0
8.209  793.0  1023.0  263.0
8.229  792.0  1023.0  241.0
8.251  792.0  1023.0  213.0
8.251  792.0  1023.0  213.0
8.271  793.0  1023.0  177.0
8.292  793.0  1023.0  177.0
8.313  793.0  1023.0  162.0
8.334  793.0  1023.0  148.0
8.334  793.0  1023.0  148.0
8.354  793.0  1023.0  127.0
8.375  793.0  1023.0  116.0
8.396  793.0  1023.0  116.0
8.396  793.0  1023.0  116.0
8.417  793.0  1023.0  114.0
8.437  793.0  1023.0  105.0
8.459  793.0  1023.0  93.0
8.479  794.0  1023.0  70.0
8.479  794.0  1023.0  70.0
8.5  793.0  1023.0  70.0
8.531  793.0  1023.0  56.0
8.552  793.0  1023.0  49.0
8.572  793.0  1023.0  48.0
8.572  793.0  1023.0  48.0
8.594  792.0  1023.0  48.0
8.614  793.0  1023.0  48.0
8.635  793.0  1023.0  48.0
8.656  792.0  1023.0  46.0
8.656  792.0  1023.0  46.0
8.677  793.0  1023.0  47.0
8.687  793.0  1023.0  44.0
8.719  792.0  1023.0  42.0
8.719  792.0  1023.0  42.0
8.739  793.0  1023.0  42.0
8.76  793.0  1023.0  42.0
8.781  793.0  1023.0  40.0
8.802  793.0  1023.0  41.0
8.802  793.0  1023.0  44.0
8.822  792.0  1023.0  44.0
8.844  793.0  1023.0  44.0
8.864  794.0  1023.0  48.0
8.885  793.0  1023.0  50.0
8.885  793.0  1023.0  54.0
8.905  793.0  1023.0  54.0
8.927  794.0  1023.0  66.0
8.947  793.0  1023.0  66.0
8.947  793.0  1023.0  79.0
8.968  793.0  1023.0  79.0
8.999  793.0  1023.0  89.0
9.02  793.0  1023.0  98.0
9.04  793.0  1023.0  103.0
9.04  793.0  1023.0  103.0
9.062  793.0  1023.0  104.0
9.082  794.0  1023.0  104.0
9.103  793.0  1023.0  107.0
9.124  793.0  1023.0  109.0
9.124  793.0  1023.0  105.0
9.145  794.0  1023.0  105.0
9.165  794.0  1023.0  105.0
9.187  793.0  1023.0  104.0
9.207  793.0  1023.0  105.0
9.207  793.0  1023.0  105.0
9.228  792.0  1023.0  108.0
9.249  792.0  1023.0  108.0
9.27  794.0  1023.0  108.0
9.27  794.0  1023.0  105.0
9.29  794.0  1023.0  100.0
9.312  794.0  1023.0  92.0
9.332  793.0  1023.0  92.0
9.353  792.0  1023.0  83.0
9.353  792.0  1023.0  83.0
9.373  794.0  1023.0  75.0
9.395  793.0  1023.0  69.0
9.415  793.0  1023.0  69.0
9.436  793.0  1023.0  61.0
9.436  793.0  1023.0  59.0
9.457  792.0  1023.0  58.0
9.478  794.0  1023.0  58.0
9.498  793.0  1023.0  58.0
9.52  794.0  1023.0  60.0
9.52  794.0  1023.0  65.0
9.54  792.0  1023.0  76.0
9.561  792.0  1023.0  76.0
9.582  793.0  1023.0  88.0
9.582  793.0  1023.0  88.0
9.613  792.0  1023.0  107.0
9.633  794.0  1023.0  132.0
9.655  794.0  1023.0  132.0
9.665  793.0  1023.0  152.0
9.665  793.0  1023.0  152.0
9.696  794.0  1023.0  180.0
9.717  793.0  1023.0  192.0
9.738  793.0  1023.0  192.0
9.738  793.0  1023.0  188.0
9.758  794.0  1023.0  170.0
9.78  794.0  1023.0  144.0
9.8  793.0  1023.0  144.0
9.821  793.0  1023.0  144.0
9.842  794.0  1023.0  112.0
9.842  794.0  1023.0  96.0
9.863  794.0  1023.0  79.0
9.883  793.0  1023.0  69.0
9.904  792.0  1023.0  69.0
9.904  792.0  1023.0  58.0
9.925  792.0  1023.0  58.0
9.946  793.0  1023.0  54.0
9.966  794.0  1023.0  61.0
9.988  793.0  1023.0  61.0
9.988  793.0  1023.0  70.0
10.008  794.0  1023.0  70.0
10.031  793.0  1023.0  88.0
10.054  793.0  1023.0  115.0
10.065  794.0  1023.0  115.0
10.065  794.0  1023.0  144.0
10.099  794.0  1023.0  144.0
10.112  793.0  1023.0  193.0
10.134  793.0  1023.0  241.0
10.157  792.0  1023.0  241.0
10.157  792.0  1023.0  270.0
10.18  793.0  1023.0  280.0
10.203  793.0  1023.0  262.0
10.214  794.0  1023.0  262.0
10.214  794.0  1023.0  262.0
10.236  793.0  1023.0  233.0
10.26  793.0  1023.0  193.0
10.283  792.0  1023.0  156.0
10.305  793.0  1023.0  156.0
10.305  793.0  1023.0  139.0
10.329  793.0  1023.0  139.0
10.351  794.0  1023.0  137.0
10.375  793.0  1023.0  142.0
10.386  794.0  1023.0  173.0
10.386  794.0  1023.0  173.0
10.408  793.0  1023.0  205.0
10.431  793.0  1023.0  205.0
10.455  794.0  1023.0  241.0
10.477  794.0  1023.0  268.0
10.477  794.0  1023.0  268.0
10.488  793.0  1023.0  267.0
10.512  794.0  1023.0  267.0
10.534  792.0  1023.0  249.0
10.557  793.0  1023.0  217.0
10.557  793.0  1023.0  217.0
10.58  793.0  1023.0  178.0
10.603  793.0  1023.0  152.0
10.626  792.0  1023.0  152.0
10.626  792.0  1023.0  141.0
10.637  794.0  1023.0  141.0
10.66  794.0  1023.0  163.0
10.683  793.0  1023.0  205.0
10.706  793.0  1023.0  243.0
10.706  793.0  1023.0  243.0
10.729  793.0  1023.0  243.0
10.752  793.0  1023.0  254.0
10.775  793.0  1023.0  241.0
10.786  792.0  1023.0  219.0
10.786  792.0  1023.0  196.0
10.809  793.0  1023.0  196.0
10.831  792.0  1023.0  196.0
10.855  793.0  1023.0  164.0
10.855  793.0  1023.0  141.0
10.877  792.0  1023.0  121.0
10.9  793.0  1023.0  121.0
10.912  793.0  1023.0  128.0
10.946  793.0  1023.0  153.0
10.946  793.0  1023.0  153.0
10.957  793.0  1023.0  185.0
10.981  793.0  1023.0  185.0
11.003  793.0  1023.0  225.0
11.026  793.0  1023.0  232.0
11.026  793.0  1023.0  232.0
11.049  793.0  1023.0  232.0
11.072  792.0  1023.0  227.0
11.095  792.0  1023.0  214.0
11.107  793.0  1023.0  175.0
11.107  793.0  1023.0  118.0
11.129  793.0  1023.0  118.0
11.152  793.0  1023.0  81.0
11.175  794.0  1023.0  81.0
11.175  794.0  1023.0  49.0
11.198  792.0  1023.0  33.0
11.22  794.0  1023.0  33.0
11.232  794.0  1023.0  26.0
11.255  793.0  1023.0  20.0
11.255  793.0  1023.0  21.0
11.278  794.0  1023.0  21.0
11.3  792.0  1023.0  21.0
11.324  794.0  1023.0  18.0
11.324  794.0  1023.0  17.0
11.346  794.0  1023.0  18.0
11.369  794.0  1023.0  18.0
11.381  794.0  1023.0  18.0
11.404  795.0  1023.0  18.0
11.404  795.0  1023.0  17.0
11.426  794.0  1023.0  16.0
11.45  793.0  1023.0  17.0
11.472  794.0  1023.0  17.0
11.495  794.0  1023.0  16.0
11.495  794.0  1023.0  16.0
11.518  794.0  1023.0  16.0
11.541  794.0  1023.0  17.0
11.552  794.0  1023.0  17.0
11.576  794.0  1023.0  16.0
11.576  794.0  1023.0  16.0
11.598  794.0  1023.0  17.0
11.621  794.0  1023.0  17.0
11.644  794.0  1023.0  17.0
11.644  794.0  1023.0  17.0
11.667  794.0  1023.0  16.0
11.689  794.0  1023.0  17.0
11.701  794.0  1023.0  17.0
11.724  794.0  1023.0  17.0
11.724  794.0  1023.0  17.0
11.747  794.0  1023.0  16.0
11.769  794.0  1023.0  16.0
11.793  794.0  1023.0  16.0
11.793  794.0  1023.0  17.0
11.815  794.0  1023.0  17.0
11.827  794.0  1023.0  17.0
11.862  794.0  1023.0  16.0
11.873  794.0  1023.0  16.0
11.873  794.0  1023.0  16.0
11.895  794.0  1023.0  17.0
11.919  794.0  1023.0  16.0
11.941  794.0  1023.0  16.0
11.941  794.0  1023.0  16.0
11.964  794.0  1023.0  16.0
11.987  794.0  1023.0  17.0
12.01  794.0  1023.0  16.0
12.021  794.0  1023.0  16.0
12.021  794.0  1023.0  16.0
12.056  794.0  1023.0  17.0
12.067  794.0  1023.0  17.0
12.09  794.0  1023.0  16.0
12.113  794.0  1023.0  16.0
12.113  794.0  1023.0  16.0
12.136  794.0  1023.0  16.0
12.147  794.0  1023.0  17.0
12.171  794.0  1023.0  17.0
12.193  793.0  1023.0  17.0
12.193  793.0  1023.0  16.0
12.216  794.0  1023.0  16.0
12.239  794.0  1023.0  17.0
12.262  794.0  1023.0  16.0
12.262  794.0  1023.0  16.0
12.284  794.0  1023.0  16.0
12.296  794.0  1023.0  16.0
12.319  794.0  1023.0  16.0
12.342  794.0  1023.0  16.0
12.342  794.0  1023.0  16.0
12.364  794.0  1023.0  16.0
12.388  794.0  1023.0  16.0
12.41  794.0  1023.0  16.0
12.422  793.0  1023.0  17.0
12.422  793.0  1023.0  17.0
12.445  794.0  1023.0  16.0
12.468  794.0  1023.0  16.0
12.49  794.0  1023.0  16.0
12.514  794.0  1023.0  16.0
12.514  794.0  1023.0  16.0
12.536  793.0  1023.0  16.0
12.548  794.0  1023.0  16.0
12.571  794.0  1023.0  17.0
12.594  794.0  1023.0  17.0
12.594  794.0  1023.0  17.0
12.616  794.0  1023.0  17.0
12.64  794.0  1023.0  16.0
12.662  794.0  1023.0  16.0
12.674  794.0  1023.0  17.0
12.674  794.0  1023.0  17.0
12.696  793.0  1023.0  16.0
12.72  795.0  1023.0  16.0
12.742  794.0  1023.0  16.0
12.765  794.0  1023.0  17.0
12.765  794.0  1023.0  17.0
12.788  793.0  1023.0  17.0
12.811  794.0  1023.0  16.0
12.822  794.0  1023.0  16.0
12.846  794.0  1023.0  16.0
12.846  794.0  1023.0  16.0
12.868  794.0  1023.0  17.0
12.891  793.0  1023.0  16.0
12.914  794.0  1023.0  16.0
12.914  794.0  1023.0  16.0
12.925  794.0  1023.0  17.0
12.948  794.0  1023.0  17.0
12.972  794.0  1023.0  16.0
12.994  793.0  1023.0  16.0
12.994  793.0  1023.0  16.0
13.017  794.0  1023.0  17.0
13.04  794.0  1023.0  17.0
13.063  794.0  1023.0  17.0
13.085  794.0  1023.0  16.0
13.085  794.0  1023.0  16.0
13.096  794.0  1023.0  16.0
13.12  793.0  1023.0  17.0
13.143  794.0  1023.0  16.0
13.165  794.0  1023.0  16.0
13.165  794.0  1023.0  16.0
13.189  794.0  1023.0  16.0
13.2  794.0  1023.0  17.0
13.222  794.0  1023.0  17.0
13.246  794.0  1023.0  16.0
13.246  794.0  1023.0  16.0
13.268  794.0  1023.0  16.0
13.291  794.0  1023.0  17.0
13.315  794.0  1023.0  17.0
13.315  794.0  1023.0  17.0
13.337  794.0  1023.0  17.0
13.348  794.0  1023.0  16.0
13.372  794.0  1023.0  16.0
13.394  794.0  1023.0  17.0
13.394  794.0  1023.0  16.0
13.417  794.0  1023.0  16.0
13.441  794.0  1023.0  16.0
13.463  794.0  1023.0  17.0
13.474  794.0  1023.0  17.0
13.474  794.0  1023.0  17.0
13.509  794.0  1023.0  17.0
13.52  794.0  1023.0  16.0
13.52  794.0  1023.0  16.0
13.52  794.0  1023.0  16.0
13.52  794.0  1023.0  16.0
13.623  794.0  1023.0  16.0
13.646  794.0  1023.0  17.0
13.669  794.0  1023.0  17.0
13.68  794.0  1023.0  17.0
13.704  794.0  1023.0  16.0
13.704  794.0  1023.0  16.0
13.726  794.0  1023.0  17.0
13.749  794.0  1023.0  17.0
13.749  794.0  1023.0  17.0
13.772  794.0  1023.0  16.0
13.795  794.0  1023.0  16.0
13.817  793.0  1023.0  16.0
13.829  794.0  1023.0  17.0
13.852  793.0  1023.0  16.0
13.875  794.0  1023.0  17.0
13.875  794.0  1023.0  17.0
13.897  794.0  1023.0  17.0
13.91  794.0  1023.0  17.0
13.943  794.0  1023.0  17.0
13.955  794.0  1023.0  17.0
13.978  794.0  1023.0  16.0
13.978  794.0  1023.0  16.0
14.001  794.0  1023.0  17.0
14.023  793.0  1023.0  17.0
14.047  794.0  1023.0  16.0
14.058  794.0  1023.0  16.0
14.081  794.0  1023.0  17.0
14.081  794.0  1023.0  17.0
14.104  794.0  1023.0  17.0
14.127  794.0  1023.0  16.0
14.149  794.0  1023.0  16.0
14.149  794.0  1023.0  17.0
14.173  794.0  1023.0  17.0
14.195  794.0  1023.0  17.0
14.206  794.0  1023.0  17.0
14.206  794.0  1023.0  16.0
14.229  794.0  1023.0  16.0
14.253  795.0  1023.0  17.0
14.275  795.0  1023.0  17.0
14.298  794.0  1023.0  16.0
14.298  794.0  1023.0  16.0
14.321  794.0  1023.0  16.0
14.332  794.0  1023.0  17.0
14.355  794.0  1023.0  17.0
