208.245  484.0  51.0  0.0
208.245  484.0  51.0  0.0
208.245  484.0  51.0  0.0
208.245  484.0  51.0  0.0
208.245  484.0  51.0  0.0
208.245  484.0  51.0  0.0
208.245  484.0  51.0  0.0
208.245  484.0  51.0  0.0
208.245  484.0  51.0  0.0
208.245  484.0  51.0  0.0
208.245  484.0  51.0  0.0
208.245  484.0  51.0  0.0
208.245  484.0  51.0  0.0
208.245  484.0  51.0  0.0
208.245  484.0  51.0  0.0
208.245  484.0  51.0  0.0
208.245  484.0  51.0  0.0
208.245  484.0  51.0  0.0
208.245  484.0  51.0  0.0
208.245  484.0  51.0  0.0
208.245  484.0  51.0  0.0
208.245  484.0  51.0  0.0
208.245  484.0  51.0  0.0
208.245  484.0  51.0  0.0
208.245  484.0  51.0  0.0
208.245  484.0  51.0  0.0
208.245  484.0  51.0  0.0
208.245  484.0  51.0  0.0
208.245  484.0  51.0  0.0
208.245  484.0  51.0  0.0
208.245  484.0  51.0  0.0
208.245  484.0  51.0  0.0
208.245  484.0  51.0  0.0
208.245  484.0  51.0  0.0
208.245  484.0  51.0  0.0
208.245  484.0  51.0  0.0
208.245  484.0  51.0  0.0
208.245  484.0  51.0  0.0
208.245  484.0  51.0  0.0
208.245  484.0  51.0  0.0
208.245  484.0  51.0  0.0
0.0  484.0  51.0  0.0
0.0  484.0  51.0  0.0
0.0010  484.0  51.0  0.0
0.0020  484.0  49.0  48.0
0.0050  484.0  47.0  0.0
0.0050  484.0  47.0  0.0
0.028  483.0  48.0  0.0
0.045  484.0  48.0  0.0
0.07  483.0  46.0  0.0
0.087  483.0  46.0  0.0
0.087  483.0  47.0  0.0
0.112  485.0  47.0  0.0
0.132  484.0  47.0  0.0
0.15  484.0  47.0  0.0
0.15  484.0  46.0  1.0
0.178  483.0  46.0  0.0
0.197  484.0  46.0  0.0
0.216  484.0  46.0  0.0
0.243  484.0  46.0  1.0
0.243  484.0  46.0  1.0
0.263  484.0  46.0  0.0
0.281  484.0  47.0  0.0
0.3  483.0  47.0  0.0
0.3  483.0  48.0  0.0
0.328  483.0  48.0  0.0
0.347  484.0  48.0  0.0
0.365  484.0  48.0  0.0
0.384  483.0  48.0  0.0
0.384  483.0  48.0  0.0
0.412  484.0  45.0  0.0
0.431  484.0  46.0  0.0
0.449  484.0  46.0  0.0
0.478  484.0  46.0  0.0
0.478  484.0  46.0  0.0
0.496  484.0  45.0  0.0
0.515  483.0  46.0  0.0
0.543  483.0  46.0  0.0
0.543  483.0  46.0  0.0
0.562  484.0  46.0  0.0
0.58  484.0  48.0  0.0
0.6  483.0  48.0  0.0
0.618  483.0  48.0  0.0
0.618  483.0  48.0  0.0
0.646  484.0  48.0  0.0
0.665  484.0  48.0  0.0
0.684  483.0  46.0  1.0
0.684  483.0  46.0  1.0
0.711  483.0  48.0  0.0
0.731  483.0  48.0  0.0
0.749  484.0  48.0  1.0
0.777  484.0  48.0  1.0
0.796  484.0  48.0  0.0
0.796  484.0  48.0  0.0
0.833  483.0  49.0  0.0
0.833  483.0  48.0  0.0
0.851  484.0  48.0  0.0
0.871  484.0  48.0  0.0
0.88  482.0  49.0  0.0
0.946  483.0  49.0  1.0
0.946  483.0  49.0  1.0
0.964  484.0  47.0  0.0
0.983  483.0  47.0  0.0
1.002  484.0  47.0  0.0
1.002  484.0  47.0  0.0
1.022  483.0  48.0  0.0
1.043  484.0  48.0  0.0
1.064  483.0  48.0  0.0
1.085  484.0  51.0  0.0
1.085  484.0  51.0  0.0
1.105  483.0  51.0  0.0
1.127  483.0  49.0  0.0
1.147  483.0  51.0  0.0
1.168  484.0  53.0  0.0
1.168  484.0  53.0  0.0
1.189  484.0  52.0  1.0
1.21  484.0  52.0  1.0
1.241  483.0  52.0  0.0
1.262  484.0  52.0  0.0
1.262  484.0  52.0  0.0
1.283  483.0  51.0  0.0
1.293  484.0  50.0  0.0
1.313  483.0  53.0  0.0
1.313  483.0  53.0  0.0
1.335  484.0  53.0  0.0
1.355  484.0  53.0  0.0
1.376  483.0  52.0  0.0
1.408  484.0  52.0  0.0
1.408  484.0  52.0  0.0
1.428  484.0  52.0  0.0
1.448  483.0  54.0  0.0
1.47  484.0  52.0  0.0
1.49  483.0  52.0  0.0
1.49  483.0  52.0  0.0
1.511  483.0  54.0  0.0
1.532  483.0  52.0  0.0
1.532  483.0  52.0  0.0
1.553  484.0  55.0  0.0
1.573  483.0  55.0  0.0
1.595  484.0  55.0  0.0
1.626  483.0  52.0  0.0
1.626  483.0  50.0  0.0
1.646  484.0  50.0  0.0
1.668  484.0  50.0  0.0
1.688  484.0  52.0  0.0
1.709  484.0  53.0  0.0
1.709  484.0  53.0  0.0
1.73  483.0  52.0  0.0
1.751  484.0  52.0  0.0
1.771  483.0  52.0  0.0
1.793  483.0  53.0  0.0
1.793  483.0  55.0  0.0
1.813  483.0  55.0  0.0
1.833  484.0  54.0  0.0
1.855  483.0  52.0  0.0
1.855  483.0  55.0  0.0
1.875  484.0  55.0  0.0
1.896  484.0  55.0  0.0
1.916  484.0  53.0  1.0
1.938  484.0  53.0  0.0
1.958  483.0  50.0  0.0
1.958  483.0  50.0  0.0
1.979  484.0  50.0  0.0
2.0  484.0  48.0  1.0
2.0  484.0  47.0  0.0
2.021  483.0  48.0  0.0
2.041  483.0  48.0  0.0
2.063  483.0  48.0  0.0
2.094  484.0  48.0  0.0
2.094  484.0  47.0  0.0
2.114  484.0  48.0  0.0
2.136  484.0  49.0  0.0
2.156  484.0  49.0  0.0
2.177  483.0  48.0  1.0
2.177  483.0  47.0  0.0
2.198  483.0  47.0  0.0
2.219  484.0  49.0  0.0
2.239  484.0  49.0  0.0
2.249  483.0  49.0  0.0
2.249  483.0  48.0  0.0
2.271  484.0  49.0  0.0
2.291  483.0  49.0  0.0
2.312  483.0  49.0  0.0
2.343  484.0  49.0  0.0
2.343  484.0  48.0  0.0
2.364  484.0  48.0  0.0
2.384  483.0  49.0  0.0
2.406  484.0  49.0  0.0
2.426  484.0  49.0  0.0
2.426  484.0  48.0  1.0
2.447  484.0  47.0  0.0
2.468  484.0  47.0  0.0
2.489  484.0  46.0  0.0
2.509  484.0  46.0  0.0
2.509  484.0  45.0  0.0
2.531  483.0  46.0  0.0
2.551  483.0  46.0  0.0
2.572  483.0  46.0  0.0
2.593  483.0  46.0  0.0
2.593  483.0  45.0  0.0
2.614  483.0  46.0  0.0
2.634  483.0  46.0  0.0
2.656  483.0  46.0  0.0
2.676  483.0  47.0  0.0
2.676  483.0  45.0  0.0
2.697  483.0  45.0  0.0
2.728  484.0  45.0  0.0
2.739  483.0  45.0  0.0
2.759  484.0  46.0  0.0
2.759  484.0  46.0  0.0
2.78  484.0  45.0  0.0
2.801  484.0  45.0  0.0
2.822  484.0  45.0  0.0
2.822  484.0  46.0  0.0
2.842  483.0  45.0  0.0
2.864  484.0  45.0  0.0
2.894  484.0  45.0  0.0
2.915  483.0  46.0  0.0
2.915  483.0  46.0  0.0
2.936  484.0  45.0  0.0
2.957  483.0  45.0  0.0
2.977  483.0  45.0  0.0
2.999  483.0  45.0  0.0
2.999  483.0  47.0  0.0
3.019  484.0  46.0  0.0
3.04  484.0  45.0  0.0
3.061  484.0  45.0  0.0
3.082  484.0  47.0  0.0
3.082  484.0  47.0  0.0
3.102  483.0  48.0  0.0
3.124  484.0  48.0  0.0
3.144  484.0  47.0  0.0
3.144  484.0  48.0  0.0
3.165  483.0  48.0  0.0
3.186  484.0  47.0  1.0
3.207  483.0  47.0  1.0
3.227  483.0  47.0  1.0
3.248  483.0  48.0  0.0
3.248  483.0  48.0  0.0
3.269  484.0  48.0  0.0
3.29  484.0  48.0  0.0
3.31  484.0  48.0  0.0
3.31  484.0  48.0  0.0
3.332  484.0  48.0  0.0
3.352  483.0  49.0  0.0
3.373  483.0  48.0  1.0
3.394  483.0  48.0  1.0
3.394  483.0  48.0  1.0
3.425  483.0  49.0  0.0
3.445  483.0  48.0  0.0
3.467  483.0  48.0  0.0
3.487  484.0  46.0  1.0
3.487  484.0  49.0  0.0
3.508  484.0  50.0  0.0
3.529  484.0  50.0  0.0
3.539  484.0  50.0  0.0
3.56  484.0  50.0  1.0
3.56  484.0  45.0  0.0
3.592  484.0  43.0  0.0
3.612  484.0  43.0  0.0
3.633  484.0  36.0  0.0
3.633  484.0  36.0  0.0
3.654  484.0  33.0  1.0
3.675  484.0  55.0  0.0
3.695  483.0  61.0  0.0
3.716  483.0  58.0  1.0
3.716  483.0  58.0  1.0
3.737  483.0  58.0  1.0
3.758  484.0  91.0  0.0
3.778  484.0  141.0  2.0
3.8  483.0  141.0  2.0
3.8  483.0  281.0  10.0
3.82  483.0  281.0  10.0
3.841  484.0  518.0  12.0
3.862  484.0  593.0  14.0
3.883  483.0  593.0  14.0
3.883  483.0  808.0  32.0
3.903  483.0  808.0  32.0
3.924  483.0  1023.0  47.0
3.945  484.0  1023.0  65.0
3.945  484.0  1023.0  65.0
3.965  483.0  1023.0  87.0
3.987  483.0  1023.0  96.0
4.007  483.0  1023.0  96.0
4.028  483.0  1023.0  96.0
4.028  483.0  1023.0  96.0
4.048  483.0  1023.0  96.0
4.07  483.0  1023.0  76.0
4.09  483.0  1023.0  60.0
4.111  483.0  1023.0  44.0
4.111  483.0  1023.0  44.0
4.143  483.0  1023.0  44.0
4.163  483.0  1023.0  36.0
4.185  483.0  940.0  25.0
4.205  483.0  940.0  25.0
4.205  483.0  713.0  17.0
4.226  483.0  566.0  17.0
4.246  483.0  566.0  17.0
4.268  483.0  440.0  13.0
4.268  483.0  440.0  13.0
4.288  483.0  308.0  9.0
4.308  483.0  243.0  9.0
4.33  483.0  248.0  9.0
4.35  483.0  275.0  8.0
4.35  483.0  275.0  8.0
4.371  482.0  275.0  8.0
4.392  483.0  354.0  11.0
4.413  483.0  493.0  12.0
4.433  483.0  588.0  15.0
4.433  483.0  588.0  15.0
4.455  483.0  588.0  15.0
4.475  483.0  704.0  19.0
4.496  483.0  737.0  18.0
4.496  483.0  720.0  17.0
4.517  483.0  720.0  17.0
4.538  483.0  692.0  15.0
4.558  482.0  692.0  15.0
4.579  482.0  617.0  13.0
4.6  482.0  555.0  11.0
4.6  482.0  555.0  11.0
4.621  483.0  519.0  11.0
4.641  483.0  490.0  13.0
4.663  483.0  490.0  13.0
4.663  483.0  490.0  13.0
4.694  482.0  491.0  11.0
4.714  483.0  493.0  11.0
4.736  483.0  480.0  12.0
4.756  483.0  425.0  11.0
4.756  483.0  425.0  11.0
4.776  483.0  386.0  8.0
4.798  483.0  386.0  8.0
4.818  483.0  306.0  9.0
4.818  483.0  306.0  9.0
4.839  484.0  256.0  8.0
4.86  483.0  223.0  4.0
4.881  483.0  207.0  2.0
4.881  483.0  207.0  2.0
4.901  483.0  192.0  3.0
4.923  483.0  192.0  3.0
4.943  482.0  197.0  2.0
4.964  483.0  145.0  1.0
4.985  483.0  108.0  2.0
4.985  483.0  108.0  2.0
5.006  483.0  108.0  2.0
5.026  483.0  140.0  1.0
5.047  483.0  122.0  0.0
5.047  483.0  122.0  0.0
5.068  483.0  117.0  1.0
5.089  482.0  116.0  1.0
5.109  483.0  125.0  0.0
5.131  482.0  125.0  0.0
5.131  482.0  125.0  0.0
5.151  482.0  130.0  2.0
5.172  483.0  129.0  2.0
5.203  484.0  135.0  0.0
5.224  483.0  135.0  0.0
5.224  483.0  135.0  0.0
5.244  483.0  141.0  1.0
5.266  482.0  143.0  2.0
5.286  483.0  143.0  0.0
5.297  483.0  142.0  1.0
5.297  483.0  142.0  1.0
5.318  483.0  142.0  1.0
5.339  482.0  143.0  2.0
5.369  481.0  143.0  0.0
5.391  483.0  144.0  0.0
5.391  483.0  144.0  0.0
5.411  483.0  142.0  2.0
5.432  483.0  142.0  1.0
5.453  482.0  142.0  1.0
5.474  483.0  142.0  0.0
5.474  483.0  144.0  0.0
5.494  483.0  145.0  2.0
5.516  483.0  146.0  2.0
5.536  483.0  147.0  0.0
5.536  483.0  147.0  0.0
5.557  483.0  147.0  0.0
5.577  483.0  147.0  2.0
5.599  483.0  142.0  2.0
5.619  483.0  144.0  0.0
5.619  483.0  144.0  0.0
5.64  483.0  145.0  1.0
5.661  482.0  145.0  1.0
5.682  483.0  143.0  2.0
5.702  483.0  143.0  0.0
5.702  483.0  143.0  0.0
5.724  483.0  144.0  0.0
5.744  483.0  144.0  2.0
5.765  483.0  142.0  1.0
5.786  483.0  142.0  1.0
5.786  483.0  142.0  1.0
5.807  483.0  145.0  0.0
5.827  483.0  145.0  2.0
5.849  483.0  141.0  1.0
5.849  483.0  141.0  1.0
5.869  483.0  144.0  0.0
5.89  483.0  144.0  0.0
5.91  483.0  144.0  2.0
5.942  484.0  142.0  2.0
5.942  484.0  142.0  2.0
5.962  483.0  144.0  0.0
5.984  483.0  144.0  0.0
6.004  483.0  143.0  1.0
6.025  483.0  136.0  2.0
6.025  483.0  136.0  2.0
6.045  484.0  132.0  0.0
6.067  482.0  136.0  0.0
6.087  483.0  136.0  2.0
6.108  483.0  136.0  2.0
6.108  483.0  136.0  2.0
6.129  483.0  141.0  1.0
6.15  483.0  154.0  1.0
6.17  483.0  157.0  3.0
6.192  483.0  157.0  3.0
6.192  483.0  157.0  3.0
6.212  483.0  158.0  1.0
6.233  483.0  154.0  0.0
6.254  482.0  166.0  2.0
6.254  482.0  166.0  2.0
6.275  484.0  171.0  2.0
6.295  483.0  171.0  2.0
6.317  483.0  178.0  0.0
6.337  483.0  181.0  3.0
6.337  483.0  181.0  3.0
6.358  484.0  197.0  5.0
6.378  483.0  302.0  8.0
6.4  483.0  302.0  8.0
6.4  483.0  302.0  8.0
6.43  483.0  455.0  14.0
6.452  483.0  736.0  28.0
6.472  483.0  1023.0  48.0
6.472  483.0  1023.0  65.0
6.493  483.0  1023.0  65.0
6.514  483.0  1023.0  65.0
6.535  484.0  1023.0  72.0
6.555  483.0  1023.0  76.0
6.555  483.0  1023.0  73.0
6.576  482.0  1023.0  73.0
6.597  483.0  1023.0  70.0
6.618  483.0  1023.0  70.0
6.638  483.0  1023.0  57.0
6.638  483.0  1023.0  57.0
6.66  483.0  1023.0  45.0
6.68  483.0  1023.0  30.0
6.701  483.0  765.0  17.0
6.722  483.0  444.0  12.0
6.722  483.0  444.0  12.0
6.743  483.0  444.0  12.0
6.763  483.0  283.0  7.0
6.785  483.0  153.0  1.0
6.805  483.0  139.0  1.0
6.805  483.0  139.0  1.0
6.825  482.0  119.0  1.0
6.847  483.0  119.0  1.0
6.867  484.0  118.0  2.0
6.888  483.0  122.0  1.0
6.888  483.0  122.0  1.0
6.908  483.0  116.0  0.0
6.93  483.0  116.0  0.0
6.95  483.0  114.0  3.0
6.982  483.0  114.0  1.0
6.982  483.0  114.0  1.0
7.003  483.0  114.0  1.0
7.023  484.0  113.0  2.0
7.044  483.0  110.0  1.0
7.055  483.0  110.0  1.0
7.055  483.0  110.0  1.0
7.075  483.0  112.0  0.0
7.096  483.0  112.0  2.0
7.128  483.0  110.0  2.0
7.128  483.0  109.0  0.0
7.148  484.0  109.0  0.0
7.169  484.0  109.0  0.0
7.19  483.0  109.0  2.0
7.211  483.0  108.0  2.0
7.211  483.0  109.0  0.0
7.231  483.0  109.0  0.0
7.252  483.0  109.0  0.0
7.273  483.0  120.0  1.0
7.273  483.0  112.0  3.0
7.293  483.0  112.0  1.0
7.315  483.0  112.0  1.0
7.335  483.0  115.0  0.0
7.356  483.0  114.0  3.0
7.356  483.0  114.0  3.0
7.376  483.0  109.0  1.0
7.398  483.0  109.0  1.0
7.418  483.0  114.0  1.0
7.439  483.0  112.0  2.0
7.439  483.0  112.0  2.0
7.46  483.0  112.0  2.0
7.491  482.0  112.0  2.0
7.513  483.0  112.0  1.0
7.513  483.0  113.0  2.0
7.523  484.0  112.0  2.0
7.554  483.0  112.0  2.0
7.574  483.0  112.0  2.0
7.596  482.0  114.0  1.0
7.596  482.0  114.0  2.0
7.616  483.0  113.0  2.0
7.636  483.0  116.0  1.0
7.658  483.0  116.0  1.0
7.678  483.0  116.0  1.0
7.678  483.0  115.0  2.0
7.699  484.0  115.0  3.0
7.72  484.0  116.0  1.0
7.741  483.0  116.0  1.0
7.761  483.0  118.0  1.0
7.761  483.0  118.0  1.0
7.783  483.0  116.0  3.0
7.803  483.0  116.0  3.0
7.824  483.0  116.0  1.0
7.845  483.0  119.0  0.0
7.845  483.0  119.0  3.0
7.866  483.0  119.0  3.0
7.886  484.0  120.0  2.0
7.907  483.0  120.0  2.0
7.928  483.0  144.0  2.0
7.928  483.0  182.0  5.0
7.949  483.0  268.0  8.0
7.969  483.0  268.0  8.0
7.991  483.0  268.0  8.0
8.011  483.0  496.0  10.0
8.011  483.0  650.0  24.0
8.032  483.0  650.0  24.0
8.053  484.0  650.0  24.0
8.074  483.0  1021.0  32.0
8.074  483.0  1023.0  38.0
8.094  483.0  1023.0  37.0
8.126  484.0  1023.0  26.0
8.146  484.0  1023.0  26.0
8.167  483.0  1023.0  26.0
8.167  483.0  810.0  12.0
8.188  484.0  534.0  7.0
8.209  483.0  258.0  2.0
8.229  483.0  186.0  0.0
8.229  483.0  186.0  0.0
8.251  483.0  155.0  0.0
8.271  483.0  155.0  0.0
8.292  484.0  139.0  2.0
8.313  483.0  139.0  2.0
8.313  483.0  135.0  1.0
8.334  483.0  135.0  0.0
8.354  483.0  135.0  0.0
8.375  483.0  134.0  2.0
8.396  483.0  134.0  2.0
8.396  483.0  132.0  1.0
8.417  483.0  134.0  0.0
8.437  483.0  135.0  2.0
8.459  484.0  135.0  2.0
8.459  484.0  129.0  2.0
8.479  483.0  125.0  0.0
8.5  483.0  125.0  0.0
8.521  484.0  125.0  0.0
8.542  483.0  127.0  1.0
8.542  483.0  122.0  2.0
8.562  483.0  125.0  1.0
8.584  483.0  128.0  0.0
8.604  483.0  128.0  0.0
8.635  483.0  124.0  2.0
8.635  483.0  124.0  2.0
8.656  484.0  124.0  1.0
8.677  483.0  125.0  0.0
8.697  483.0  125.0  0.0
8.697  483.0  127.0  2.0
8.719  483.0  127.0  1.0
8.739  484.0  127.0  1.0
8.76  482.0  150.0  0.0
8.781  483.0  150.0  0.0
8.781  483.0  134.0  2.0
8.802  483.0  136.0  2.0
8.822  484.0  136.0  2.0
8.844  483.0  138.0  0.0
8.864  484.0  138.0  0.0
8.864  484.0  144.0  2.0
8.885  483.0  158.0  4.0
8.905  483.0  210.0  4.0
8.927  484.0  210.0  4.0
8.927  484.0  210.0  4.0
8.947  483.0  230.0  5.0
8.968  484.0  262.0  5.0
8.989  484.0  334.0  5.0
9.01  484.0  334.0  5.0
9.03  484.0  334.0  5.0
9.03  484.0  415.0  7.0
9.052  483.0  501.0  9.0
9.072  484.0  643.0  10.0
9.093  483.0  650.0  9.0
9.114  484.0  650.0  9.0
9.114  484.0  650.0  9.0
9.135  483.0  541.0  6.0
9.155  483.0  429.0  3.0
9.177  484.0  429.0  3.0
9.197  483.0  262.0  3.0
9.197  483.0  192.0  3.0
9.218  484.0  192.0  3.0
9.238  484.0  179.0  1.0
9.26  484.0  179.0  1.0
9.26  484.0  184.0  3.0
9.28  483.0  223.0  4.0
9.3  483.0  241.0  3.0
9.322  483.0  241.0  3.0
9.342  484.0  241.0  3.0
9.342  484.0  310.0  5.0
9.363  483.0  458.0  7.0
9.384  483.0  511.0  5.0
9.405  483.0  511.0  5.0
9.436  483.0  507.0  5.0
9.436  483.0  507.0  5.0
9.447  484.0  425.0  5.0
9.478  483.0  237.0  1.0
9.498  483.0  237.0  1.0
9.52  483.0  155.0  0.0
9.52  483.0  126.0  2.0
9.54  483.0  126.0  2.0
9.561  484.0  125.0  2.0
9.582  483.0  128.0  1.0
9.603  483.0  128.0  1.0
9.603  483.0  127.0  2.0
9.613  484.0  124.0  2.0
9.645  483.0  124.0  2.0
9.665  483.0  124.0  2.0
9.665  483.0  123.0  1.0
9.686  483.0  125.0  1.0
9.706  484.0  125.0  2.0
9.738  484.0  124.0  1.0
9.738  484.0  124.0  1.0
9.758  483.0  125.0  1.0
9.768  484.0  125.0  1.0
9.79  483.0  124.0  2.0
9.821  483.0  123.0  1.0
9.821  483.0  123.0  1.0
9.842  483.0  125.0  1.0
9.863  484.0  125.0  1.0
9.883  483.0  124.0  2.0
9.883  483.0  124.0  2.0
9.904  483.0  123.0  2.0
9.925  483.0  124.0  1.0
9.946  484.0  126.0  1.0
9.966  483.0  125.0  2.0
9.966  483.0  125.0  2.0
9.988  483.0  125.0  2.0
10.008  484.0  126.0  1.0
10.031  484.0  126.0  1.0
10.031  484.0  125.0  2.0
10.054  483.0  125.0  2.0
10.077  484.0  126.0  1.0
10.088  484.0  126.0  1.0
10.123  483.0  127.0  1.0
10.123  483.0  127.0  1.0
10.134  484.0  126.0  2.0
10.157  483.0  125.0  1.0
10.18  483.0  126.0  1.0
10.203  484.0  126.0  1.0
10.203  484.0  126.0  1.0
10.225  483.0  126.0  2.0
10.236  483.0  125.0  2.0
10.26  483.0  126.0  1.0
10.283  483.0  127.0  2.0
10.283  483.0  127.0  2.0
10.305  483.0  127.0  2.0
10.329  483.0  126.0  2.0
10.351  484.0  125.0  1.0
10.351  484.0  126.0  1.0
10.362  484.0  126.0  1.0
10.386  483.0  124.0  2.0
10.408  484.0  124.0  2.0
10.431  483.0  124.0  1.0
10.431  483.0  124.0  1.0
10.455  484.0  124.0  1.0
10.477  484.0  125.0  2.0
10.5  483.0  123.0  1.0
10.5  483.0  123.0  1.0
10.523  484.0  123.0  1.0
10.546  483.0  123.0  1.0
10.557  484.0  123.0  2.0
10.58  484.0  121.0  2.0
10.58  484.0  122.0  1.0
10.614  483.0  122.0  1.0
10.626  483.0  122.0  1.0
10.649  483.0  123.0  2.0
10.649  483.0  122.0  2.0
10.672  483.0  123.0  1.0
10.694  483.0  123.0  1.0
10.718  483.0  124.0  1.0
10.729  484.0  122.0  2.0
10.729  484.0  122.0  2.0
10.763  484.0  122.0  1.0
10.775  483.0  122.0  1.0
10.798  483.0  123.0  1.0
10.798  483.0  122.0  2.0
10.82  483.0  122.0  2.0
10.844  483.0  122.0  1.0
10.866  483.0  122.0  1.0
10.889  483.0  123.0  1.0
10.889  483.0  123.0  2.0
10.9  483.0  123.0  2.0
10.924  483.0  122.0  2.0
10.946  483.0  123.0  1.0
10.969  484.0  123.0  1.0
10.969  484.0  123.0  2.0
10.992  483.0  122.0  2.0
11.003  483.0  122.0  2.0
11.037  484.0  120.0  1.0
11.037  484.0  117.0  1.0
11.049  483.0  117.0  1.0
11.072  504.0  106.0  2.0
11.095  542.0  106.0  2.0
11.118  577.0  103.0  1.0
11.118  577.0  98.0  1.0
11.141  615.0  95.0  2.0
11.152  634.0  95.0  2.0
11.187  694.0  95.0  2.0
11.198  717.0  88.0  1.0
11.198  717.0  77.0  1.0
11.22  758.0  75.0  2.0
11.244  794.0  75.0  2.0
11.267  832.0  73.0  2.0
11.289  866.0  73.0  2.0
11.289  866.0  73.0  1.0
11.3  881.0  72.0  2.0
11.324  914.0  72.0  2.0
11.346  938.0  56.0  2.0
11.369  962.0  73.0  1.0
11.393  982.0  72.0  1.0
11.393  982.0  72.0  1.0
11.415  998.0  72.0  1.0
11.44  1009.0  72.0  2.0
11.452  1014.0  77.0  1.0
11.476  1016.0  78.0  1.0
11.501  1016.0  94.0  2.0
11.514  1016.0  94.0  2.0
11.539  1008.0  103.0  1.0
11.539  1008.0  108.0  1.0
11.586  973.0  105.0  2.0
11.586  973.0  105.0  2.0
11.609  954.0  107.0  2.0
11.62  939.0  107.0  2.0
11.62  939.0  107.0  1.0
11.643  908.0  107.0  1.0
11.666  875.0  107.0  2.0
11.688  838.0  109.0  2.0
11.712  801.0  113.0  1.0
11.712  801.0  113.0  1.0
11.735  762.0  117.0  2.0
11.757  721.0  117.0  2.0
11.781  682.0  116.0  2.0
11.792  662.0  118.0  1.0
11.826  603.0  120.0  2.0
11.838  586.0  120.0  2.0
11.86  545.0  115.0  1.0
11.907  476.0  123.0  2.0
11.929  441.0  123.0  2.0
11.952  409.0  130.0  1.0
11.963  396.0  130.0  1.0
11.986  367.0  130.0  1.0
11.986  367.0  128.0  2.0
12.009  342.0  127.0  1.0
12.032  321.0  127.0  1.0
12.055  301.0  129.0  1.0
12.078  285.0  129.0  1.0
12.078  285.0  130.0  2.0
12.1  271.0  130.0  2.0
12.124  260.0  132.0  2.0
12.146  254.0  132.0  1.0
12.169  250.0  131.0  2.0
12.169  250.0  131.0  2.0
12.192  250.0  128.0  2.0
12.204  249.0  126.0  1.0
12.204  249.0  126.0  1.0
12.226  249.0  128.0  2.0
12.25  249.0  128.0  2.0
12.272  249.0  125.0  2.0
12.295  249.0  120.0  1.0
12.318  257.0  116.0  1.0
12.318  257.0  116.0  1.0
12.329  269.0  116.0  1.0
12.352  290.0  112.0  2.0
12.376  309.0  115.0  1.0
12.398  334.0  117.0  1.0
12.398  334.0  117.0  2.0
12.421  360.0  117.0  2.0
12.444  392.0  117.0  2.0
12.467  425.0  112.0  2.0
12.478  442.0  110.0  1.0
12.5  481.0  111.0  2.0
12.524  522.0  109.0  2.0
12.558  586.0  109.0  2.0
12.57  607.0  107.0  1.0
12.593  650.0  103.0  2.0
12.615  692.0  90.0  1.0
12.639  736.0  90.0  1.0
12.661  775.0  89.0  1.0
12.661  775.0  89.0  1.0
12.684  813.0  86.0  2.0
12.73  882.0  83.0  1.0
12.752  913.0  83.0  1.0
12.752  913.0  83.0  1.0
12.776  940.0  75.0  2.0
12.798  963.0  73.0  1.0
12.81  974.0  73.0  1.0
12.832  991.0  72.0  2.0
12.856  1002.0  72.0  2.0
12.88  1013.0  73.0  1.0
12.893  1016.0  76.0  1.0
12.918  1016.0  76.0  1.0
12.943  1017.0  81.0  2.0
12.943  1017.0  90.0  2.0
12.981  999.0  87.0  1.0
12.981  999.0  87.0  1.0
13.003  975.0  88.0  2.0
13.026  960.0  90.0  2.0
13.026  960.0  90.0  2.0
13.049  937.0  92.0  1.0
13.072  906.0  96.0  1.0
13.094  872.0  96.0  1.0
13.107  851.0  99.0  2.0
13.129  816.0  99.0  2.0
13.129  816.0  100.0  1.0
13.152  777.0  104.0  1.0
13.175  736.0  105.0  2.0
13.198  696.0  105.0  2.0
13.22  654.0  107.0  1.0
13.22  654.0  107.0  1.0
13.244  614.0  108.0  1.0
13.255  595.0  110.0  2.0
13.278  559.0  112.0  2.0
13.3  520.0  112.0  2.0
13.3  520.0  112.0  2.0
13.324  484.0  114.0  1.0
13.346  450.0  115.0  2.0
13.37  417.0  114.0  2.0
13.37  417.0  114.0  2.0
13.381  401.0  115.0  1.0
13.404  375.0  115.0  1.0
13.426  349.0  116.0  2.0
13.45  326.0  116.0  2.0
13.472  305.0  118.0  1.0
13.484  297.0  121.0  1.0
13.507  282.0  121.0  1.0
13.507  282.0  121.0  1.0
13.53  268.0  119.0  2.0
13.552  258.0  121.0  1.0
13.576  254.0  119.0  1.0
13.598  250.0  119.0  1.0
13.598  250.0  116.0  2.0
13.621  250.0  116.0  1.0
13.632  250.0  116.0  1.0
13.667  249.0  119.0  1.0
13.667  249.0  119.0  1.0
13.678  250.0  116.0  2.0
13.702  249.0  109.0  2.0
13.724  249.0  108.0  1.0
13.747  262.0  108.0  1.0
13.747  262.0  108.0  1.0
13.758  275.0  109.0  1.0
13.793  305.0  108.0  2.0
13.804  317.0  108.0  1.0
13.827  343.0  108.0  1.0
13.827  343.0  108.0  1.0
13.85  372.0  106.0  1.0
13.873  404.0  104.0  2.0
13.895  440.0  103.0  1.0
13.907  458.0  103.0  1.0
13.907  458.0  101.0  1.0
13.93  497.0  100.0  2.0
13.953  539.0  100.0  2.0
13.976  581.0  96.0  1.0
13.999  628.0  96.0  1.0
13.999  628.0  97.0  1.0
14.021  672.0  86.0  2.0
14.045  712.0  86.0  2.0
14.056  734.0  89.0  2.0
14.078  775.0  86.0  1.0
14.102  810.0  84.0  2.0
14.125  848.0  77.0  2.0
14.147  879.0  80.0  1.0
14.171  911.0  80.0  1.0
14.182  925.0  80.0  1.0
14.182  925.0  81.0  1.0
14.204  949.0  78.0  2.0
14.227  971.0  77.0  1.0
14.251  989.0  79.0  1.0
14.273  1002.0  79.0  1.0
14.298  1012.0  81.0  2.0
14.311  1015.0  81.0  2.0
14.336  1016.0  80.0  2.0
14.336  1016.0  88.0  1.0
14.348  1015.0  94.0  2.0
14.373  1016.0  94.0  2.0
14.398  998.0  94.0  2.0
14.42  972.0  94.0  2.0
14.42  972.0  93.0  1.0
14.444  952.0  95.0  2.0
14.467  937.0  94.0  2.0
14.478  921.0  94.0  2.0
14.501  888.0  100.0  1.0
14.501  888.0  100.0  1.0
14.524  850.0  100.0  2.0
14.546  812.0  101.0  2.0
14.57  773.0  101.0  2.0
14.593  730.0  103.0  1.0
14.593  730.0  105.0  1.0
14.615  690.0  105.0  1.0
14.626  672.0  105.0  1.0
14.65  628.0  106.0  2.0
14.65  628.0  104.0  1.0
14.672  590.0  106.0  1.0
14.695  552.0  108.0  2.0
14.718  516.0  108.0  2.0
14.741  481.0  108.0  2.0
14.741  481.0  109.0  1.0
14.764  445.0  105.0  1.0
14.787  413.0  112.0  2.0
14.798  399.0  112.0  2.0
14.821  370.0  112.0  2.0
14.821  370.0  112.0  1.0
14.844  345.0  107.0  1.0
14.867  324.0  107.0  2.0
14.889  303.0  107.0  2.0
14.889  303.0  107.0  1.0
14.913  288.0  107.0  1.0
14.936  274.0  109.0  1.0
14.947  265.0  111.0  2.0
14.97  259.0  111.0  2.0
14.993  253.0  108.0  2.0
14.993  253.0  110.0  1.0
15.015  250.0  109.0  1.0
15.039  250.0  109.0  1.0
15.062  249.0  106.0  2.0
15.062  249.0  106.0  2.0
15.073  250.0  105.0  1.0
15.095  250.0  105.0  1.0
15.119  249.0  105.0  1.0
15.141  249.0  102.0  2.0
15.164  267.0  102.0  2.0
15.164  267.0  101.0  1.0
15.176  281.0  100.0  1.0
15.21  311.0  100.0  1.0
15.221  324.0  102.0  2.0
15.221  324.0  100.0  1.0
15.267  380.0  100.0  1.0
15.29  413.0  99.0  1.0
15.313  448.0  102.0  2.0
15.325  468.0  103.0  1.0
15.347  508.0  103.0  1.0
15.371  547.0  103.0  1.0
15.371  547.0  102.0  2.0
15.393  592.0  99.0  2.0
15.416  638.0  96.0  1.0
15.439  680.0  92.0  1.0
15.451  701.0  92.0  1.0
15.473  742.0  89.0  2.0
15.496  780.0  89.0  2.0
15.496  780.0  90.0  1.0
15.519  819.0  88.0  1.0
15.542  855.0  85.0  2.0
15.588  917.0  85.0  2.0
15.588  917.0  85.0  2.0
15.599  931.0  85.0  1.0
15.622  954.0  85.0  2.0
15.645  977.0  85.0  2.0
15.668  994.0  85.0  2.0
15.691  1005.0  85.0  2.0
15.705  1011.0  88.0  1.0
15.705  1011.0  90.0  2.0
15.729  1016.0  89.0  2.0
15.754  1016.0  97.0  1.0
15.767  1015.0  97.0  1.0
15.792  1014.0  99.0  1.0
15.792  1014.0  99.0  1.0
15.816  992.0  99.0  2.0
15.84  967.0  100.0  1.0
15.862  946.0  99.0  1.0
15.874  936.0  99.0  1.0
15.874  936.0  100.0  2.0
15.896  904.0  100.0  2.0
15.92  867.0  103.0  2.0
15.942  831.0  104.0  1.0
15.966  794.0  104.0  1.0
15.988  753.0  105.0  2.0
16.011  712.0  105.0  2.0
16.022  693.0  108.0  1.0
16.057  631.0  110.0  2.0
16.068  612.0  110.0  2.0
16.068  612.0  110.0  2.0
16.091  575.0  111.0  1.0
16.114  536.0  111.0  1.0
16.137  500.0  113.0  1.0
16.159  466.0  113.0  1.0
16.183  430.0  112.0  2.0
16.183  430.0  113.0  1.0
16.194  414.0  116.0  1.0
16.217  385.0  116.0  1.0
16.24  356.0  115.0  2.0
16.24  356.0  115.0  2.0
16.263  335.0  115.0  1.0
16.285  313.0  116.0  1.0
16.309  293.0  116.0  2.0
16.331  280.0  116.0  2.0
16.354  267.0  116.0  2.0
16.354  267.0  116.0  2.0
16.377  258.0  116.0  1.0
16.389  256.0  116.0  2.0
16.411  251.0  114.0  2.0
16.411  251.0  114.0  2.0
16.435  249.0  114.0  2.0
16.457  249.0  115.0  1.0
16.48  249.0  116.0  2.0
16.515  249.0  116.0  2.0
16.537  248.0  112.0  1.0
16.537  248.0  112.0  1.0
16.56  254.0  108.0  1.0
16.583  277.0  107.0  2.0
16.606  296.0  107.0  1.0
16.628  317.0  108.0  1.0
16.652  341.0  108.0  1.0
16.652  341.0  108.0  1.0
16.663  355.0  107.0  2.0
16.698  400.0  104.0  1.0
16.709  415.0  105.0  1.0
16.732  451.0  105.0  1.0
16.732  451.0  104.0  2.0
16.754  489.0  102.0  1.0
16.778  530.0  102.0  1.0
16.8  572.0  101.0  1.0
16.812  592.0  101.0  1.0
16.812  592.0  99.0  2.0
16.835  637.0  96.0  2.0
16.858  679.0  96.0  2.0
16.88  720.0  95.0  1.0
16.904  758.0  97.0  2.0
16.904  758.0  97.0  2.0
16.926  796.0  90.0  2.0
16.937  815.0  89.0  1.0
16.96  851.0  89.0  1.0
16.96  851.0  86.0  2.0
16.984  883.0  86.0  2.0
17.006  914.0  84.0  2.0
17.03  941.0  86.0  1.0
17.052  963.0  86.0  1.0
17.052  963.0  86.0  1.0
17.075  984.0  86.0  1.0
17.086  993.0  85.0  2.0
17.11  1003.0  87.0  2.0
17.134  1012.0  89.0  1.0
17.134  1012.0  89.0  1.0
17.146  1015.0  89.0  1.0
17.172  1016.0  92.0  2.0
17.197  1016.0  99.0  2.0
17.221  1007.0  100.0  1.0
17.221  1007.0  101.0  2.0
17.234  994.0  101.0  2.0
17.257  970.0  100.0  2.0
17.28  955.0  100.0  2.0
17.303  936.0  101.0  1.0
17.326  905.0  102.0  2.0
17.326  905.0  102.0  2.0
17.337  888.0  104.0  2.0
17.359  850.0  104.0  2.0
17.359  850.0  107.0  1.0
17.383  813.0  107.0  1.0
17.405  776.0  110.0  2.0
17.429  736.0  109.0  2.0
17.452  696.0  111.0  1.0
17.452  696.0  111.0  1.0
17.463  676.0  111.0  1.0
17.485  634.0  112.0  1.0
17.509  596.0  109.0  2.0
17.531  559.0  109.0  1.0
17.531  559.0  110.0  1.0
17.554  520.0  110.0  1.0
17.577  485.0  110.0  2.0
17.6  450.0  110.0  2.0
17.611  432.0  111.0  2.0
17.611  432.0  111.0  2.0
17.646  388.0  115.0  1.0
17.657  374.0  116.0  2.0
17.68  349.0  116.0  2.0
17.703  327.0  115.0  2.0
17.703  327.0  115.0  1.0
17.726  307.0  115.0  1.0
17.748  290.0  115.0  2.0
17.748  290.0  115.0  2.0
17.772  275.0  115.0  2.0
17.783  269.0  115.0  2.0
17.806  260.0  116.0  1.0
17.829  254.0  116.0  1.0
17.852  250.0  115.0  2.0
17.852  250.0  115.0  1.0
17.874  249.0  115.0  1.0
17.898  249.0  116.0  1.0
17.921  249.0  116.0  1.0
17.921  249.0  114.0  2.0
17.943  250.0  114.0  2.0
17.967  249.0  110.0  1.0
17.978  248.0  104.0  1.0
18.0  268.0  102.0  2.0
18.0  268.0  102.0  2.0
18.023  290.0  102.0  2.0
18.046  309.0  102.0  1.0
18.069  336.0  104.0  1.0
18.069  336.0  102.0  2.0
18.092  365.0  102.0  2.0
18.104  380.0  102.0  2.0
18.126  416.0  102.0  2.0
18.149  454.0  103.0  1.0
18.172  496.0  103.0  2.0
18.172  496.0  101.0  2.0
18.195  537.0  101.0  2.0
18.206  560.0  101.0  2.0
18.241  629.0  101.0  1.0
18.241  629.0  98.0  2.0
18.252  652.0  96.0  2.0
18.275  692.0  96.0  2.0
18.298  736.0  96.0  1.0
18.321  775.0  96.0  1.0
18.321  775.0  93.0  1.0
18.343  815.0  90.0  3.0
18.367  854.0  90.0  3.0
18.39  886.0  86.0  1.0
18.401  902.0  87.0  1.0
18.401  902.0  85.0  2.0
18.423  932.0  85.0  2.0
18.447  956.0  85.0  2.0
18.469  980.0  84.0  2.0
18.481  988.0  87.0  1.0
18.481  988.0  87.0  2.0
18.504  1002.0  87.0  2.0
18.529  1010.0  87.0  2.0
18.553  1015.0  88.0  2.0
18.553  1015.0  93.0  1.0
18.567  1015.0  101.0  2.0
18.591  1016.0  101.0  2.0
18.616  1005.0  100.0  2.0
18.64  979.0  100.0  2.0
18.64  979.0  101.0  1.0
18.663  954.0  102.0  1.0
18.674  944.0  101.0  2.0
18.698  920.0  101.0  2.0
18.72  880.0  101.0  1.0
18.72  880.0  110.0  1.0
18.743  840.0  110.0  1.0
18.766  801.0  110.0  1.0
18.789  758.0  112.0  2.0
18.789  758.0  112.0  1.0
18.811  713.0  114.0  1.0
18.823  692.0  114.0  1.0
18.846  647.0  114.0  1.0
18.869  604.0  114.0  2.0
18.869  604.0  114.0  2.0
18.891  566.0  114.0  1.0
18.915  524.0  119.0  2.0
18.937  484.0  119.0  2.0
18.961  446.0  119.0  2.0
18.961  446.0  116.0  2.0
18.972  428.0  118.0  1.0
18.995  395.0  119.0  1.0
19.017  366.0  119.0  1.0
19.017  366.0  117.0  2.0
19.041  340.0  117.0  2.0
19.063  318.0  119.0  1.0
19.086  297.0  119.0  1.0
19.098  290.0  119.0  1.0
19.098  290.0  112.0  2.0
19.121  274.0  112.0  1.0
19.143  262.0  112.0  1.0
19.167  255.0  113.0  1.0
19.189  251.0  113.0  1.0
19.189  251.0  113.0  2.0
19.201  250.0  114.0  2.0
19.235  249.0  115.0  1.0
19.247  249.0  115.0  1.0
19.269  249.0  115.0  1.0
19.269  249.0  114.0  2.0
19.293  249.0  104.0  2.0
19.315  249.0  103.0  1.0
19.338  269.0  102.0  2.0
19.349  282.0  102.0  2.0
19.349  282.0  102.0  2.0
19.373  304.0  102.0  2.0
19.395  329.0  102.0  1.0
19.418  358.0  102.0  2.0
19.441  392.0  102.0  2.0
19.441  392.0  101.0  2.0
19.464  431.0  101.0  2.0
19.475  451.0  101.0  1.0
19.499  493.0  101.0  1.0
19.521  541.0  101.0  1.0
19.521  541.0  99.0  2.0
19.544  586.0  94.0  1.0
19.567  634.0  94.0  1.0
19.59  680.0  96.0  1.0
19.59  680.0  96.0  1.0
19.612  723.0  91.0  2.0
19.623  745.0  89.0  2.0
19.647  787.0  87.0  1.0
19.67  829.0  87.0  1.0
19.67  829.0  87.0  1.0
19.693  867.0  84.0  2.0
19.716  899.0  81.0  2.0
19.738  932.0  83.0  1.0
19.738  932.0  83.0  1.0
19.762  957.0  82.0  2.0
19.784  982.0  82.0  2.0
19.795  988.0  81.0  2.0
19.818  1003.0  87.0  1.0
19.818  1003.0  87.0  1.0
19.844  1013.0  88.0  2.0
19.856  1014.0  88.0  2.0
19.88  1014.0  90.0  2.0
19.906  1016.0  96.0  1.0
19.906  1016.0  96.0  1.0
19.918  1012.0  98.0  1.0
19.943  991.0  94.0  2.0
19.966  965.0  97.0  1.0
19.989  944.0  97.0  1.0
19.989  944.0  97.0  1.0
20.012  911.0  98.0  1.0
20.035  872.0  101.0  2.0
20.046  849.0  106.0  1.0
20.069  809.0  106.0  1.0
20.069  809.0  106.0  1.0
20.092  770.0  109.0  1.0
20.115  725.0  108.0  2.0
20.137  682.0  109.0  1.0
20.161  637.0  109.0  1.0
20.161  637.0  109.0  1.0
20.184  596.0  111.0  1.0
20.195  576.0  111.0  2.0
20.217  534.0  112.0  1.0
20.241  495.0  113.0  1.0
20.241  495.0  113.0  1.0
20.263  456.0  114.0  2.0
20.286  419.0  114.0  2.0
20.298  403.0  114.0  1.0
20.321  374.0  113.0  1.0
20.343  347.0  113.0  2.0
20.367  322.0  113.0  2.0
20.367  322.0  113.0  2.0
20.389  300.0  113.0  2.0
20.412  285.0  112.0  1.0
20.424  277.0  113.0  1.0
20.447  264.0  113.0  2.0
20.447  264.0  113.0  2.0
20.469  256.0  111.0  1.0
20.493  251.0  111.0  1.0
20.515  249.0  112.0  1.0
20.538  249.0  111.0  2.0
20.538  249.0  111.0  2.0
20.573  247.0  108.0  1.0
20.573  247.0  108.0  1.0
20.595  248.0  108.0  1.0
20.618  251.0  98.0  2.0
20.641  270.0  97.0  2.0
20.641  270.0  97.0  2.0
20.664  295.0  100.0  1.0
20.686  317.0  100.0  1.0
20.71  345.0  98.0  2.0
20.721  360.0  96.0  2.0
20.721  360.0  96.0  2.0
20.744  397.0  99.0  1.0
20.767  433.0  98.0  2.0
20.79  476.0  96.0  2.0
20.801  499.0  96.0  2.0
20.825  543.0  98.0  1.0
20.825  543.0  98.0  1.0
20.847  590.0  99.0  1.0
20.87  639.0  97.0  2.0
20.893  684.0  91.0  1.0
20.916  730.0  91.0  1.0
20.916  730.0  91.0  1.0
20.938  777.0  89.0  1.0
20.95  799.0  88.0  2.0
20.984  863.0  85.0  2.0
20.984  863.0  85.0  2.0
20.996  882.0  84.0  1.0
21.018  917.0  82.0  2.0
21.042  947.0  82.0  2.0
21.064  973.0  82.0  2.0
21.064  973.0  82.0  2.0
21.087  994.0  83.0  1.0
21.11  1004.0  84.0  2.0
21.123  1011.0  84.0  2.0
21.123  1011.0  84.0  2.0
21.147  1015.0  85.0  2.0
21.173  1015.0  90.0  1.0
21.185  1016.0  94.0  1.0
21.21  1002.0  94.0  1.0
21.234  972.0  94.0  2.0
21.234  972.0  95.0  1.0
21.245  959.0  95.0  1.0
21.268  938.0  97.0  1.0
21.292  906.0  97.0  1.0
21.292  906.0  97.0  2.0
21.314  864.0  103.0  1.0
21.337  823.0  103.0  1.0
21.36  779.0  108.0  1.0
21.383  732.0  108.0  1.0
21.383  732.0  107.0  2.0
21.394  709.0  108.0  2.0
21.416  662.0  108.0  1.0
21.44  614.0  108.0  1.0
21.463  570.0  108.0  1.0
21.463  570.0  108.0  2.0
21.485  523.0  108.0  2.0
21.509  481.0  108.0  1.0
21.52  457.0  110.0  1.0
21.52  457.0  110.0  1.0
21.542  417.0  108.0  2.0
21.566  384.0  108.0  2.0
21.588  353.0  110.0  1.0
21.611  326.0  110.0  1.0
21.623  314.0  110.0  1.0
21.623  314.0  109.0  2.0
21.657  285.0  109.0  2.0
21.668  276.0  109.0  1.0
21.692  263.0  109.0  1.0
21.692  263.0  109.0  1.0
21.714  255.0  108.0  2.0
21.737  250.0  107.0  2.0
21.761  250.0  107.0  2.0
21.772  250.0  107.0  1.0
21.772  250.0  107.0  1.0
21.806  249.0  107.0  2.0
21.817  249.0  100.0  2.0
21.84  249.0  95.0  1.0
21.863  262.0  95.0  1.0
21.885  289.0  95.0  1.0
21.885  289.0  96.0  2.0
21.909  312.0  103.0  2.0
21.92  327.0  97.0  1.0
21.943  359.0  97.0  1.0
21.943  359.0  100.0  1.0
21.966  395.0  96.0  2.0
21.989  439.0  96.0  2.0
22.011  484.0  96.0  2.0
22.035  534.0  96.0  1.0
22.035  534.0  96.0  1.0
22.046  561.0  94.0  2.0
22.069  612.0  91.0  2.0
22.092  662.0  91.0  2.0
22.115  710.0  91.0  2.0
22.115  710.0  88.0  1.0
22.137  761.0  87.0  2.0
22.161  806.0  85.0  2.0
22.183  852.0  85.0  2.0
22.195  873.0  84.0  1.0
22.217  908.0  84.0  1.0
22.217  908.0  81.0  2.0
22.241  943.0  82.0  2.0
22.263  967.0  82.0  2.0
22.263  967.0  81.0  1.0
22.286  991.0  81.0  1.0
22.309  1003.0  84.0  2.0
22.322  1009.0  84.0  2.0
22.346  1015.0  84.0  2.0
22.346  1015.0  86.0  1.0
22.372  1015.0  94.0  1.0
22.384  1015.0  95.0  2.0
22.409  1006.0  95.0  2.0
22.433  979.0  95.0  2.0
22.433  979.0  93.0  1.0
22.456  954.0  96.0  1.0
22.478  919.0  97.0  2.0
22.491  900.0  97.0  2.0
22.513  857.0  97.0  2.0
22.513  857.0  104.0  1.0
22.536  814.0  104.0  1.0
22.559  769.0  103.0  2.0
22.582  719.0  103.0  2.0
22.582  719.0  103.0  2.0
22.604  673.0  106.0  1.0
22.628  621.0  106.0  1.0
22.639  601.0  106.0  1.0
22.662  555.0  105.0  2.0
22.662  555.0  105.0  2.0
22.696  486.0  105.0  1.0
22.708  467.0  105.0  1.0
22.73  425.0  105.0  1.0
22.73  425.0  106.0  2.0
22.754  389.0  104.0  1.0
22.776  357.0  104.0  1.0
22.799  331.0  104.0  1.0
22.822  308.0  107.0  1.0
22.822  308.0  107.0  2.0
22.845  288.0  108.0  1.0
22.856  281.0  108.0  1.0
22.879  265.0  104.0  1.0
22.879  265.0  104.0  1.0
22.902  256.0  104.0  2.0
22.925  251.0  99.0  2.0
22.947  250.0  99.0  2.0
22.96  249.0  102.0  1.0
22.96  249.0  103.0  2.0
22.982  249.0  103.0  2.0
23.005  249.0  102.0  2.0
23.028  249.0  102.0  2.0
23.051  256.0  101.0  1.0
23.051  256.0  96.0  1.0
23.073  284.0  95.0  2.0
23.085  296.0  95.0  2.0
23.119  338.0  95.0  2.0
23.131  354.0  94.0  1.0
23.131  354.0  93.0  1.0
23.154  392.0  95.0  2.0
23.177  435.0  94.0  2.0
23.199  481.0  94.0  2.0
23.199  481.0  94.0  2.0
23.223  531.0  95.0  1.0
23.245  581.0  95.0  2.0
23.268  632.0  93.0  2.0
23.279  658.0  93.0  2.0
23.279  658.0  88.0  1.0
23.303  706.0  88.0  1.0
23.325  754.0  90.0  2.0
23.348  799.0  81.0  2.0
23.371  845.0  81.0  2.0
23.371  845.0  79.0  1.0
23.394  883.0  82.0  1.0
23.405  903.0  82.0  1.0
23.429  937.0  82.0  1.0
23.451  964.0  80.0  2.0
23.451  964.0  81.0  1.0
23.474  986.0  84.0  1.0
23.497  1002.0  83.0  2.0
23.51  1008.0  83.0  2.0
23.534  1014.0  84.0  2.0
23.534  1014.0  84.0  2.0
23.56  1015.0  93.0  1.0
23.572  1015.0  93.0  2.0
23.597  1006.0  93.0  2.0
23.597  1006.0  93.0  2.0
23.621  980.0  93.0  2.0
23.644  954.0  93.0  1.0
23.666  923.0  95.0  2.0
23.666  923.0  95.0  2.0
23.69  882.0  96.0  2.0
23.701  860.0  101.0  1.0
23.724  816.0  101.0  1.0
23.746  772.0  102.0  1.0
23.746  772.0  102.0  1.0
23.77  723.0  103.0  2.0
23.792  676.0  102.0  1.0
23.815  627.0  104.0  1.0
23.838  580.0  104.0  1.0
23.849  557.0  101.0  2.0
23.849  557.0  101.0  2.0
23.883  490.0  102.0  2.0
23.896  469.0  103.0  1.0
23.918  428.0  103.0  1.0
23.918  428.0  101.0  2.0
23.941  392.0  100.0  2.0
23.964  360.0  100.0  2.0
23.987  334.0  101.0  1.0
23.987  334.0  101.0  1.0
24.009  310.0  101.0  2.0
24.022  299.0  99.0  2.0
24.044  282.0  101.0  1.0
24.067  265.0  101.0  1.0
24.067  265.0  101.0  1.0
24.09  256.0  102.0  1.0
24.113  250.0  100.0  2.0
24.135  250.0  100.0  1.0
24.146  250.0  100.0  1.0
24.146  250.0  97.0  1.0
24.17  250.0  97.0  1.0
24.193  249.0  97.0  2.0
24.215  249.0  90.0  2.0
24.239  256.0  90.0  2.0
24.239  256.0  92.0  1.0
24.261  284.0  94.0  2.0
24.285  307.0  94.0  2.0
24.307  338.0  88.0  2.0
24.318  354.0  88.0  2.0
24.318  354.0  92.0  1.0
24.341  389.0  92.0  2.0
24.365  433.0  91.0  2.0
24.387  479.0  91.0  2.0
24.387  479.0  91.0  2.0
24.398  504.0  90.0  1.0
24.422  553.0  93.0  1.0
24.444  601.0  91.0  2.0
24.467  651.0  87.0  1.0
24.491  700.0  87.0  1.0
24.491  700.0  87.0  1.0
24.513  750.0  87.0  1.0
24.536  796.0  85.0  2.0
24.536  796.0  85.0  2.0
24.559  842.0  82.0  2.0
24.582  884.0  85.0  1.0
24.604  920.0  84.0  2.0
24.628  950.0  84.0  2.0
24.628  950.0  84.0  2.0
24.65  976.0  83.0  2.0
24.662  987.0  82.0  1.0
24.685  1002.0  85.0  2.0
24.685  1002.0  85.0  2.0
24.71  1012.0  86.0  2.0
24.722  1015.0  86.0  2.0
24.747  1015.0  94.0  1.0
24.772  1015.0  96.0  1.0
24.772  1015.0  94.0  2.0
24.784  1008.0  94.0  2.0
24.82  965.0  95.0  1.0
24.832  954.0  95.0  1.0
24.854  922.0  96.0  1.0
24.854  922.0  96.0  1.0
24.877  885.0  100.0  2.0
24.9  840.0  100.0  1.0
24.923  795.0  100.0  1.0
24.923  795.0  107.0  1.0
24.934  772.0  107.0  1.0
24.957  724.0  106.0  2.0
24.98  678.0  105.0  2.0
25.003  627.0  105.0  1.0
25.026  583.0  106.0  2.0
25.026  583.0  106.0  2.0
25.049  535.0  106.0  2.0
25.06  514.0  108.0  2.0
25.095  449.0  109.0  1.0
25.095  449.0  111.0  2.0
25.106  431.0  111.0  2.0
25.128  394.0  111.0  2.0
25.152  361.0  112.0  2.0
25.152  361.0  114.0  1.0
25.175  333.0  114.0  1.0
25.197  307.0  114.0  1.0
25.221  287.0  110.0  2.0
25.243  270.0  110.0  2.0
25.254  263.0  115.0  1.0
25.254  263.0  115.0  1.0
25.277  254.0  115.0  1.0
25.3  249.0  115.0  2.0
25.323  250.0  115.0  1.0
25.323  250.0  115.0  1.0
25.346  249.0  116.0  1.0
25.369  249.0  116.0  1.0
25.38  249.0  113.0  2.0
25.38  249.0  104.0  2.0
25.414  255.0  100.0  1.0
25.438  282.0  100.0  1.0
25.46  306.0  100.0  1.0
25.46  306.0  102.0  2.0
25.472  320.0  98.0  2.0
25.506  371.0  96.0  1.0
25.518  392.0  96.0  1.0
25.54  436.0  96.0  1.0
25.54  436.0  96.0  2.0
25.564  485.0  96.0  2.0
25.586  536.0  94.0  1.0
25.597  560.0  95.0  1.0
25.597  560.0  95.0  1.0
25.621  611.0  93.0  2.0
25.644  663.0  86.0  2.0
25.666  717.0  86.0  2.0
25.69  767.0  86.0  2.0
25.712  814.0  87.0  2.0
25.712  814.0  87.0  2.0
25.735  862.0  84.0  2.0
25.746  882.0  84.0  1.0
25.781  937.0  84.0  1.0
25.792  950.0  83.0  2.0
25.827  989.0  83.0  2.0
25.827  989.0  83.0  2.0
25.838  997.0  83.0  1.0
25.862  1009.0  84.0  1.0
25.887  1014.0  84.0  1.0
25.9  1015.0  84.0  1.0
25.9  1015.0  91.0  2.0
25.924  1014.0  92.0  1.0
25.936  1012.0  94.0  1.0
25.962  986.0  94.0  1.0
25.962  986.0  94.0  1.0
25.985  957.0  95.0  2.0
26.007  933.0  95.0  1.0
26.031  892.0  96.0  1.0
26.053  847.0  100.0  2.0
26.053  847.0  100.0  2.0
26.076  800.0  102.0  1.0
26.088  778.0  102.0  1.0
26.122  704.0  104.0  1.0
26.122  704.0  104.0  1.0
26.133  681.0  105.0  2.0
26.157  626.0  105.0  2.0
26.179  578.0  106.0  1.0
26.202  530.0  106.0  1.0
26.202  530.0  109.0  2.0
26.225  484.0  109.0  2.0
26.248  441.0  106.0  2.0
26.259  421.0  108.0  1.0
26.283  385.0  108.0  1.0
26.283  385.0  109.0  1.0
26.305  352.0  109.0  1.0
26.328  326.0  107.0  2.0
26.351  298.0  109.0  1.0
26.374  283.0  107.0  1.0
26.396  266.0  107.0  2.0
26.396  266.0  107.0  2.0
26.407  260.0  107.0  2.0
26.431  253.0  106.0  1.0
26.454  249.0  108.0  1.0
26.476  250.0  107.0  2.0
26.476  250.0  107.0  2.0
26.5  249.0  107.0  2.0
26.522  249.0  106.0  2.0
26.545  248.0  102.0  1.0
26.545  248.0  100.0  2.0
26.557  248.0  100.0  2.0
26.579  271.0  100.0  2.0
26.602  301.0  102.0  1.0
26.626  327.0  102.0  1.0
26.626  327.0  103.0  1.0
26.648  363.0  100.0  2.0
26.671  404.0  100.0  2.0
26.683  425.0  99.0  1.0
26.705  472.0  99.0  1.0
26.705  472.0  101.0  1.0
26.728  521.0  101.0  1.0
26.752  572.0  98.0  2.0
26.774  625.0  97.0  1.0
26.774  625.0  95.0  1.0
26.797  679.0  95.0  1.0
26.82  730.0  95.0  1.0
26.843  782.0  92.0  2.0
26.865  827.0  88.0  1.0
26.865  827.0  87.0  1.0
26.889  872.0  87.0  2.0
26.9  892.0  87.0  2.0
26.923  928.0  84.0  2.0
26.923  928.0  84.0  2.0
26.945  956.0  85.0  1.0
26.969  983.0  85.0  1.0
26.991  999.0  85.0  1.0
27.016  1010.0  86.0  2.0
27.016  1010.0  86.0  1.0
27.028  1015.0  86.0  1.0
27.053  1014.0  94.0  1.0
27.077  1015.0  94.0  1.0
27.09  1010.0  95.0  2.0
27.09  1010.0  95.0  1.0
27.114  981.0  94.0  1.0
27.137  955.0  94.0  1.0
27.16  927.0  94.0  1.0
27.16  927.0  97.0  2.0
27.183  885.0  98.0  2.0
27.205  838.0  101.0  1.0
27.217  815.0  101.0  1.0
27.24  769.0  101.0  2.0
27.262  718.0  101.0  2.0
27.262  718.0  101.0  2.0
27.286  669.0  103.0  1.0
27.309  616.0  103.0  1.0
27.331  571.0  104.0  2.0
27.331  571.0  104.0  2.0
27.355  522.0  104.0  2.0
27.366  497.0  104.0  1.0
27.388  456.0  104.0  1.0
27.411  415.0  107.0  1.0
27.411  415.0  104.0  2.0
27.435  381.0  105.0  1.0
27.457  350.0  105.0  1.0
27.481  323.0  105.0  1.0
27.481  323.0  105.0  1.0
27.492  312.0  105.0  2.0
27.526  281.0  104.0  1.0
27.537  272.0  104.0  1.0
27.56  260.0  104.0  1.0
27.56  260.0  104.0  1.0
27.583  251.0  104.0  2.0
27.606  249.0  103.0  2.0
27.629  250.0  104.0  1.0
27.64  249.0  104.0  1.0
27.64  249.0  104.0  1.0
27.674  248.0  104.0  1.0
27.686  248.0  102.0  2.0
27.709  251.0  102.0  2.0
27.709  251.0  102.0  1.0
27.731  278.0  101.0  1.0
27.755  305.0  99.0  2.0
27.778  335.0  99.0  2.0
27.8  370.0  97.0  1.0
27.8  370.0  97.0  1.0
27.812  391.0  98.0  1.0
27.835  436.0  98.0  2.0
27.857  479.0  98.0  2.0
27.881  529.0  94.0  1.0
27.881  529.0  94.0  1.0
27.904  579.0  94.0  1.0
27.915  607.0  94.0  2.0
27.937  662.0  94.0  2.0
27.961  710.0  87.0  2.0
27.961  710.0  87.0  1.0
27.983  760.0  87.0  1.0
28.006  808.0  87.0  1.0
28.029  855.0  87.0  1.0
28.052  893.0  85.0  2.0
28.052  893.0  84.0  1.0
28.063  913.0  84.0  1.0
28.087  945.0  84.0  1.0
28.109  971.0  84.0  1.0
28.109  971.0  82.0  2.0
28.132  993.0  76.0  1.0
28.156  1007.0  77.0  1.0
28.169  1011.0  80.0  2.0
28.193  1015.0  80.0  2.0
28.193  1015.0  80.0  2.0
28.219  1015.0  87.0  2.0
28.231  1015.0  88.0  1.0
28.256  993.0  89.0  2.0
28.279  966.0  89.0  2.0
28.279  966.0  89.0  2.0
28.302  936.0  89.0  1.0
28.324  896.0  89.0  1.0
28.348  852.0  92.0  1.0
28.359  830.0  92.0  1.0
28.359  830.0  91.0  2.0
28.382  785.0  93.0  1.0
28.404  735.0  93.0  1.0
28.428  685.0  94.0  1.0
28.45  631.0  94.0  1.0
28.45  631.0  95.0  2.0
28.473  584.0  96.0  1.0
28.485  562.0  96.0  1.0
28.508  514.0  95.0  1.0
28.53  472.0  95.0  2.0
28.554  430.0  96.0  2.0
28.554  430.0  96.0  2.0
28.576  392.0  96.0  1.0
28.599  359.0  96.0  1.0
28.622  332.0  96.0  2.0
28.622  332.0  96.0  2.0
28.634  319.0  96.0  2.0
28.667  286.0  96.0  1.0
28.68  276.0  96.0  1.0
28.68  269.0  96.0  1.0
28.702  261.0  96.0  1.0
28.725  253.0  96.0  2.0
28.748  249.0  96.0  1.0
28.771  249.0  96.0  1.0
28.771  249.0  96.0  2.0
28.793  249.0  96.0  2.0
28.805  248.0  95.0  1.0
28.828  248.0  95.0  1.0
28.828  248.0  93.0  1.0
28.851  248.0  93.0  2.0
28.873  270.0  93.0  2.0
28.897  297.0  90.0  2.0
28.919  323.0  90.0  1.0
28.919  323.0  90.0  1.0
28.942  359.0  88.0  1.0
28.965  397.0  88.0  1.0
28.988  438.0  88.0  2.0
28.999  462.0  88.0  1.0
28.999  462.0  88.0  1.0
29.023  511.0  88.0  1.0
29.045  562.0  88.0  1.0
29.068  614.0  88.0  2.0
29.091  666.0  87.0  1.0
29.091  666.0  84.0  1.0
29.114  717.0  83.0  2.0
29.125  744.0  83.0  2.0
29.149  794.0  83.0  2.0
29.171  840.0  80.0  2.0
29.171  840.0  81.0  1.0
29.194  884.0  80.0  2.0
29.217  920.0  80.0  2.0
29.229  937.0  80.0  2.0
29.251  963.0  80.0  2.0
29.251  963.0  78.0  1.0
29.274  989.0  82.0  1.0
29.297  1003.0  82.0  1.0
29.322  1014.0  80.0  2.0
29.322  1014.0  87.0  1.0
29.334  1015.0  87.0  1.0
29.36  1015.0  89.0  1.0
29.384  1010.0  89.0  1.0
29.396  999.0  88.0  2.0
29.396  999.0  89.0  1.0
29.431  959.0  88.0  1.0
29.443  946.0  88.0  1.0
29.465  914.0  88.0  1.0
29.489  872.0  91.0  2.0
29.489  872.0  88.0  2.0
29.511  827.0  92.0  1.0
29.534  782.0  92.0  1.0
29.557  730.0  92.0  2.0
29.58  682.0  92.0  2.0
29.58  682.0  94.0  2.0
29.591  654.0  93.0  1.0
29.615  602.0  93.0  1.0
29.637  556.0  95.0  1.0
29.66  507.0  94.0  2.0
29.66  507.0  94.0  2.0
29.671  488.0  94.0  1.0
29.694  444.0  94.0  1.0
29.717  406.0  96.0  1.0
29.717  406.0  95.0  2.0
29.74  371.0  95.0  1.0
29.763  342.0  95.0  1.0
29.786  314.0  95.0  1.0
29.809  292.0  95.0  1.0
29.809  292.0  94.0  2.0
29.82  283.0  93.0  1.0
29.843  267.0  95.0  1.0
29.865  256.0  95.0  1.0
29.889  251.0  95.0  1.0
29.912  249.0  94.0  2.0
29.912  249.0  94.0  2.0
29.923  249.0  94.0  2.0
29.958  249.0  95.0  1.0
29.969  249.0  93.0  1.0
29.969  249.0  93.0  1.0
29.991  249.0  90.0  2.0
30.015  259.0  90.0  2.0
30.038  287.0  89.0  1.0
30.06  312.0  92.0  1.0
30.071  328.0  89.0  2.0
30.071  328.0  88.0  1.0
30.095  361.0  88.0  1.0
30.117  403.0  88.0  1.0
30.14  445.0  88.0  1.0
30.163  492.0  86.0  2.0
30.163  492.0  85.0  2.0
30.186  544.0  85.0  2.0
30.197  568.0  85.0  1.0
30.221  623.0  85.0  1.0
30.221  623.0  87.0  1.0
30.243  676.0  87.0  1.0
30.266  727.0  82.0  2.0
30.289  780.0  81.0  1.0
30.312  826.0  80.0  1.0
30.334  870.0  78.0  2.0
30.334  870.0  78.0  2.0
30.347  889.0  78.0  2.0
30.381  940.0  75.0  1.0
30.392  955.0  78.0  1.0
30.392  955.0  77.0  2.0
30.415  981.0  77.0  2.0
30.438  998.0  77.0  2.0
30.461  1011.0  78.0  2.0
30.461  1011.0  80.0  1.0
30.475  1013.0  85.0  2.0
30.499  1015.0  85.0  2.0
30.524  1016.0  86.0  2.0
30.524  1016.0  88.0  1.0
30.55  999.0  88.0  1.0
30.572  971.0  88.0  2.0
30.583  958.0  88.0  2.0
30.606  929.0  87.0  2.0
30.629  887.0  89.0  1.0
30.629  887.0  89.0  1.0
30.652  843.0  92.0  2.0
30.675  796.0  92.0  2.0
30.687  772.0  92.0  2.0
30.687  772.0  92.0  1.0
30.709  719.0  94.0  1.0
30.732  670.0  94.0  1.0
30.755  616.0  93.0  2.0
30.778  570.0  93.0  2.0
30.778  570.0  92.0  1.0
30.8  522.0  96.0  1.0
30.824  478.0  96.0  1.0
30.835  457.0  92.0  2.0
30.858  415.0  92.0  2.0
30.858  415.0  92.0  2.0
30.881  381.0  93.0  1.0
30.904  349.0  93.0  1.0
30.926  323.0  94.0  1.0
30.95  298.0  96.0  2.0
30.95  298.0  96.0  2.0
30.961  289.0  96.0  2.0
30.984  272.0  96.0  1.0
31.007  259.0  96.0  1.0
31.007  259.0  96.0  2.0
31.03  252.0  96.0  1.0
31.052  249.0  99.0  1.0
31.076  249.0  99.0  1.0
31.098  249.0  99.0  1.0
31.098  249.0  96.0  2.0
31.11  248.0  88.0  1.0
31.132  249.0  88.0  1.0
31.156  251.0  88.0  1.0
31.178  279.0  89.0  2.0
31.178  279.0  89.0  2.0
31.201  306.0  89.0  2.0
31.224  336.0  89.0  2.0
31.247  370.0  91.0  1.0
31.258  389.0  89.0  2.0
31.258  389.0  86.0  2.0
31.282  432.0  86.0  2.0
31.304  479.0  86.0  2.0
31.327  531.0  86.0  1.0
31.327  531.0  86.0  1.0
31.35  582.0  85.0  2.0
31.373  632.0  85.0  1.0
31.384  659.0  85.0  1.0
31.408  711.0  85.0  1.0
31.408  711.0  86.0  1.0
31.43  763.0  80.0  2.0
31.453  808.0  80.0  2.0
31.476  854.0  80.0  2.0
31.499  891.0  79.0  1.0
31.499  891.0  79.0  1.0
31.521  928.0  76.0  2.0
31.533  943.0  77.0  2.0
31.556  970.0  77.0  2.0
31.579  992.0  78.0  1.0
31.579  992.0  80.0  2.0
31.601  1004.0  80.0  2.0
31.627  1014.0  80.0  2.0
31.639  1015.0  80.0  2.0
31.664  1016.0  86.0  1.0
31.664  1016.0  87.0  1.0
31.689  1006.0  87.0  1.0
31.702  992.0  86.0  2.0
31.724  962.0  86.0  2.0
31.748  939.0  86.0  1.0
31.748  939.0  88.0  1.0
31.77  902.0  88.0  2.0
31.793  860.0  89.0  1.0
31.816  811.0  89.0  1.0
31.816  811.0  89.0  1.0
31.827  788.0  92.0  1.0
31.85  739.0  92.0  2.0
31.874  688.0  92.0  2.0
31.896  638.0  92.0  2.0
31.919  590.0  92.0  2.0
31.919  590.0  93.0  1.0
31.93  566.0  93.0  2.0
31.953  518.0  92.0  1.0
31.976  476.0  92.0  1.0
31.976  476.0  93.0  1.0
31.998  433.0  93.0  1.0
32.022  396.0  94.0  1.0
32.045  363.0  93.0  2.0
32.067  333.0  93.0  2.0
32.067  333.0  93.0  1.0
32.091  307.0  97.0  1.0
32.113  287.0  97.0  1.0
32.124  280.0  96.0  2.0
32.148  264.0  96.0  2.0
32.148  264.0  94.0  1.0
32.171  254.0  94.0  1.0
32.193  249.0  92.0  2.0
32.217  248.0  92.0  2.0
32.217  248.0  92.0  2.0
32.239  249.0  92.0  2.0
32.25  247.0  93.0  1.0
32.274  248.0  92.0  2.0
32.296  248.0  89.0  2.0
32.319  267.0  89.0  2.0
32.319  267.0  89.0  2.0
32.343  295.0  88.0  1.0
32.354  308.0  90.0  1.0
32.376  338.0  88.0  2.0
32.376  338.0  88.0  2.0
32.399  372.0  88.0  1.0
32.422  414.0  88.0  1.0
32.445  458.0  88.0  1.0
32.467  506.0  85.0  2.0
32.467  506.0  85.0  2.0
32.491  555.0  84.0  1.0
32.502  580.0  85.0  1.0
32.525  636.0  85.0  1.0
32.548  687.0  86.0  2.0
32.548  687.0  86.0  2.0
32.571  738.0  83.0  2.0
32.593  789.0  80.0  1.0
32.617  834.0  80.0  2.0
32.617  834.0  80.0  2.0
32.628  856.0  80.0  2.0
32.651  895.0  74.0  2.0
32.674  931.0  72.0  1.0
32.697  959.0  75.0  1.0
32.697  959.0  74.0  2.0
32.719  984.0  74.0  2.0
32.743  1000.0  77.0  1.0
32.755  1008.0  77.0  1.0
32.78  1015.0  80.0  1.0
32.78  1015.0  80.0  1.0
32.805  1015.0  84.0  2.0
32.83  1013.0  85.0  1.0
32.842  1003.0  85.0  1.0
32.866  974.0  85.0  1.0
32.866  974.0  85.0  1.0
32.889  948.0  86.0  2.0
32.912  917.0  86.0  2.0
32.934  876.0  89.0  1.0
32.947  855.0  89.0  1.0
32.947  855.0  89.0  1.0
32.969  807.0  92.0  2.0
32.992  761.0  92.0  2.0
33.015  710.0  94.0  1.0
33.015  710.0  94.0  1.0
33.038  661.0  94.0  1.0
33.06  608.0  94.0  1.0
33.073  584.0  92.0  2.0
33.095  537.0  92.0  1.0
33.095  537.0  93.0  1.0
33.118  491.0  93.0  1.0
33.141  450.0  93.0  1.0
33.164  408.0  95.0  2.0
33.186  375.0  93.0  1.0
33.186  375.0  93.0  1.0
33.21  343.0  93.0  1.0
33.221  330.0  94.0  2.0
33.244  304.0  94.0  1.0
33.266  284.0  94.0  1.0
33.266  284.0  94.0  1.0
33.29  267.0  94.0  1.0
33.312  258.0  93.0  2.0
33.335  250.0  93.0  2.0
33.358  248.0  93.0  2.0
33.358  248.0  93.0  2.0
33.37  248.0  93.0  1.0
33.392  249.0  94.0  1.0
33.416  248.0  92.0  2.0
33.416  248.0  90.0  1.0
33.438  248.0  90.0  1.0
33.461  260.0  88.0  1.0
33.484  288.0  88.0  1.0
33.496  300.0  88.0  2.0
33.507  312.0  87.0  1.0
33.518  324.0  87.0  1.0
33.542  357.0  88.0  1.0
33.564  395.0  88.0  2.0
33.587  439.0  88.0  2.0
33.587  439.0  86.0  1.0
33.598  463.0  86.0  1.0
33.622  511.0  86.0  1.0
33.644  564.0  86.0  2.0
33.667  616.0  85.0  2.0
33.667  616.0  85.0  2.0
33.69  670.0  85.0  2.0
33.713  723.0  83.0  1.0
33.736  774.0  81.0  2.0
33.747  796.0  80.0  2.0
33.747  796.0  79.0  1.0
33.77  842.0  79.0  1.0
33.793  884.0  79.0  1.0
33.816  920.0  77.0  1.0
33.839  950.0  73.0  2.0
33.839  950.0  73.0  2.0
33.861  976.0  75.0  1.0
33.873  988.0  77.0  1.0
33.896  1003.0  77.0  2.0
33.921  1014.0  77.0  2.0
33.921  1014.0  77.0  2.0
33.933  1016.0  82.0  1.0
33.958  1015.0  86.0  1.0
33.983  1006.0  87.0  2.0
33.983  1006.0  87.0  2.0
34.008  984.0  87.0  2.0
34.03  957.0  86.0  2.0
34.041  948.0  88.0  1.0
34.064  916.0  88.0  2.0
34.087  873.0  90.0  2.0
34.087  873.0  90.0  2.0
34.11  826.0  90.0  2.0
34.132  778.0  92.0  1.0
34.156  728.0  93.0  1.0
34.179  679.0  92.0  2.0
34.179  679.0  92.0  2.0
34.19  653.0  93.0  1.0
34.213  600.0  93.0  1.0
34.236  556.0  93.0  1.0
34.236  556.0  93.0  1.0
34.258  507.0  93.0  2.0
34.282  465.0  92.0  1.0
34.293  443.0  93.0  1.0
34.316  402.0  93.0  1.0
34.316  402.0  93.0  1.0
34.339  368.0  93.0  2.0
34.362  338.0  95.0  2.0
34.384  313.0  95.0  1.0
34.408  290.0  94.0  2.0
34.408  290.0  94.0  2.0
34.419  283.0  93.0  2.0
34.442  265.0  93.0  2.0
34.464  257.0  94.0  1.0
34.488  250.0  94.0  2.0
34.488  250.0  94.0  2.0
34.51  249.0  92.0  2.0
34.533  249.0  92.0  2.0
34.556  248.0  93.0  1.0
34.568  248.0  93.0  1.0
34.568  248.0  93.0  1.0
34.59  248.0  89.0  2.0
34.614  259.0  89.0  1.0
34.636  288.0  90.0  1.0
34.659  313.0  90.0  1.0
34.659  313.0  90.0  1.0
34.671  327.0  88.0  2.0
34.705  382.0  87.0  2.0
34.716  403.0  87.0  1.0
34.74  446.0  87.0  1.0
34.74  446.0  87.0  1.0
34.762  494.0  87.0  2.0
34.785  548.0  86.0  2.0
34.796  573.0  86.0  1.0
34.796  573.0  86.0  1.0
34.831  654.0  86.0  2.0
34.842  681.0  86.0  2.0
34.865  731.0  83.0  2.0
34.888  782.0  80.0  1.0
34.888  782.0  80.0  1.0
34.911  827.0  80.0  1.0
34.934  870.0  77.0  2.0
34.946  889.0  74.0  1.0
34.968  924.0  74.0  1.0
34.968  924.0  74.0  1.0
34.991  954.0  76.0  1.0
35.014  980.0  75.0  2.0
35.037  998.0  76.0  1.0
35.06  1010.0  76.0  1.0
35.06  1010.0  76.0  1.0
35.074  1014.0  80.0  1.0
35.098  1016.0  84.0  2.0
35.11  1016.0  87.0  1.0
35.136  1012.0  87.0  1.0
35.136  1012.0  87.0  1.0
35.161  992.0  87.0  1.0
35.183  977.0  88.0  2.0
35.194  970.0  88.0  2.0
35.218  962.0  89.0  1.0
35.218  962.0  89.0  1.0
35.24  955.0  88.0  2.0
35.263  943.0  88.0  2.0
35.287  932.0  88.0  2.0
35.309  925.0  89.0  1.0
35.309  925.0  89.0  1.0
35.332  922.0  89.0  2.0
35.344  920.0  89.0  2.0
35.366  920.0  88.0  2.0
35.389  920.0  88.0  1.0
35.389  920.0  88.0  1.0
35.412  919.0  90.0  1.0
35.435  920.0  88.0  2.0
35.446  920.0  88.0  1.0
35.481  920.0  88.0  1.0
35.481  920.0  88.0  1.0
35.492  920.0  89.0  1.0
35.515  920.0  89.0  2.0
35.538  920.0  88.0  2.0
35.561  920.0  88.0  2.0
35.561  920.0  88.0  2.0
35.584  919.0  89.0  1.0
35.595  920.0  90.0  2.0
35.618  920.0  88.0  2.0
35.641  920.0  88.0  1.0
35.641  920.0  88.0  1.0
35.663  920.0  88.0  1.0
35.687  920.0  88.0  1.0
35.709  920.0  88.0  2.0
35.721  920.0  88.0  1.0
35.721  920.0  88.0  1.0
35.744  919.0  88.0  1.0
35.767  920.0  88.0  1.0
35.789  919.0  88.0  2.0
35.789  919.0  88.0  1.0
35.813  920.0  88.0  1.0
35.824  920.0  88.0  1.0
35.847  918.0  88.0  2.0
35.87  920.0  88.0  2.0
35.87  920.0  88.0  2.0
35.893  920.0  88.0  2.0
35.915  919.0  88.0  1.0
35.939  920.0  89.0  2.0
35.939  920.0  88.0  2.0
35.961  919.0  88.0  2.0
35.984  919.0  88.0  2.0
35.995  920.0  88.0  1.0
36.019  920.0  88.0  1.0
36.019  920.0  90.0  2.0
36.041  919.0  89.0  1.0
36.064  920.0  89.0  1.0
36.087  919.0  90.0  1.0
36.11  920.0  90.0  1.0
36.11  920.0  90.0  2.0
36.133  920.0  90.0  2.0
36.145  919.0  90.0  2.0
36.167  920.0  91.0  1.0
36.19  921.0  91.0  1.0
36.19  921.0  92.0  2.0
36.213  920.0  90.0  2.0
36.236  920.0  90.0  2.0
36.247  920.0  91.0  1.0
36.282  919.0  91.0  2.0
36.282  919.0  90.0  2.0
36.293  918.0  90.0  2.0
36.316  920.0  90.0  2.0
36.339  919.0  90.0  1.0
36.362  919.0  91.0  1.0
36.362  919.0  90.0  2.0
36.384  919.0  90.0  2.0
36.396  920.0  90.0  1.0
36.419  920.0  90.0  1.0
36.442  918.0  91.0  1.0
36.442  918.0  91.0  1.0
36.465  920.0  91.0  2.0
36.488  920.0  90.0  1.0
36.51  920.0  91.0  1.0
36.521  919.0  91.0  1.0
36.521  919.0  91.0  1.0
36.545  920.0  91.0  2.0
36.568  920.0  90.0  2.0
36.59  920.0  89.0  1.0
36.614  920.0  91.0  2.0
36.614  920.0  91.0  2.0
36.636  919.0  91.0  2.0
36.659  919.0  90.0  2.0
36.671  920.0  90.0  1.0
36.671  920.0  91.0  1.0
36.694  919.0  91.0  1.0
36.716  920.0  90.0  2.0
36.74  920.0  90.0  2.0
36.74  920.0  90.0  1.0
36.762  920.0  90.0  1.0
36.785  920.0  91.0  1.0
36.808  920.0  90.0  2.0
36.831  920.0  90.0  2.0
36.831  920.0  90.0  2.0
36.853  920.0  90.0  1.0
36.853  920.0  91.0  2.0
36.877  920.0  91.0  2.0
