0.0  1.0  1.0  1.0
0.0  1.0  1.0  1.0
0.0  1.0  1.0  1.0
0.0  1.0  1.0  1.0
0.0  1.0  1.0  1.0
0.0  1.0  1.0  1.0
0.0  1.0  1.0  1.0
0.0  1.0  1.0  1.0
0.0  1.0  1.0  1.0
0.0  1.0  1.0  1.0
0.0  1.0  1.0  1.0
0.0  1.0  1.0  1.0
0.0  1.0  1.0  1.0
0.0  1.0  1.0  1.0
0.0  1.0  1.0  1.0
0.0  1.0  1.0  1.0
0.0  1.0  1.0  1.0
0.0  1.0  1.0  1.0
0.0  1.0  1.0  1.0
0.0  1.0  1.0  1.0
0.0  1.0  1.0  1.0
0.0  1.0  1.0  1.0
0.0  1.0  1.0  1.0
0.0  1.0  1.0  1.0
0.0  1.0  1.0  1.0
0.0  1.0  1.0  1.0
0.0  1.0  1.0  1.0
0.0  1.0  1.0  1.0
0.0  1.0  1.0  1.0
0.0  1.0  1.0  1.0
0.0  1.0  1.0  1.0
0.0  1.0  1.0  1.0
0.0  1.0  1.0  1.0
0.0  1.0  1.0  1.0
0.0  1.0  1.0  1.0
0.0  1.0  1.0  1.0
0.0  1.0  1.0  1.0
0.0  1.0  1.0  1.0
0.0  1.0  1.0  1.0
0.0  1.0  1.0  1.0
0.0  1.0  0.0  539.0
0.0  3.0  0.0  539.0
0.0  0.0  2.0  539.0
0.0  0.0  3.0  539.0
0.0  0.0  5.0  539.0
0.0  0.0  28.0  539.0
0.0  2.0  28.0  539.0
0.0  2.0  53.0  539.0
0.0  0.0  70.0  539.0
0.0  0.0  95.0  539.0
0.0  0.0  95.0  539.0
0.0  0.0  112.0  539.0
0.0  3.0  132.0  539.0
0.0  1.0  159.0  539.0
0.0  1.0  178.0  539.0
0.0  0.0  178.0  539.0
0.0  2.0  197.0  539.0
0.0  2.0  225.0  539.0
0.0  3.0  243.0  539.0
0.0  0.0  243.0  539.0
0.0  0.0  263.0  539.0
0.0  0.0  281.0  539.0
0.0  3.0  300.0  539.0
0.0  3.0  328.0  539.0
0.0  3.0  328.0  539.0
0.0  2.0  347.0  539.0
0.0  0.0  365.0  539.0
0.0  0.0  394.0  539.0
0.0  3.0  412.0  539.0
0.0  3.0  412.0  539.0
0.0  0.0  431.0  539.0
0.0  0.0  459.0  539.0
0.0  0.0  478.0  539.0
0.0  2.0  496.0  539.0
0.0  2.0  496.0  539.0
0.0  2.0  515.0  539.0
0.0  0.0  534.0  539.0
0.0  0.0  562.0  539.0
0.0  0.0  562.0  539.0
0.0  0.0  580.0  539.0
0.0  3.0  600.0  539.0
0.0  0.0  627.0  539.0
0.0  0.0  646.0  539.0
0.0  2.0  646.0  539.0
0.0  2.0  665.0  539.0
0.0  2.0  693.0  539.0
0.0  3.0  711.0  539.0
0.0  0.0  711.0  539.0
0.0  0.0  731.0  539.0
0.0  0.0  758.0  540.0
0.0  3.0  777.0  539.0
0.0  1.0  796.0  539.0
0.0  1.0  796.0  539.0
0.0  1.0  815.0  539.0
0.0  1.0  842.0  539.0
0.0  3.0  871.0  539.0
0.0  3.0  871.0  539.0
0.0  3.0  889.0  539.0
0.0  0.0  908.0  539.0
0.0  2.0  993.0  539.0
0.0  2.0  993.0  539.0
0.0  0.0  1012.0  539.0
0.0  0.0  1033.0  539.0
0.0  3.0  1053.0  539.0
0.0  3.0  1053.0  539.0
0.0  0.0  1075.0  539.0
0.0  0.0  1095.0  539.0
0.0  0.0  1116.0  539.0
0.0  3.0  1137.0  539.0
0.0  3.0  1137.0  539.0
0.0  3.0  1158.0  539.0
0.0  0.0  1178.0  539.0
0.0  0.0  1200.0  539.0
0.0  0.0  1200.0  539.0
0.0  0.0  1230.0  539.0
0.0  3.0  1251.0  539.0
0.0  1.0  1272.0  539.0
0.0  0.0  1272.0  539.0
0.0  0.0  1293.0  539.0
0.0  1.0  1303.0  539.0
0.0  3.0  1335.0  539.0
0.0  3.0  1355.0  539.0
0.0  0.0  1355.0  539.0
0.0  0.0  1376.0  539.0
0.0  0.0  1397.0  539.0
0.0  3.0  1418.0  539.0
0.0  2.0  1438.0  539.0
0.0  2.0  1438.0  539.0
0.0  2.0  1460.0  539.0
0.0  0.0  1480.0  539.0
0.0  0.0  1501.0  539.0
0.0  3.0  1522.0  539.0
0.0  3.0  1522.0  539.0
0.0  0.0  1543.0  539.0
0.0  0.0  1563.0  539.0
0.0  2.0  1584.0  539.0
0.0  2.0  1584.0  539.0
0.0  3.0  1605.0  539.0
0.0  3.0  1626.0  539.0
0.0  0.0  1646.0  539.0
0.0  0.0  1668.0  539.0
0.0  0.0  1668.0  539.0
0.0  3.0  1698.0  539.0
