88.612  827.0  923.0  17.0
88.612  827.0  923.0  17.0
88.612  827.0  923.0  17.0
88.612  827.0  923.0  17.0
88.612  827.0  923.0  17.0
88.612  827.0  923.0  17.0
88.612  827.0  923.0  17.0
88.612  827.0  923.0  17.0
88.612  827.0  923.0  17.0
88.612  827.0  923.0  17.0
88.612  827.0  923.0  17.0
88.612  827.0  923.0  17.0
88.612  827.0  923.0  17.0
88.612  827.0  923.0  17.0
88.612  827.0  923.0  17.0
88.612  827.0  923.0  17.0
88.612  827.0  923.0  17.0
88.612  827.0  923.0  17.0
88.612  827.0  923.0  17.0
88.612  827.0  923.0  17.0
88.612  827.0  923.0  17.0
88.612  827.0  923.0  17.0
88.612  827.0  923.0  17.0
88.612  827.0  923.0  17.0
88.612  827.0  923.0  17.0
88.612  827.0  923.0  17.0
88.612  827.0  923.0  17.0
88.612  827.0  923.0  17.0
88.612  827.0  923.0  17.0
88.612  827.0  923.0  17.0
88.612  827.0  923.0  17.0
88.612  827.0  923.0  17.0
88.612  827.0  923.0  17.0
88.612  827.0  923.0  17.0
88.612  827.0  923.0  17.0
88.612  827.0  923.0  17.0
88.612  827.0  923.0  17.0
88.612  827.0  923.0  17.0
88.612  827.0  923.0  17.0
88.612  827.0  923.0  17.0
88.612  827.0  923.0  17.0
88.612  827.0  923.0  17.0
88.612  827.0  923.0  17.0
88.612  827.0  923.0  17.0
0.0  827.0  923.0  17.0
0.0020  826.0  923.0  17.0
0.0020  826.0  453.0  642.0
0.0030  827.0  892.0  17.0
0.0050  827.0  892.0  17.0
0.028  826.0  892.0  17.0
0.053  827.0  612.0  16.0
0.053  827.0  267.0  17.0
0.07  826.0  833.0  18.0
0.095  826.0  833.0  18.0
0.112  827.0  833.0  18.0
0.112  827.0  921.0  16.0
0.132  827.0  203.0  16.0
0.159  827.0  530.0  18.0
0.178  827.0  1007.0  17.0
0.178  827.0  1007.0  17.0
0.206  827.0  119.0  16.0
0.225  827.0  119.0  16.0
0.243  826.0  215.0  18.0
0.272  826.0  971.0  17.0
0.272  826.0  971.0  17.0
0.29  827.0  120.0  16.0
0.309  827.0  168.0  17.0
0.337  827.0  168.0  17.0
0.356  827.0  168.0  17.0
0.356  827.0  914.0  17.0
0.374  827.0  454.0  16.0
0.394  827.0  247.0  17.0
0.394  827.0  247.0  17.0
0.421  827.0  859.0  17.0
0.44  827.0  804.0  16.0
0.468  827.0  243.0  17.0
0.468  827.0  243.0  17.0
0.487  826.0  243.0  17.0
0.505  827.0  721.0  18.0
0.534  827.0  1015.0  16.0
0.534  827.0  1015.0  16.0
0.552  827.0  149.0  16.0
0.571  827.0  301.0  18.0
0.6  826.0  301.0  18.0
0.618  827.0  983.0  17.0
0.618  827.0  983.0  17.0
0.636  827.0  89.0  16.0
0.665  827.0  139.0  17.0
0.665  827.0  139.0  17.0
0.693  826.0  933.0  17.0
0.711  827.0  311.0  16.0
0.711  827.0  311.0  16.0
0.74  828.0  217.0  18.0
0.758  827.0  882.0  17.0
0.777  827.0  882.0  17.0
0.805  827.0  662.0  16.0
0.824  827.0  261.0  17.0
0.824  827.0  261.0  17.0
0.842  827.0  821.0  18.0
0.908  826.0  202.0  16.0
0.936  827.0  540.0  18.0
0.936  827.0  540.0  18.0
0.955  827.0  1009.0  16.0
0.973  827.0  124.0  16.0
0.993  827.0  215.0  18.0
0.993  827.0  215.0  18.0
1.012  827.0  215.0  18.0
1.033  827.0  971.0  17.0
1.053  827.0  124.0  16.0
1.075  827.0  166.0  17.0
1.075  827.0  166.0  17.0
1.095  826.0  924.0  17.0
1.116  827.0  924.0  17.0
1.147  827.0  444.0  16.0
1.168  826.0  242.0  17.0
1.189  827.0  860.0  17.0
1.189  827.0  860.0  17.0
1.21  826.0  783.0  16.0
1.23  827.0  783.0  16.0
1.251  827.0  249.0  17.0
1.251  827.0  249.0  17.0
1.272  827.0  754.0  18.0
1.293  827.0  1012.0  16.0
1.313  826.0  159.0  16.0
1.313  826.0  159.0  16.0
1.335  826.0  159.0  16.0
1.355  827.0  348.0  18.0
1.376  827.0  992.0  17.0
1.397  827.0  92.0  16.0
1.397  827.0  125.0  18.0
1.418  827.0  125.0  18.0
1.438  827.0  125.0  18.0
1.46  827.0  944.0  17.0
1.48  826.0  285.0  17.0
1.48  826.0  211.0  17.0
1.501  826.0  211.0  17.0
1.522  827.0  885.0  17.0
1.543  827.0  885.0  17.0
1.563  828.0  263.0  17.0
1.563  828.0  263.0  17.0
1.584  827.0  263.0  17.0
1.615  827.0  826.0  17.0
1.636  827.0  930.0  16.0
1.636  827.0  930.0  16.0
1.657  828.0  200.0  16.0
1.678  827.0  200.0  16.0
1.698  826.0  519.0  18.0
1.698  826.0  519.0  18.0
1.719  826.0  1007.0  16.0
1.74  826.0  124.0  16.0
1.761  827.0  222.0  18.0
1.781  826.0  222.0  18.0
1.781  826.0  222.0  18.0
1.803  827.0  972.0  17.0
1.823  827.0  114.0  16.0
1.844  827.0  159.0  17.0
1.844  827.0  159.0  17.0
1.865  827.0  924.0  17.0
1.886  826.0  419.0  16.0
1.916  827.0  419.0  16.0
1.938  827.0  236.0  17.0
1.938  827.0  863.0  17.0
1.958  827.0  863.0  17.0
1.969  827.0  733.0  16.0
1.99  826.0  256.0  17.0
2.011  828.0  256.0  17.0
2.031  826.0  797.0  17.0
2.052  827.0  993.0  16.0
2.052  827.0  168.0  16.0
2.083  827.0  168.0  16.0
2.104  826.0  168.0  16.0
2.125  827.0  384.0  18.0
2.146  827.0  999.0  17.0
2.146  827.0  98.0  16.0
2.166  827.0  98.0  16.0
2.188  827.0  137.0  18.0
2.208  827.0  960.0  17.0
2.229  827.0  960.0  17.0
2.229  827.0  960.0  17.0
2.249  827.0  280.0  17.0
2.271  827.0  174.0  17.0
2.291  827.0  866.0  17.0
2.312  827.0  866.0  17.0
2.312  827.0  866.0  17.0
2.333  827.0  609.0  16.0
2.354  827.0  239.0  17.0
2.374  827.0  813.0  17.0
2.396  827.0  910.0  16.0
2.396  827.0  226.0  16.0
2.416  827.0  226.0  16.0
2.437  826.0  226.0  16.0
2.447  827.0  542.0  18.0
2.479  827.0  993.0  16.0
2.499  826.0  151.0  16.0
2.499  826.0  225.0  17.0
2.521  827.0  225.0  17.0
2.551  827.0  225.0  17.0
2.562  827.0  949.0  17.0
2.593  827.0  132.0  17.0
2.593  827.0  125.0  18.0
2.614  826.0  900.0  17.0
2.634  827.0  900.0  17.0
2.656  827.0  900.0  17.0
2.676  827.0  396.0  16.0
2.676  827.0  192.0  17.0
2.697  827.0  192.0  17.0
2.717  827.0  848.0  17.0
2.739  827.0  683.0  16.0
2.759  827.0  683.0  16.0
2.759  827.0  245.0  17.0
2.78  826.0  245.0  17.0
2.801  826.0  797.0  18.0
2.822  826.0  968.0  16.0
2.822  826.0  206.0  17.0
2.842  826.0  405.0  18.0
2.864  827.0  405.0  18.0
2.884  827.0  405.0  18.0
2.905  827.0  979.0  17.0
2.905  827.0  137.0  16.0
2.926  827.0  137.0  16.0
2.947  827.0  155.0  18.0
2.967  827.0  927.0  17.0
2.989  827.0  218.0  17.0
2.989  827.0  218.0  17.0
3.009  827.0  218.0  17.0
