43.907  867.0  1023.0  18.0
43.907  867.0  1023.0  18.0
43.907  867.0  1023.0  18.0
43.907  867.0  1023.0  18.0
43.907  867.0  1023.0  18.0
43.907  867.0  1023.0  18.0
43.907  867.0  1023.0  18.0
43.907  867.0  1023.0  18.0
43.907  867.0  1023.0  18.0
43.907  867.0  1023.0  18.0
43.907  867.0  1023.0  18.0
43.907  867.0  1023.0  18.0
43.907  867.0  1023.0  18.0
43.907  867.0  1023.0  18.0
43.907  867.0  1023.0  18.0
43.907  867.0  1023.0  18.0
43.907  867.0  1023.0  18.0
43.907  867.0  1023.0  18.0
43.907  867.0  1023.0  18.0
43.907  867.0  1023.0  18.0
43.907  867.0  1023.0  18.0
43.907  867.0  1023.0  18.0
43.907  867.0  1023.0  18.0
43.907  867.0  1023.0  18.0
43.907  867.0  1023.0  18.0
43.907  867.0  1023.0  18.0
43.907  867.0  1023.0  18.0
43.907  867.0  1023.0  18.0
43.907  867.0  1023.0  18.0
43.907  867.0  1023.0  18.0
43.907  867.0  1023.0  18.0
43.907  867.0  1023.0  18.0
43.907  867.0  1023.0  18.0
43.907  867.0  1023.0  18.0
43.907  867.0  1023.0  18.0
43.907  867.0  1023.0  18.0
43.907  867.0  1023.0  18.0
43.907  867.0  1023.0  18.0
43.907  867.0  1023.0  18.0
43.907  867.0  1023.0  18.0
43.907  867.0  1023.0  18.0
43.907  867.0  1023.0  18.0
0.0010  867.0  1023.0  18.0
0.0020  867.0  1023.0  18.0
0.0030  866.0  1023.0  18.0
0.0030  866.0  1023.0  18.0
0.012  867.0  1023.0  18.0
0.028  866.0  1023.0  19.0
0.053  867.0  1023.0  18.0
0.053  867.0  1023.0  18.0
0.078  867.0  1023.0  18.0
0.095  866.0  1023.0  19.0
0.112  867.0  1023.0  18.0
0.141  867.0  1023.0  18.0
0.141  867.0  1023.0  18.0
0.159  866.0  1023.0  18.0
0.178  867.0  1023.0  19.0
0.206  866.0  1023.0  19.0
0.225  867.0  1023.0  19.0
0.225  867.0  1023.0  19.0
0.243  867.0  1023.0  18.0
0.263  867.0  1023.0  18.0
0.281  866.0  1023.0  19.0
0.281  866.0  1023.0  19.0
0.309  867.0  1023.0  18.0
0.328  867.0  1023.0  18.0
0.347  867.0  1023.0  19.0
0.374  867.0  1023.0  19.0
0.374  867.0  1023.0  19.0
0.394  866.0  1023.0  18.0
0.412  867.0  1023.0  18.0
0.44  867.0  1023.0  18.0
0.459  867.0  1023.0  18.0
0.459  867.0  1023.0  18.0
0.478  868.0  1023.0  19.0
0.496  867.0  1023.0  17.0
0.515  866.0  1023.0  18.0
0.515  866.0  1023.0  18.0
0.543  867.0  1023.0  19.0
0.562  867.0  1023.0  19.0
0.58  867.0  1023.0  18.0
0.609  866.0  1023.0  18.0
0.609  866.0  1023.0  18.0
0.627  866.0  1023.0  19.0
0.646  867.0  1023.0  18.0
0.674  866.0  1023.0  17.0
0.693  866.0  1023.0  17.0
0.693  866.0  1023.0  17.0
0.711  867.0  1023.0  18.0
0.74  867.0  1023.0  19.0
0.758  867.0  1023.0  18.0
0.758  867.0  1023.0  18.0
0.777  867.0  1023.0  18.0
0.796  867.0  1023.0  18.0
0.824  866.0  1023.0  19.0
0.824  866.0  1023.0  18.0
0.851  867.0  1023.0  18.0
0.871  867.0  1023.0  18.0
0.889  867.0  1023.0  18.0
0.889  867.0  1023.0  19.0
0.955  867.0  1023.0  18.0
0.973  866.0  1023.0  18.0
0.973  866.0  1023.0  18.0
0.993  867.0  1023.0  19.0
1.022  866.0  1023.0  18.0
1.033  866.0  1023.0  18.0
1.064  867.0  1023.0  18.0
1.064  867.0  1023.0  18.0
1.085  867.0  1023.0  18.0
1.105  867.0  1023.0  18.0
1.127  866.0  1023.0  17.0
1.147  866.0  1023.0  18.0
1.147  866.0  1023.0  18.0
1.158  867.0  1023.0  19.0
1.189  867.0  1023.0  19.0
1.21  866.0  1023.0  18.0
1.23  867.0  1023.0  18.0
1.251  867.0  1023.0  19.0
1.251  867.0  1023.0  19.0
1.272  866.0  1023.0  18.0
1.293  866.0  1023.0  17.0
1.313  867.0  1023.0  17.0
1.313  867.0  1023.0  17.0
1.335  866.0  1023.0  18.0
1.355  867.0  1023.0  19.0
1.376  867.0  1023.0  17.0
1.397  867.0  1023.0  17.0
1.397  867.0  1023.0  17.0
1.418  867.0  1023.0  18.0
1.438  867.0  1023.0  19.0
1.46  866.0  1023.0  18.0
1.48  867.0  1023.0  18.0
1.48  867.0  1023.0  18.0
1.501  866.0  1023.0  18.0
1.522  867.0  1023.0  18.0
1.543  867.0  1023.0  18.0
1.563  867.0  1023.0  18.0
1.584  866.0  1023.0  18.0
1.584  866.0  1023.0  18.0
1.605  867.0  1023.0  19.0
1.626  867.0  1023.0  19.0
1.626  867.0  1023.0  19.0
1.646  866.0  1023.0  18.0
1.668  867.0  1023.0  18.0
1.688  867.0  1023.0  19.0
1.709  867.0  1023.0  18.0
1.709  867.0  1023.0  18.0
1.73  867.0  1023.0  18.0
1.751  867.0  1023.0  18.0
1.771  867.0  1023.0  18.0
1.793  866.0  1023.0  19.0
1.793  866.0  1023.0  19.0
1.813  866.0  1023.0  17.0
1.844  866.0  1023.0  18.0
1.865  867.0  1023.0  18.0
1.886  867.0  1023.0  19.0
1.886  867.0  1023.0  19.0
1.906  866.0  1023.0  18.0
1.928  867.0  1023.0  18.0
1.938  867.0  1023.0  18.0
1.938  867.0  1023.0  18.0
1.969  867.0  1023.0  18.0
1.99  867.0  1023.0  18.0
2.011  867.0  1023.0  17.0
2.031  867.0  1023.0  18.0
2.031  867.0  1023.0  18.0
2.052  867.0  1023.0  19.0
2.073  867.0  1023.0  17.0
2.094  867.0  1023.0  17.0
2.114  867.0  1023.0  18.0
2.114  867.0  1023.0  18.0
2.136  867.0  1023.0  19.0
2.156  867.0  1023.0  18.0
2.177  866.0  1023.0  18.0
2.198  867.0  1023.0  18.0
2.198  867.0  1023.0  18.0
2.219  867.0  1023.0  19.0
2.239  867.0  1023.0  19.0
2.26  867.0  1023.0  18.0
2.281  867.0  1023.0  18.0
2.281  867.0  1023.0  18.0
2.301  867.0  1023.0  18.0
2.323  867.0  1023.0  19.0
2.343  867.0  1023.0  18.0
2.364  866.0  1023.0  18.0
2.364  866.0  1023.0  18.0
2.384  866.0  1023.0  19.0
2.406  866.0  1023.0  19.0
2.426  866.0  1023.0  18.0
2.447  866.0  1023.0  18.0
2.447  866.0  1023.0  18.0
2.468  867.0  1023.0  19.0
2.489  867.0  1023.0  19.0
2.509  867.0  1023.0  19.0
2.531  867.0  1023.0  18.0
2.531  867.0  1023.0  18.0
2.551  866.0  1023.0  18.0
2.572  866.0  1023.0  19.0
2.593  866.0  1023.0  18.0
2.624  867.0  1023.0  18.0
2.624  867.0  1023.0  18.0
2.644  867.0  1023.0  18.0
2.666  867.0  1023.0  19.0
2.686  867.0  1023.0  18.0
2.686  867.0  1023.0  18.0
2.707  865.0  1023.0  18.0
2.728  867.0  1023.0  18.0
2.749  867.0  1023.0  18.0
2.769  867.0  1023.0  19.0
2.769  867.0  1023.0  19.0
2.791  867.0  1023.0  18.0
2.811  867.0  1023.0  18.0
2.832  867.0  1023.0  19.0
2.853  867.0  1023.0  18.0
2.874  866.0  1023.0  18.0
2.874  866.0  1023.0  18.0
2.894  866.0  1023.0  18.0
2.915  867.0  1023.0  19.0
2.936  867.0  1023.0  18.0
2.936  867.0  1023.0  18.0
2.957  867.0  1023.0  18.0
2.977  867.0  1023.0  18.0
2.999  866.0  1023.0  18.0
3.019  866.0  1023.0  18.0
3.019  866.0  1023.0  19.0
3.04  867.0  1023.0  18.0
3.061  867.0  1023.0  18.0
3.082  867.0  1023.0  19.0
3.102  867.0  1023.0  19.0
3.102  867.0  1023.0  19.0
3.124  867.0  1023.0  18.0
3.144  867.0  1023.0  18.0
3.165  867.0  1023.0  18.0
3.196  867.0  1023.0  18.0
3.196  867.0  1023.0  18.0
3.207  866.0  1023.0  19.0
3.227  866.0  1023.0  18.0
3.248  866.0  1023.0  18.0
3.248  866.0  1023.0  19.0
3.269  867.0  1023.0  19.0
3.3  867.0  1023.0  18.0
3.321  866.0  1023.0  18.0
3.342  866.0  1023.0  18.0
3.342  866.0  1023.0  18.0
3.362  866.0  1023.0  19.0
3.383  867.0  1023.0  19.0
3.404  867.0  1023.0  18.0
3.404  867.0  1023.0  18.0
3.425  867.0  1023.0  18.0
3.445  866.0  1023.0  18.0
3.467  866.0  1023.0  19.0
3.487  867.0  1023.0  18.0
3.487  867.0  1023.0  18.0
3.508  867.0  1023.0  18.0
3.529  867.0  1023.0  18.0
3.55  867.0  1023.0  19.0
3.57  867.0  1023.0  18.0
3.57  867.0  1023.0  18.0
3.592  867.0  1023.0  18.0
3.612  867.0  1023.0  19.0
3.633  867.0  1023.0  19.0
3.633  867.0  1023.0  19.0
3.664  867.0  1023.0  17.0
3.685  866.0  1023.0  17.0
3.695  867.0  1023.0  18.0
3.716  867.0  1023.0  19.0
3.716  867.0  1023.0  18.0
3.737  867.0  1023.0  18.0
3.768  867.0  1023.0  18.0
3.789  866.0  1023.0  18.0
3.81  867.0  1023.0  19.0
3.81  867.0  1023.0  19.0
3.83  866.0  1023.0  19.0
3.852  867.0  1023.0  17.0
3.872  866.0  1023.0  18.0
3.893  866.0  1023.0  18.0
3.893  866.0  1023.0  19.0
3.913  866.0  1023.0  19.0
3.935  867.0  1023.0  17.0
3.955  867.0  1023.0  17.0
3.955  867.0  1023.0  17.0
3.976  866.0  1023.0  17.0
3.997  867.0  1023.0  19.0
4.028  867.0  1023.0  20.0
4.028  867.0  1023.0  22.0
4.048  867.0  1023.0  24.0
4.07  867.0  1023.0  37.0
4.09  866.0  1023.0  37.0
4.111  867.0  1023.0  37.0
4.111  867.0  1023.0  48.0
4.132  867.0  1023.0  65.0
4.153  867.0  1023.0  96.0
4.173  867.0  1023.0  96.0
4.173  867.0  1023.0  96.0
4.195  866.0  1023.0  118.0
4.215  866.0  1023.0  147.0
4.236  866.0  1023.0  178.0
4.257  867.0  1023.0  178.0
4.257  867.0  1023.0  195.0
4.278  866.0  1023.0  195.0
4.298  866.0  1023.0  197.0
4.32  866.0  1023.0  188.0
4.34  866.0  1023.0  188.0
4.34  866.0  1023.0  155.0
4.361  865.0  1023.0  116.0
4.381  866.0  1023.0  116.0
4.403  867.0  1023.0  116.0
4.423  867.0  1023.0  93.0
4.423  867.0  1023.0  74.0
4.444  866.0  1023.0  65.0
4.465  866.0  1023.0  71.0
4.486  867.0  1023.0  71.0
4.486  867.0  1023.0  71.0
4.517  866.0  1023.0  103.0
4.538  866.0  1023.0  149.0
4.558  867.0  1023.0  207.0
4.579  866.0  1023.0  207.0
4.579  866.0  1023.0  242.0
4.6  865.0  1023.0  242.0
4.621  866.0  1023.0  250.0
4.641  866.0  1023.0  250.0
4.663  866.0  1023.0  252.0
4.663  866.0  1023.0  252.0
4.683  865.0  1023.0  240.0
4.704  866.0  1023.0  242.0
4.725  866.0  1023.0  242.0
4.725  866.0  1023.0  242.0
4.746  866.0  1023.0  263.0
4.766  865.0  1023.0  275.0
4.788  866.0  1023.0  284.0
4.808  866.0  1023.0  284.0
4.808  866.0  1023.0  284.0
4.829  866.0  1023.0  284.0
4.85  866.0  1023.0  283.0
4.871  866.0  1023.0  280.0
4.871  866.0  1023.0  280.0
4.891  866.0  1023.0  272.0
4.912  866.0  1023.0  256.0
4.933  865.0  1023.0  229.0
4.954  865.0  1023.0  229.0
4.954  865.0  1023.0  229.0
4.974  866.0  1023.0  209.0
4.996  864.0  1023.0  217.0
5.026  865.0  1023.0  261.0
5.047  864.0  1023.0  261.0
5.047  864.0  1023.0  261.0
5.068  866.0  1023.0  318.0
5.089  865.0  1023.0  403.0
5.109  865.0  1023.0  426.0
5.131  866.0  1023.0  426.0
5.131  866.0  1023.0  458.0
5.151  864.0  1023.0  458.0
5.172  866.0  1023.0  475.0
5.193  865.0  1023.0  502.0
5.193  865.0  1023.0  502.0
5.214  865.0  1023.0  486.0
5.234  865.0  1023.0  462.0
5.256  864.0  1023.0  428.0
5.276  864.0  1023.0  428.0
5.276  864.0  1023.0  428.0
5.297  865.0  1023.0  359.0
5.318  866.0  1023.0  292.0
5.339  865.0  1023.0  215.0
5.359  865.0  1023.0  215.0
5.359  865.0  1023.0  133.0
5.38  864.0  1023.0  133.0
5.401  865.0  1023.0  88.0
5.422  865.0  1023.0  62.0
5.422  865.0  1023.0  36.0
5.442  866.0  1023.0  36.0
5.464  866.0  1023.0  18.0
5.484  866.0  1023.0  17.0
5.516  865.0  1023.0  17.0
5.536  866.0  1023.0  19.0
5.536  866.0  1023.0  19.0
5.557  866.0  1023.0  19.0
5.577  867.0  1023.0  18.0
5.599  866.0  1023.0  18.0
5.599  866.0  1023.0  18.0
5.619  866.0  1023.0  18.0
5.64  866.0  1023.0  19.0
5.661  866.0  1023.0  18.0
5.682  866.0  1023.0  18.0
5.682  866.0  1023.0  18.0
5.702  866.0  1023.0  19.0
5.724  866.0  1023.0  19.0
5.744  866.0  1023.0  18.0
5.744  866.0  1023.0  18.0
5.765  866.0  1023.0  18.0
5.786  867.0  1023.0  18.0
5.807  866.0  1023.0  19.0
5.827  865.0  1023.0  19.0
5.827  865.0  1023.0  18.0
5.849  866.0  1023.0  18.0
5.869  866.0  1023.0  18.0
5.89  866.0  1023.0  19.0
5.91  866.0  1023.0  18.0
5.91  866.0  1023.0  18.0
5.932  866.0  1023.0  18.0
5.952  867.0  1023.0  18.0
5.972  866.0  1023.0  19.0
5.994  865.0  1023.0  19.0
5.994  865.0  1023.0  19.0
6.014  866.0  1023.0  18.0
6.035  866.0  1023.0  18.0
6.056  866.0  1023.0  18.0
6.077  866.0  1023.0  19.0
6.077  866.0  1023.0  19.0
6.097  867.0  1023.0  18.0
6.119  866.0  1023.0  18.0
6.139  866.0  1023.0  19.0
6.16  865.0  1023.0  19.0
6.16  865.0  1023.0  19.0
6.181  866.0  1023.0  19.0
6.202  865.0  1023.0  18.0
6.222  867.0  1023.0  19.0
6.243  866.0  1023.0  19.0
6.243  866.0  1023.0  19.0
6.275  865.0  1023.0  19.0
6.295  866.0  1023.0  18.0
6.317  866.0  1023.0  18.0
6.317  866.0  1023.0  19.0
6.337  867.0  1023.0  19.0
6.358  867.0  1023.0  18.0
6.378  866.0  1023.0  18.0
6.4  866.0  1023.0  18.0
6.4  866.0  1023.0  19.0
6.42  867.0  1023.0  19.0
6.44  865.0  1023.0  19.0
6.462  866.0  1023.0  18.0
6.482  866.0  1023.0  18.0
6.482  866.0  1023.0  18.0
6.503  866.0  1023.0  18.0
6.524  866.0  1023.0  19.0
6.545  866.0  1023.0  18.0
6.565  867.0  1023.0  18.0
6.565  867.0  1023.0  19.0
6.587  866.0  1023.0  19.0
6.607  865.0  1023.0  19.0
6.628  867.0  1023.0  18.0
6.628  867.0  1023.0  18.0
6.649  867.0  1023.0  19.0
6.67  865.0  1023.0  19.0
6.69  867.0  1023.0  19.0
6.711  866.0  1023.0  19.0
6.711  866.0  1023.0  18.0
6.732  866.0  1023.0  18.0
6.753  866.0  1023.0  18.0
6.773  865.0  1023.0  19.0
6.795  866.0  1023.0  18.0
6.795  866.0  1023.0  18.0
6.815  867.0  1023.0  18.0
6.847  866.0  1023.0  18.0
6.867  866.0  1023.0  19.0
6.888  866.0  1023.0  19.0
6.888  866.0  1023.0  19.0
6.898  867.0  1023.0  18.0
6.92  866.0  1023.0  19.0
6.94  867.0  1023.0  19.0
6.961  867.0  1023.0  19.0
6.961  867.0  1023.0  19.0
6.982  866.0  1023.0  18.0
7.013  866.0  1023.0  18.0
7.033  867.0  1023.0  19.0
7.033  867.0  1023.0  18.0
7.055  867.0  1023.0  18.0
7.075  866.0  1023.0  18.0
7.096  868.0  1023.0  18.0
7.117  866.0  1023.0  19.0
7.117  866.0  1023.0  19.0
7.138  866.0  1023.0  19.0
7.158  867.0  1023.0  18.0
7.18  866.0  1023.0  18.0
7.2  867.0  1023.0  18.0
7.2  867.0  1023.0  19.0
7.221  865.0  1023.0  19.0
7.241  866.0  1023.0  18.0
7.263  867.0  1023.0  18.0
7.263  867.0  1023.0  19.0
7.283  866.0  1023.0  19.0
7.315  866.0  1023.0  19.0
7.335  866.0  1023.0  19.0
7.356  866.0  1023.0  18.0
7.356  866.0  1023.0  19.0
7.366  866.0  1023.0  19.0
7.388  865.0  1023.0  19.0
7.408  866.0  1023.0  19.0
7.408  866.0  1023.0  18.0
7.439  866.0  1023.0  18.0
7.46  867.0  1023.0  18.0
7.481  866.0  1023.0  19.0
7.501  866.0  1023.0  18.0
7.501  866.0  1023.0  18.0
7.523  866.0  1023.0  18.0
7.543  867.0  1023.0  18.0
7.564  866.0  1023.0  19.0
