164.354  305.0  98.0  0.0
164.354  305.0  98.0  0.0
164.354  305.0  98.0  0.0
164.354  305.0  98.0  0.0
164.354  305.0  98.0  0.0
164.354  305.0  98.0  0.0
164.354  305.0  98.0  0.0
164.354  305.0  98.0  0.0
164.354  305.0  98.0  0.0
164.354  305.0  98.0  0.0
164.354  305.0  98.0  0.0
164.354  305.0  98.0  0.0
164.354  305.0  98.0  0.0
164.354  305.0  98.0  0.0
164.354  305.0  98.0  0.0
164.354  305.0  98.0  0.0
164.354  305.0  98.0  0.0
164.354  305.0  98.0  0.0
164.354  305.0  98.0  0.0
164.354  305.0  98.0  0.0
164.354  305.0  98.0  0.0
164.354  305.0  98.0  0.0
164.354  305.0  98.0  0.0
164.354  305.0  98.0  0.0
164.354  305.0  98.0  0.0
164.354  305.0  98.0  0.0
164.354  305.0  98.0  0.0
164.354  305.0  98.0  0.0
164.354  305.0  98.0  0.0
164.354  305.0  98.0  0.0
164.354  305.0  98.0  0.0
164.354  305.0  98.0  0.0
164.354  305.0  98.0  0.0
164.354  305.0  98.0  0.0
164.354  305.0  98.0  0.0
164.354  305.0  98.0  0.0
164.354  305.0  98.0  0.0
164.354  305.0  98.0  0.0
164.354  305.0  98.0  0.0
164.354  305.0  98.0  0.0
164.354  305.0  98.0  0.0
0.0  304.0  98.0  0.0
0.0020  305.0  98.0  0.0
0.0020  305.0  98.0  305.0
0.0030  305.0  98.0  305.0
0.0050  305.0  98.0  305.0
0.028  305.0  98.0  305.0
0.053  305.0  98.0  305.0
0.053  305.0  98.0  305.0
0.07  305.0  98.0  305.0
0.095  305.0  98.0  305.0
0.112  305.0  98.0  305.0
0.132  305.0  98.0  305.0
0.132  305.0  98.0  305.0
0.159  305.0  98.0  305.0
0.178  305.0  98.0  305.0
0.197  305.0  98.0  305.0
0.197  305.0  98.0  305.0
0.216  305.0  98.0  305.0
0.234  305.0  98.0  305.0
0.263  304.0  98.0  305.0
0.281  305.0  98.0  305.0
0.281  305.0  98.0  305.0
0.3  304.0  98.0  304.0
0.328  305.0  98.0  305.0
0.347  305.0  98.0  305.0
0.365  305.0  98.0  305.0
0.365  305.0  98.0  305.0
0.384  305.0  98.0  305.0
0.412  305.0  98.0  305.0
0.431  305.0  98.0  305.0
0.449  304.0  98.0  305.0
0.449  304.0  98.0  304.0
0.468  305.0  98.0  304.0
0.496  305.0  98.0  304.0
0.515  305.0  98.0  305.0
0.515  305.0  98.0  305.0
0.534  305.0  98.0  305.0
0.562  305.0  98.0  305.0
0.58  305.0  98.0  305.0
0.6  305.0  98.0  305.0
0.6  305.0  98.0  305.0
0.618  305.0  98.0  305.0
0.636  305.0  98.0  305.0
0.665  304.0  98.0  305.0
0.665  304.0  98.0  304.0
0.684  305.0  98.0  304.0
0.702  305.0  98.0  305.0
0.731  305.0  98.0  305.0
0.749  305.0  98.0  305.0
0.749  305.0  98.0  305.0
0.768  305.0  98.0  305.0
0.796  305.0  98.0  305.0
0.815  305.0  98.0  305.0
0.833  304.0  98.0  305.0
0.833  304.0  98.0  304.0
0.851  305.0  98.0  305.0
0.88  305.0  98.0  305.0
0.899  305.0  98.0  305.0
0.946  305.0  98.0  305.0
0.973  305.0  98.0  305.0
0.973  305.0  98.0  305.0
0.993  305.0  98.0  305.0
1.012  305.0  98.0  305.0
1.033  305.0  98.0  305.0
1.033  305.0  98.0  305.0
1.053  304.0  98.0  304.0
1.075  305.0  98.0  304.0
1.095  305.0  98.0  305.0
1.116  305.0  98.0  305.0
1.116  305.0  98.0  305.0
1.137  305.0  98.0  305.0
1.158  305.0  98.0  305.0
1.189  305.0  98.0  305.0
1.21  305.0  98.0  305.0
1.21  305.0  98.0  305.0
1.23  305.0  98.0  305.0
1.251  305.0  98.0  305.0
1.272  305.0  98.0  305.0
1.293  305.0  98.0  305.0
1.293  305.0  98.0  305.0
1.313  305.0  98.0  305.0
1.325  305.0  98.0  305.0
1.355  305.0  98.0  305.0
1.376  305.0  98.0  305.0
1.376  305.0  98.0  305.0
1.397  305.0  98.0  305.0
1.418  305.0  98.0  305.0
1.438  305.0  98.0  305.0
1.438  305.0  98.0  305.0
1.46  305.0  98.0  305.0
1.48  305.0  98.0  305.0
1.501  305.0  98.0  305.0
1.522  304.0  98.0  305.0
1.522  304.0  98.0  305.0
1.543  305.0  98.0  305.0
1.563  305.0  98.0  305.0
1.584  305.0  98.0  305.0
1.605  305.0  98.0  305.0
1.605  305.0  98.0  305.0
1.626  305.0  98.0  305.0
1.646  305.0  98.0  305.0
1.668  305.0  98.0  305.0
1.668  305.0  98.0  305.0
1.688  305.0  98.0  305.0
1.709  305.0  98.0  305.0
1.74  304.0  98.0  305.0
1.761  305.0  98.0  305.0
1.761  305.0  98.0  305.0
1.781  305.0  98.0  305.0
1.803  305.0  98.0  305.0
1.813  305.0  98.0  305.0
1.844  305.0  98.0  305.0
1.844  305.0  98.0  305.0
1.865  305.0  98.0  305.0
1.886  305.0  98.0  305.0
1.906  305.0  98.0  305.0
1.906  305.0  98.0  305.0
1.928  305.0  98.0  305.0
1.948  305.0  98.0  305.0
1.969  305.0  98.0  305.0
1.99  305.0  98.0  305.0
1.99  305.0  98.0  305.0
2.011  305.0  98.0  305.0
2.031  305.0  98.0  305.0
2.052  305.0  98.0  305.0
2.052  305.0  98.0  305.0
2.083  305.0  98.0  305.0
2.104  305.0  98.0  305.0
2.125  304.0  98.0  305.0
2.125  304.0  98.0  304.0
2.146  305.0  98.0  305.0
2.166  305.0  98.0  305.0
2.188  304.0  98.0  305.0
2.208  305.0  98.0  304.0
2.208  305.0  98.0  304.0
2.229  305.0  98.0  305.0
2.249  305.0  98.0  305.0
2.271  305.0  98.0  305.0
2.291  305.0  98.0  305.0
2.291  305.0  98.0  305.0
2.312  304.0  98.0  305.0
2.333  305.0  98.0  305.0
2.354  305.0  98.0  305.0
2.374  305.0  98.0  305.0
2.374  305.0  98.0  305.0
2.396  304.0  98.0  304.0
2.416  305.0  98.0  305.0
2.437  304.0  98.0  305.0
2.437  304.0  98.0  305.0
2.458  305.0  98.0  305.0
2.479  305.0  98.0  305.0
2.499  305.0  98.0  305.0
2.521  305.0  98.0  305.0
2.562  305.0  98.0  305.0
2.562  305.0  98.0  305.0
2.582  305.0  98.0  305.0
2.593  305.0  98.0  305.0
2.604  305.0  98.0  305.0
2.624  304.0  98.0  304.0
2.644  305.0  98.0  305.0
2.666  305.0  98.0  305.0
2.666  305.0  98.0  305.0
2.686  304.0  98.0  304.0
2.707  305.0  98.0  305.0
2.728  305.0  98.0  305.0
2.749  305.0  98.0  305.0
2.749  305.0  98.0  305.0
2.769  305.0  98.0  305.0
2.791  305.0  98.0  305.0
2.811  304.0  98.0  305.0
2.832  305.0  98.0  304.0
2.832  305.0  98.0  304.0
2.853  305.0  98.0  305.0
2.874  305.0  98.0  305.0
2.905  305.0  98.0  305.0
2.926  305.0  98.0  305.0
2.926  305.0  98.0  305.0
2.947  305.0  98.0  305.0
2.967  305.0  98.0  305.0
2.989  304.0  98.0  305.0
2.989  304.0  98.0  304.0
3.009  305.0  98.0  304.0
3.03  330.0  98.0  305.0
3.05  355.0  98.0  330.0
3.072  387.0  98.0  330.0
3.072  387.0  98.0  387.0
3.092  424.0  98.0  387.0
3.112  464.0  97.0  424.0
3.134  512.0  97.0  464.0
3.154  559.0  97.0  512.0
3.154  559.0  97.0  512.0
3.175  605.0  97.0  512.0
3.196  652.0  96.0  605.0
3.217  699.0  96.0  652.0
3.237  748.0  96.0  699.0
3.237  748.0  96.0  748.0
3.259  792.0  96.0  748.0
3.279  836.0  96.0  748.0
3.3  874.0  96.0  836.0
3.321  909.0  95.0  874.0
3.321  909.0  95.0  874.0
3.342  943.0  93.0  909.0
3.362  967.0  95.0  943.0
3.383  990.0  95.0  943.0
3.383  990.0  96.0  990.0
3.404  1005.0  96.0  990.0
3.427  1016.0  96.0  1005.0
3.449  1019.0  96.0  1016.0
3.473  1018.0  97.0  1019.0
3.473  1018.0  98.0  1018.0
3.495  1019.0  98.0  1018.0
3.507  1013.0  98.0  1018.0
3.53  990.0  97.0  1013.0
3.551  964.0  99.0  990.0
3.551  964.0  98.0  964.0
3.571  934.0  98.0  964.0
3.593  897.0  98.0  964.0
3.623  835.0  98.0  897.0
3.644  795.0  100.0  835.0
3.644  795.0  100.0  795.0
3.665  749.0  100.0  795.0
3.686  704.0  101.0  749.0
3.706  658.0  102.0  704.0
3.706  658.0  102.0  704.0
3.748  569.0  104.0  612.0
3.748  569.0  104.0  612.0
3.769  526.0  104.0  569.0
3.79  484.0  101.0  526.0
3.79  484.0  103.0  484.0
3.811  447.0  103.0  484.0
3.831  410.0  103.0  484.0
3.853  379.0  104.0  410.0
3.873  350.0  104.0  379.0
3.873  350.0  104.0  350.0
3.894  326.0  104.0  350.0
3.914  303.0  104.0  326.0
3.936  285.0  104.0  326.0
3.956  270.0  105.0  285.0
3.956  270.0  104.0  270.0
3.977  258.0  104.0  270.0
3.998  252.0  104.0  258.0
4.019  248.0  104.0  252.0
4.019  248.0  104.0  248.0
4.039  248.0  104.0  248.0
4.061  248.0  104.0  248.0
4.081  248.0  104.0  248.0
4.102  247.0  98.0  248.0
4.123  248.0  98.0  247.0
4.123  248.0  98.0  247.0
4.144  264.0  98.0  248.0
4.164  291.0  98.0  248.0
4.186  314.0  98.0  291.0
4.186  314.0  98.0  314.0
4.216  361.0  98.0  314.0
4.227  380.0  98.0  361.0
4.258  436.0  98.0  380.0
4.279  479.0  98.0  436.0
4.279  479.0  98.0  436.0
4.289  503.0  98.0  436.0
4.31  550.0  97.0  550.0
4.331  596.0  97.0  574.0
4.352  644.0  97.0  596.0
4.352  644.0  97.0  596.0
4.372  689.0  96.0  644.0
4.393  737.0  96.0  644.0
4.424  804.0  96.0  737.0
4.445  847.0  96.0  804.0
4.445  847.0  95.0  847.0
4.466  883.0  95.0  847.0
4.487  919.0  95.0  883.0
4.507  950.0  95.0  883.0
4.529  976.0  93.0  950.0
4.529  976.0  95.0  976.0
4.549  996.0  95.0  976.0
4.571  1010.0  96.0  996.0
4.594  1018.0  96.0  1010.0
4.594  1018.0  96.0  1010.0
4.617  1019.0  97.0  1019.0
4.628  1019.0  97.0  1019.0
4.652  1019.0  97.0  1019.0
4.674  1001.0  97.0  1019.0
4.674  1001.0  97.0  1001.0
4.696  975.0  97.0  1001.0
4.717  951.0  97.0  1001.0
4.738  918.0  98.0  951.0
4.758  879.0  98.0  918.0
4.758  879.0  100.0  879.0
4.779  837.0  100.0  879.0
4.8  793.0  100.0  837.0
4.82  749.0  100.0  837.0
4.82  749.0  100.0  749.0
4.841  702.0  101.0  702.0
4.862  657.0  101.0  702.0
4.893  591.0  101.0  657.0
4.914  551.0  100.0  591.0
4.914  551.0  103.0  551.0
4.935  506.0  103.0  551.0
4.956  468.0  103.0  551.0
4.976  431.0  102.0  468.0
4.998  395.0  104.0  431.0
4.998  395.0  103.0  395.0
5.018  365.0  104.0  365.0
5.039  338.0  104.0  365.0
5.06  313.0  104.0  365.0
5.06  313.0  104.0  313.0
5.081  293.0  104.0  293.0
5.101  276.0  104.0  276.0
5.123  262.0  104.0  276.0
5.143  253.0  103.0  262.0
5.143  253.0  103.0  262.0
5.164  249.0  103.0  249.0
5.185  248.0  102.0  248.0
5.206  248.0  102.0  248.0
5.206  248.0  103.0  248.0
5.226  248.0  99.0  248.0
5.246  247.0  99.0  248.0
5.268  247.0  99.0  248.0
5.299  268.0  98.0  247.0
5.299  268.0  98.0  268.0
5.32  293.0  98.0  293.0
5.341  317.0  98.0  317.0
5.361  349.0  98.0  317.0
5.383  383.0  98.0  317.0
5.383  383.0  98.0  383.0
5.403  421.0  97.0  421.0
5.424  460.0  98.0  460.0
5.444  505.0  98.0  460.0
5.444  505.0  97.0  505.0
5.466  551.0  96.0  551.0
5.486  599.0  96.0  551.0
5.507  649.0  96.0  649.0
5.528  695.0  96.0  649.0
5.528  695.0  96.0  695.0
5.549  744.0  96.0  744.0
5.569  789.0  96.0  789.0
5.591  832.0  96.0  789.0
5.611  872.0  96.0  789.0
5.611  872.0  96.0  872.0
5.632  907.0  95.0  907.0
5.653  942.0  93.0  942.0
5.673  967.0  93.0  942.0
5.694  991.0  95.0  967.0
5.694  991.0  95.0  967.0
5.715  1005.0  95.0  1005.0
5.738  1016.0  96.0  1016.0
5.761  1020.0  96.0  1020.0
5.761  1020.0  96.0  1020.0
5.784  1019.0  97.0  1019.0
5.795  1019.0  97.0  1019.0
5.818  1009.0  97.0  1009.0
5.839  986.0  97.0  986.0
5.839  986.0  97.0  986.0
5.871  945.0  98.0  945.0
5.892  912.0  98.0  912.0
5.912  872.0  98.0  912.0
5.934  830.0  100.0  830.0
5.934  830.0  100.0  830.0
5.954  788.0  100.0  788.0
5.975  743.0  100.0  743.0
5.996  698.0  101.0  698.0
5.996  698.0  101.0  698.0
6.017  651.0  101.0  698.0
6.037  605.0  103.0  605.0
6.059  563.0  103.0  563.0
6.079  521.0  103.0  521.0
6.079  521.0  103.0  521.0
6.099  482.0  103.0  482.0
6.121  445.0  103.0  482.0
6.141  408.0  103.0  408.0
6.162  375.0  104.0  375.0
6.162  375.0  104.0  375.0
6.183  345.0  104.0  345.0
6.204  321.0  104.0  334.0
6.224  297.0  104.0  309.0
6.245  280.0  104.0  309.0
6.245  280.0  104.0  309.0
6.266  264.0  104.0  280.0
6.287  255.0  104.0  264.0
6.307  250.0  104.0  255.0
6.307  250.0  104.0  255.0
6.329  249.0  103.0  250.0
6.349  249.0  103.0  250.0
6.37  249.0  103.0  249.0
6.402  249.0  102.0  249.0
6.412  248.0  98.0  249.0
6.412  248.0  98.0  249.0
6.432  250.0  98.0  248.0
6.454  272.0  98.0  248.0
6.474  297.0  98.0  272.0
6.474  297.0  98.0  297.0
6.495  321.0  98.0  297.0
6.516  354.0  98.0  321.0
6.537  388.0  98.0  354.0
6.557  428.0  97.0  388.0
6.557  428.0  97.0  388.0
6.578  469.0  97.0  388.0
6.609  540.0  96.0  469.0
6.63  586.0  96.0  540.0
6.651  636.0  96.0  586.0
6.651  636.0  96.0  586.0
6.672  685.0  96.0  586.0
6.692  734.0  96.0  685.0
6.714  779.0  96.0  734.0
6.734  825.0  96.0  779.0
6.734  825.0  96.0  825.0
6.755  865.0  96.0  825.0
6.775  901.0  95.0  865.0
6.797  936.0  95.0  865.0
6.817  962.0  93.0  936.0
6.817  962.0  93.0  936.0
6.838  986.0  95.0  962.0
6.859  1002.0  94.0  986.0
6.882  1015.0  95.0  1002.0
6.882  1015.0  95.0  1002.0
6.904  1018.0  95.0  1002.0
6.917  1019.0  96.0  1018.0
6.939  1019.0  97.0  1019.0
6.962  1016.0  97.0  1019.0
6.962  1016.0  97.0  1016.0
6.985  991.0  97.0  1016.0
7.006  966.0  98.0  991.0
7.026  938.0  98.0  991.0
7.048  902.0  98.0  938.0
7.048  902.0  98.0  938.0
7.068  860.0  99.0  902.0
7.089  819.0  100.0  860.0
7.109  775.0  100.0  819.0
7.12  754.0  100.0  819.0
7.131  727.0  100.0  819.0
7.161  660.0  102.0  727.0
7.172  635.0  103.0  660.0
7.193  591.0  103.0  635.0
7.214  550.0  104.0  591.0
7.214  550.0  104.0  591.0
7.234  506.0  104.0  591.0
7.256  468.0  104.0  506.0
7.286  411.0  104.0  468.0
7.286  411.0  104.0  411.0
7.307  380.0  104.0  411.0
7.328  352.0  104.0  380.0
7.349  326.0  104.0  380.0
7.349  326.0  104.0  326.0
7.369  302.0  104.0  302.0
7.391  283.0  104.0  302.0
7.411  268.0  104.0  283.0
7.432  257.0  104.0  268.0
7.432  257.0  104.0  257.0
7.453  251.0  104.0  257.0
7.474  248.0  104.0  257.0
7.494  248.0  104.0  248.0
7.516  248.0  104.0  248.0
7.516  248.0  102.0  248.0
7.536  247.0  102.0  248.0
7.557  247.0  99.0  247.0
7.578  247.0  99.0  247.0
7.599  266.0  98.0  247.0
7.599  266.0  98.0  266.0
7.619  293.0  98.0  266.0
7.64  317.0  98.0  293.0
7.661  350.0  98.0  350.0
7.671  364.0  98.0  350.0
7.682  385.0  98.0  385.0
7.702  423.0  98.0  423.0
7.724  464.0  98.0  423.0
7.744  510.0  97.0  464.0
7.764  555.0  97.0  510.0
7.775  579.0  97.0  510.0
7.796  631.0  97.0  579.0
7.817  680.0  97.0  579.0
7.837  726.0  96.0  680.0
7.837  726.0  96.0  680.0
7.859  773.0  96.0  726.0
7.879  814.0  96.0  773.0
7.9  857.0  95.0  814.0
7.921  892.0  94.0  857.0
7.921  892.0  94.0  857.0
7.942  925.0  94.0  857.0
7.952  943.0  93.0  925.0
7.984  981.0  94.0  954.0
7.994  991.0  94.0  991.0
7.994  991.0  94.0  991.0
8.026  1009.0  94.0  991.0
8.037  1016.0  95.0  1009.0
8.06  1019.0  96.0  1016.0
8.083  1018.0  98.0  1019.0
8.083  1018.0  98.0  1019.0
8.105  1015.0  97.0  1018.0
8.129  994.0  98.0  1015.0
8.15  971.0  98.0  1015.0
8.17  947.0  98.0  971.0
8.17  947.0  98.0  971.0
8.192  911.0  98.0  947.0
8.212  872.0  100.0  911.0
8.222  849.0  100.0  872.0
8.232  828.0  100.0  872.0
8.254  786.0  100.0  872.0
8.274  741.0  100.0  786.0
8.295  694.0  100.0  741.0
8.327  624.0  101.0  694.0
8.327  624.0  102.0  624.0
8.347  581.0  102.0  624.0
8.368  540.0  102.0  624.0
8.389  498.0  103.0  540.0
8.389  498.0  103.0  498.0
8.41  459.0  103.0  459.0
8.43  421.0  103.0  459.0
8.452  389.0  103.0  421.0
8.472  357.0  103.0  421.0
8.472  357.0  103.0  357.0
8.493  331.0  103.0  357.0
8.514  307.0  104.0  331.0
8.535  288.0  104.0  307.0
8.555  271.0  104.0  288.0
8.555  271.0  104.0  288.0
8.577  260.0  104.0  288.0
8.597  252.0  104.0  260.0
8.617  249.0  104.0  252.0
8.617  249.0  103.0  249.0
8.638  248.0  103.0  248.0
8.659  248.0  103.0  248.0
8.68  247.0  103.0  248.0
8.7  247.0  103.0  248.0
8.7  247.0  98.0  247.0
8.722  247.0  98.0  247.0
8.742  263.0  98.0  247.0
8.763  290.0  98.0  263.0
8.795  327.0  98.0  290.0
8.795  327.0  98.0  327.0
8.815  360.0  98.0  327.0
8.836  397.0  98.0  327.0
8.857  435.0  98.0  397.0
8.857  435.0  97.0  435.0
8.878  479.0  97.0  479.0
8.898  525.0  97.0  479.0
8.92  570.0  97.0  479.0
8.92  570.0  97.0  570.0
8.94  620.0  96.0  620.0
8.961  671.0  96.0  671.0
8.982  718.0  96.0  671.0
9.003  764.0  96.0  718.0
9.023  807.0  96.0  764.0
9.023  807.0  96.0  764.0
9.044  851.0  96.0  851.0
9.065  887.0  96.0  851.0
9.085  922.0  93.0  887.0
9.085  922.0  93.0  922.0
9.106  952.0  95.0  952.0
9.127  979.0  95.0  952.0
9.148  998.0  95.0  952.0
9.148  998.0  94.0  998.0
9.169  1011.0  96.0  1011.0
9.193  1018.0  96.0  1018.0
9.216  1019.0  96.0  1018.0
9.238  1018.0  96.0  1018.0
9.238  1018.0  98.0  1018.0
9.262  1008.0  97.0  1008.0
9.283  983.0  98.0  983.0
9.304  960.0  97.0  960.0
9.304  960.0  97.0  960.0
9.325  931.0  98.0  931.0
9.346  892.0  98.0  931.0
9.366  852.0  122.0  852.0
9.388  808.0  124.0  830.0
9.388  808.0  124.0  830.0
9.408  766.0  137.0  808.0
9.428  720.0  123.0  766.0
9.45  674.0  123.0  766.0
9.481  604.0  169.0  674.0
9.481  604.0  169.0  674.0
9.501  563.0  219.0  604.0
9.523  524.0  222.0  563.0
9.543  482.0  222.0  563.0
9.543  482.0  157.0  482.0
9.564  443.0  157.0  482.0
9.585  405.0  165.0  443.0
9.606  373.0  105.0  405.0
9.626  343.0  138.0  373.0
9.626  343.0  138.0  373.0
9.648  319.0  138.0  373.0
9.668  296.0  178.0  319.0
9.689  279.0  212.0  296.0
9.689  279.0  269.0  279.0
9.71  264.0  353.0  264.0
9.731  255.0  353.0  264.0
9.751  249.0  353.0  264.0
9.772  248.0  464.0  249.0
9.772  248.0  660.0  248.0
9.793  247.0  875.0  247.0
9.814  248.0  875.0  247.0
9.834  248.0  875.0  247.0
9.856  248.0  1023.0  248.0
9.856  248.0  1023.0  248.0
9.876  253.0  1023.0  253.0
9.896  279.0  1023.0  253.0
9.918  299.0  1023.0  279.0
9.938  325.0  1023.0  279.0
9.938  325.0  1023.0  325.0
9.959  356.0  1023.0  325.0
9.98  390.0  1023.0  356.0
10.001  432.0  1023.0  390.0
10.001  432.0  1023.0  432.0
10.023  481.0  1023.0  432.0
10.047  534.0  1023.0  432.0
10.07  585.0  1023.0  534.0
10.092  641.0  1023.0  585.0
10.092  641.0  1023.0  641.0
10.103  669.0  1023.0  669.0
10.127  721.0  1023.0  669.0
10.149  772.0  1023.0  669.0
10.172  821.0  1023.0  772.0
10.172  821.0  1023.0  821.0
10.195  866.0  1023.0  866.0
10.218  905.0  1023.0  866.0
10.229  924.0  850.0  905.0
10.253  955.0  631.0  924.0
10.253  955.0  631.0  924.0
10.275  984.0  545.0  984.0
10.298  1001.0  545.0  984.0
10.311  1009.0  444.0  1001.0
10.336  1018.0  413.0  1009.0
10.336  1018.0  375.0  1018.0
10.36  1019.0  375.0  1018.0
10.386  1019.0  375.0  1018.0
10.398  1015.0  321.0  1019.0
10.423  992.0  372.0  1015.0
10.423  992.0  342.0  992.0
10.446  966.0  342.0  992.0
10.469  933.0  353.0  966.0
10.491  892.0  353.0  966.0
10.515  846.0  354.0  892.0
10.515  846.0  338.0  846.0
10.526  822.0  361.0  822.0
10.549  775.0  361.0  822.0
10.571  722.0  403.0  775.0
10.571  722.0  403.0  775.0
10.595  674.0  384.0  674.0
10.617  621.0  382.0  621.0
10.641  575.0  382.0  621.0
10.663  528.0  365.0  575.0
10.663  528.0  396.0  528.0
10.675  506.0  396.0  528.0
10.697  463.0  362.0  463.0
10.721  422.0  362.0  463.0
10.743  385.0  337.0  422.0
10.743  385.0  315.0  385.0
10.766  350.0  323.0  350.0
10.789  321.0  323.0  350.0
10.801  309.0  323.0  350.0
10.801  309.0  332.0  309.0
10.834  279.0  431.0  279.0
10.847  270.0  379.0  270.0
10.869  256.0  379.0  270.0
10.892  251.0  322.0  256.0
10.892  251.0  322.0  256.0
10.915  248.0  309.0  248.0
10.938  248.0  313.0  248.0
10.96  248.0  313.0  248.0
10.96  248.0  351.0  248.0
10.984  247.0  254.0  247.0
10.995  247.0  248.0  247.0
11.018  249.0  248.0  247.0
11.041  275.0  248.0  247.0
11.041  275.0  245.0  275.0
11.064  300.0  280.0  300.0
11.086  331.0  287.0  331.0
11.11  366.0  287.0  331.0
11.11  366.0  343.0  366.0
11.132  406.0  343.0  366.0
11.155  451.0  316.0  451.0
11.166  476.0  320.0  476.0
11.19  526.0  320.0  476.0
11.19  526.0  317.0  526.0
11.212  580.0  317.0  526.0
11.235  639.0  302.0  639.0
11.258  691.0  239.0  691.0
11.258  691.0  239.0  691.0
11.281  743.0  237.0  743.0
11.303  791.0  237.0  791.0
11.327  839.0  230.0  839.0
11.338  860.0  230.0  839.0
11.338  860.0  230.0  839.0
11.361  899.0  227.0  899.0
11.384  936.0  216.0  936.0
11.407  965.0  216.0  936.0
11.407  965.0  267.0  965.0
11.429  992.0  241.0  992.0
11.453  1006.0  241.0  992.0
11.465  1013.0  234.0  1013.0
11.49  1017.0  234.0  1013.0
11.49  1017.0  237.0  1017.0
11.515  1018.0  298.0  1018.0
11.528  1018.0  275.0  1018.0
11.552  1007.0  261.0  1007.0
11.577  981.0  261.0  1007.0
11.577  981.0  261.0  1007.0
11.599  956.0  260.0  956.0
11.622  918.0  288.0  918.0
11.645  876.0  288.0  918.0
11.645  876.0  303.0  876.0
11.668  829.0  342.0  829.0
11.679  806.0  342.0  829.0
11.702  755.0  342.0  829.0
11.725  703.0  345.0  755.0
11.725  703.0  343.0  703.0
11.748  655.0  352.0  655.0
11.771  604.0  367.0  604.0
11.794  558.0  367.0  604.0
11.794  558.0  367.0  604.0
11.816  511.0  382.0  511.0
11.828  489.0  407.0  489.0
11.863  426.0  395.0  426.0
11.874  406.0  395.0  426.0
11.874  406.0  392.0  406.0
11.896  372.0  392.0  406.0
11.92  340.0  390.0  340.0
11.942  314.0  390.0  340.0
11.954  300.0  392.0  314.0
11.954  300.0  404.0  300.0
11.988  273.0  396.0  273.0
12.0  264.0  396.0  273.0
12.022  255.0  396.0  273.0
12.022  255.0  352.0  255.0
12.046  249.0  348.0  249.0
12.068  249.0  370.0  249.0
12.091  249.0  370.0  249.0
12.114  249.0  370.0  249.0
12.114  249.0  370.0  249.0
12.137  248.0  360.0  248.0
12.148  248.0  322.0  248.0
12.183  272.0  322.0  248.0
12.183  272.0  320.0  272.0
12.194  287.0  326.0  287.0
12.217  311.0  326.0  287.0
12.24  345.0  283.0  345.0
12.263  382.0  269.0  382.0
12.274  403.0  269.0  382.0
12.274  403.0  277.0  403.0
12.309  469.0  254.0  469.0
12.32  495.0  254.0  469.0
12.343  548.0  233.0  548.0
12.343  548.0  233.0  548.0
12.365  603.0  221.0  603.0
12.389  657.0  210.0  657.0
12.411  709.0  259.0  709.0
12.423  733.0  259.0  709.0
12.423  733.0  259.0  709.0
12.446  782.0  237.0  782.0
12.469  829.0  189.0  829.0
12.491  873.0  216.0  873.0
12.515  911.0  216.0  873.0
12.515  911.0  176.0  911.0
12.537  946.0  176.0  911.0
12.56  975.0  180.0  975.0
12.572  990.0  192.0  990.0
12.595  1004.0  192.0  990.0
12.595  1004.0  187.0  1004.0
12.619  1017.0  197.0  1017.0
12.645  1018.0  197.0  1017.0
12.657  1019.0  197.0  1017.0
12.682  1017.0  214.0  1019.0
12.682  1017.0  243.0  1017.0
12.707  1001.0  245.0  1001.0
12.72  987.0  254.0  987.0
12.742  958.0  254.0  987.0
12.742  958.0  254.0  987.0
12.765  922.0  262.0  922.0
12.788  880.0  265.0  880.0
12.811  833.0  274.0  833.0
12.811  833.0  274.0  833.0
12.833  787.0  273.0  787.0
12.857  736.0  273.0  787.0
12.879  686.0  279.0  736.0
12.891  661.0  283.0  686.0
12.891  661.0  283.0  686.0
12.914  611.0  290.0  661.0
12.937  567.0  288.0  611.0
12.959  519.0  288.0  611.0
12.983  475.0  300.0  519.0
12.983  475.0  300.0  519.0
13.005  432.0  288.0  475.0
13.028  393.0  311.0  432.0
13.04  374.0  309.0  393.0
13.063  343.0  309.0  393.0
13.063  343.0  309.0  393.0
13.085  315.0  320.0  343.0
13.109  292.0  322.0  315.0
13.131  274.0  322.0  292.0
13.143  267.0  305.0  274.0
13.143  267.0  305.0  274.0
13.165  256.0  305.0  274.0
13.189  250.0  300.0  256.0
13.211  249.0  301.0  250.0
13.234  248.0  302.0  249.0
13.234  248.0  302.0  249.0
13.257  248.0  293.0  248.0
13.28  247.0  279.0  248.0
13.303  247.0  279.0  248.0
13.303  247.0  279.0  248.0
13.315  255.0  268.0  247.0
13.337  285.0  265.0  255.0
13.36  310.0  256.0  285.0
13.383  342.0  253.0  310.0
13.383  342.0  253.0  310.0
13.406  379.0  253.0  310.0
13.428  420.0  259.0  379.0
13.452  466.0  252.0  420.0
13.463  490.0  247.0  466.0
13.463  490.0  247.0  466.0
13.486  541.0  241.0  490.0
13.509  596.0  241.0  490.0
13.532  651.0  234.0  596.0
13.554  702.0  241.0  651.0
13.554  702.0  241.0  651.0
13.578  755.0  235.0  702.0
13.589  779.0  209.0  755.0
13.612  828.0  209.0  755.0
13.612  828.0  209.0  755.0
13.635  871.0  193.0  828.0
13.658  912.0  195.0  871.0
13.68  946.0  183.0  912.0
13.691  960.0  182.0  946.0
13.691  960.0  182.0  946.0
13.715  987.0  182.0  946.0
13.737  1004.0  179.0  987.0
13.762  1016.0  180.0  1004.0
13.788  1018.0  191.0  1016.0
13.788  1018.0  191.0  1016.0
13.8  1019.0  217.0  1018.0
13.825  1017.0  217.0  1018.0
13.85  997.0  214.0  1017.0
13.861  986.0  225.0  997.0
13.861  986.0  225.0  997.0
13.884  960.0  228.0  986.0
13.907  925.0  236.0  960.0
13.93  884.0  236.0  960.0
13.953  838.0  237.0  884.0
13.953  838.0  237.0  884.0
13.976  792.0  245.0  838.0
13.987  768.0  252.0  792.0
14.01  716.0  258.0  768.0
14.032  667.0  258.0  768.0
14.032  667.0  258.0  768.0
14.056  615.0  264.0  667.0
14.078  569.0  268.0  615.0
14.102  520.0  272.0  569.0
14.125  476.0  273.0  520.0
14.125  476.0  273.0  520.0
14.136  456.0  273.0  520.0
14.171  393.0  273.0  456.0
14.182  376.0  276.0  393.0
14.182  376.0  276.0  393.0
14.204  344.0  280.0  344.0
14.227  317.0  281.0  317.0
14.251  293.0  280.0  293.0
14.251  293.0  280.0  293.0
14.273  275.0  280.0  293.0
14.296  260.0  279.0  260.0
14.308  256.0  280.0  256.0
14.33  250.0  280.0  253.0
14.33  250.0  280.0  253.0
14.353  248.0  279.0  248.0
14.376  249.0  279.0  248.0
14.399  249.0  279.0  249.0
14.41  248.0  245.0  249.0
14.41  248.0  245.0  249.0
14.445  247.0  240.0  248.0
14.456  254.0  243.0  247.0
14.49  293.0  243.0  247.0
14.49  293.0  243.0  247.0
14.502  306.0  239.0  293.0
14.525  339.0  238.0  306.0
14.547  374.0  236.0  339.0
14.571  416.0  228.0  374.0
14.571  416.0  228.0  374.0
14.594  464.0  227.0  416.0
14.616  515.0  227.0  416.0
14.627  542.0  222.0  515.0
14.651  596.0  210.0  542.0
14.651  596.0  210.0  542.0
14.673  652.0  206.0  596.0
14.696  705.0  206.0  596.0
14.72  757.0  200.0  705.0
14.72  757.0  191.0  757.0
14.742  804.0  191.0  757.0
14.765  852.0  189.0  804.0
14.777  873.0  186.0  852.0
14.799  910.0  179.0  873.0
14.799  910.0  179.0  873.0
14.822  946.0  179.0  873.0
14.845  974.0  157.0  946.0
14.868  998.0  149.0  974.0
14.879  1003.0  155.0  998.0
14.879  1003.0  155.0  998.0
14.905  1016.0  155.0  998.0
14.917  1019.0  155.0  1016.0
14.942  1019.0  190.0  1019.0
14.967  1017.0  202.0  1019.0
14.967  1017.0  220.0  1017.0
14.992  1003.0  220.0  1017.0
15.015  977.0  220.0  1017.0
15.027  963.0  222.0  977.0
15.05  926.0  228.0  963.0
15.05  926.0  248.0  926.0
15.073  884.0  248.0  926.0
15.095  835.0  257.0  884.0
15.119  790.0  257.0  884.0
15.141  739.0  256.0  790.0
15.141  739.0  268.0  739.0
15.153  715.0  268.0  739.0
15.187  638.0  280.0  715.0
15.199  614.0  282.0  638.0
15.199  614.0  282.0  638.0
15.221  567.0  287.0  567.0
15.245  518.0  287.0  567.0
15.267  475.0  282.0  518.0
15.267  475.0  280.0  475.0
15.29  432.0  295.0  432.0
15.313  392.0  295.0  432.0
15.336  358.0  295.0  432.0
15.347  341.0  292.0  358.0
15.347  341.0  289.0  341.0
15.382  304.0  294.0  304.0
15.393  293.0  294.0  304.0
15.416  275.0  297.0  293.0
15.439  260.0  297.0  293.0
15.439  260.0  292.0  260.0
15.462  253.0  288.0  253.0
15.473  250.0  288.0  253.0
15.496  249.0  286.0  250.0
15.519  249.0  284.0  249.0
15.519  249.0  284.0  249.0
15.542  248.0  282.0  248.0
15.565  248.0  282.0  248.0
15.588  247.0  255.0  248.0
15.61  268.0  244.0  247.0
15.61  268.0  244.0  268.0
15.622  284.0  243.0  284.0
15.645  308.0  243.0  284.0
15.668  341.0  243.0  284.0
15.668  341.0  243.0  341.0
15.69  379.0  243.0  379.0
15.714  421.0  243.0  379.0
15.736  469.0  241.0  421.0
15.759  523.0  238.0  469.0
15.759  523.0  238.0  469.0
15.771  546.0  227.0  546.0
15.794  600.0  227.0  546.0
15.816  653.0  217.0  600.0
15.84  707.0  211.0  653.0
15.84  707.0  211.0  653.0
15.862  757.0  189.0  757.0
15.885  803.0  189.0  757.0
15.896  828.0  179.0  803.0
15.92  872.0  181.0  828.0
15.92  872.0  183.0  872.0
15.942  912.0  176.0  912.0
15.966  946.0  176.0  912.0
15.988  975.0  176.0  912.0
16.011  998.0  182.0  975.0
16.011  998.0  189.0  998.0
16.022  1005.0  192.0  1005.0
16.048  1014.0  192.0  1005.0
16.072  1018.0  192.0  1005.0
16.072  1018.0  207.0  1018.0
16.084  1019.0  232.0  1019.0
16.11  1017.0  232.0  1019.0
16.135  1001.0  229.0  1017.0
16.158  973.0  242.0  1001.0
16.158  973.0  242.0  1001.0
16.182  941.0  235.0  941.0
16.193  924.0  235.0  941.0
16.216  881.0  243.0  924.0
16.239  833.0  250.0  881.0
16.239  833.0  258.0  833.0
16.262  786.0  271.0  786.0
16.284  736.0  271.0  786.0
16.295  710.0  271.0  786.0
16.319  661.0  275.0  710.0
16.319  661.0  282.0  661.0
16.342  610.0  277.0  610.0
16.365  564.0  277.0  610.0
16.388  516.0  277.0  610.0
16.41  472.0  275.0  516.0
16.41  472.0  283.0  472.0
16.434  429.0  284.0  429.0
16.445  410.0  284.0  429.0
16.467  374.0  285.0  410.0
16.49  341.0  288.0  374.0
16.49  341.0  288.0  374.0
16.514  315.0  296.0  315.0
16.536  293.0  296.0  315.0
16.559  274.0  302.0  293.0
16.571  266.0  304.0  274.0
16.571  266.0  304.0  274.0
16.593  256.0  299.0  256.0
16.616  250.0  299.0  256.0
16.64  248.0  289.0  250.0
16.64  248.0  288.0  248.0
16.662  248.0  287.0  248.0
16.685  248.0  258.0  248.0
16.708  247.0  258.0  248.0
16.719  247.0  258.0  248.0
16.719  247.0  259.0  247.0
16.753  273.0  253.0  273.0
16.765  286.0  253.0  273.0
16.788  310.0  245.0  286.0
16.811  344.0  245.0  310.0
16.811  344.0  245.0  310.0
16.834  379.0  244.0  379.0
16.845  400.0  244.0  379.0
16.879  470.0  243.0  400.0
16.879  470.0  237.0  470.0
16.89  496.0  226.0  496.0
16.914  549.0  226.0  496.0
16.936  600.0  226.0  496.0
16.959  654.0  214.0  600.0
16.959  654.0  210.0  654.0
16.983  707.0  208.0  707.0
16.994  733.0  197.0  733.0
17.016  781.0  197.0  733.0
17.04  829.0  197.0  733.0
17.04  829.0  198.0  829.0
17.062  875.0  194.0  875.0
17.085  915.0  194.0  915.0
17.108  949.0  194.0  915.0
17.131  979.0  191.0  949.0
17.131  979.0  191.0  949.0
17.142  991.0  184.0  991.0
17.167  1007.0  184.0  991.0
17.191  1018.0  184.0  1007.0
17.191  1018.0  185.0  1018.0
17.216  1019.0  206.0  1019.0
17.229  1020.0  206.0  1019.0
17.254  1015.0  223.0  1015.0
17.278  992.0  223.0  1015.0
17.278  992.0  224.0  992.0
17.29  978.0  226.0  978.0
17.313  951.0  230.0  951.0
17.336  918.0  230.0  951.0
17.358  875.0  230.0  951.0
17.358  875.0  236.0  875.0
17.382  827.0  249.0  827.0
17.404  782.0  266.0  782.0
17.416  757.0  266.0  782.0
17.439  707.0  267.0  757.0
17.439  707.0  267.0  757.0
17.462  656.0  279.0  656.0
17.484  606.0  278.0  606.0
17.508  560.0  278.0  606.0
17.519  537.0  282.0  560.0
17.553  466.0  274.0  537.0
17.565  447.0  274.0  537.0
17.565  447.0  292.0  447.0
17.588  407.0  292.0  447.0
17.61  372.0  280.0  407.0
17.61  372.0  282.0  372.0
17.634  340.0  280.0  340.0
17.656  313.0  280.0  340.0
17.668  300.0  280.0  340.0
17.69  281.0  294.0  300.0
17.69  281.0  294.0  281.0
17.714  265.0  292.0  265.0
17.736  254.0  292.0  265.0
17.759  249.0  284.0  254.0
17.782  248.0  284.0  254.0
17.782  248.0  278.0  248.0
17.794  249.0  278.0  249.0
17.816  248.0  278.0  249.0
17.84  248.0  272.0  248.0
17.862  247.0  256.0  248.0
17.862  247.0  248.0  247.0
17.885  259.0  248.0  247.0
17.908  284.0  248.0  247.0
17.931  310.0  244.0  284.0
17.931  310.0  242.0  310.0
17.942  324.0  243.0  324.0
17.966  360.0  243.0  324.0
17.988  400.0  243.0  324.0
18.011  444.0  234.0  400.0
18.011  444.0  234.0  444.0
18.034  496.0  230.0  496.0
18.057  548.0  220.0  548.0
18.079  601.0  220.0  548.0
18.091  628.0  220.0  548.0
18.091  628.0  219.0  628.0
18.114  680.0  218.0  680.0
18.137  733.0  220.0  733.0
18.159  783.0  220.0  733.0
18.183  831.0  220.0  733.0
18.183  831.0  214.0  831.0
18.194  857.0  210.0  857.0
18.216  897.0  203.0  897.0
18.24  935.0  203.0  897.0
18.263  966.0  196.0  935.0
18.263  966.0  196.0  935.0
18.285  992.0  197.0  992.0
18.31  1008.0  199.0  1008.0
18.322  1015.0  199.0  1008.0
18.322  1015.0  207.0  1015.0
18.347  1018.0  220.0  1018.0
18.372  1019.0  236.0  1019.0
18.384  1020.0  236.0  1019.0
18.409  1008.0  236.0  1019.0
18.409  1008.0  230.0  1008.0
18.434  984.0  231.0  984.0
18.456  954.0  235.0  954.0
18.479  918.0  235.0  954.0
18.479  918.0  235.0  954.0
18.502  874.0  237.0  874.0
18.513  850.0  257.0  850.0
18.536  805.0  271.0  805.0
18.558  756.0  271.0  756.0
18.558  756.0  271.0  756.0
18.582  704.0  271.0  756.0
18.605  654.0  273.0  654.0
18.628  604.0  282.0  604.0
18.651  558.0  276.0  558.0
18.651  558.0  276.0  558.0
18.662  531.0  292.0  531.0
18.684  483.0  292.0  531.0
18.708  441.0  286.0  441.0
18.731  402.0  288.0  402.0
18.731  402.0  288.0  402.0
18.753  368.0  293.0  368.0
18.777  337.0  293.0  337.0
18.788  325.0  293.0  337.0
18.81  300.0  299.0  325.0
18.81  300.0  299.0  325.0
18.834  281.0  300.0  300.0
18.856  265.0  298.0  281.0
18.879  254.0  291.0  265.0
18.903  249.0  291.0  265.0
18.903  249.0  291.0  265.0
18.925  248.0  287.0  249.0
18.936  248.0  288.0  248.0
18.96  248.0  286.0  248.0
18.982  248.0  255.0  248.0
18.982  248.0  255.0  248.0
19.005  248.0  255.0  248.0
19.028  259.0  253.0  248.0
19.04  274.0  252.0  259.0
19.062  297.0  252.0  274.0
19.062  297.0  252.0  274.0
19.085  328.0  256.0  297.0
19.108  364.0  256.0  297.0
19.131  406.0  251.0  364.0
19.153  453.0  243.0  406.0
19.153  453.0  243.0  406.0
19.166  480.0  244.0  453.0
19.188  531.0  241.0  480.0
19.211  583.0  241.0  480.0
19.211  583.0  241.0  480.0
19.234  639.0  235.0  583.0
19.257  691.0  236.0  639.0
19.279  743.0  234.0  691.0
19.279  743.0  227.0  743.0
19.303  792.0  227.0  743.0
19.325  841.0  227.0  743.0
19.348  883.0  225.0  841.0
19.36  901.0  217.0  883.0
19.36  901.0  216.0  901.0
19.383  939.0  216.0  901.0
19.405  969.0  222.0  939.0
19.429  995.0  222.0  939.0
19.452  1009.0  224.0  995.0
19.452  1009.0  222.0  1009.0
19.465  1016.0  222.0  1009.0
19.489  1020.0  230.0  1016.0
19.515  1018.0  240.0  1020.0
19.527  1019.0  240.0  1020.0
19.527  1019.0  249.0  1019.0
19.552  1002.0  249.0  1019.0
19.576  973.0  252.0  1002.0
19.599  944.0  248.0  973.0
19.599  944.0  247.0  944.0
19.621  910.0  247.0  944.0
19.634  887.0  247.0  944.0
19.656  840.0  256.0  887.0
19.679  794.0  274.0  840.0
19.679  794.0  280.0  794.0
19.702  743.0  280.0  794.0
19.725  692.0  280.0  794.0
19.736  667.0  284.0  692.0
19.771  594.0  293.0  667.0
19.771  594.0  293.0  594.0
19.782  571.0  296.0  571.0
19.805  521.0  296.0  571.0
19.828  477.0  289.0  521.0
19.851  434.0  289.0  521.0
19.851  434.0  289.0  434.0
19.873  398.0  289.0  398.0
19.897  363.0  289.0  398.0
19.919  335.0  295.0  363.0
19.931  322.0  293.0  335.0
19.931  322.0  293.0  335.0
19.953  298.0  292.0  298.0
19.977  279.0  292.0  298.0
19.999  264.0  291.0  279.0
20.022  255.0  289.0  264.0
20.022  255.0  289.0  264.0
20.045  250.0  289.0  264.0
20.057  249.0  288.0  250.0
20.079  249.0  288.0  249.0
20.079  249.0  290.0  249.0
20.125  249.0  282.0  249.0
