323.496  539.0  576.0  17.0
323.496  539.0  576.0  17.0
323.496  539.0  576.0  17.0
323.496  539.0  576.0  17.0
323.496  539.0  576.0  17.0
323.496  539.0  576.0  17.0
323.496  539.0  576.0  17.0
323.496  539.0  576.0  17.0
323.496  539.0  576.0  17.0
323.496  539.0  576.0  17.0
323.496  539.0  576.0  17.0
323.496  539.0  576.0  17.0
323.496  539.0  576.0  17.0
323.496  539.0  576.0  17.0
323.496  539.0  576.0  17.0
323.496  539.0  576.0  17.0
323.496  539.0  576.0  17.0
323.496  539.0  576.0  17.0
323.496  539.0  576.0  17.0
323.496  539.0  576.0  17.0
323.496  539.0  576.0  17.0
323.496  539.0  576.0  17.0
323.496  539.0  576.0  17.0
323.496  539.0  576.0  17.0
323.496  539.0  576.0  17.0
323.496  539.0  576.0  17.0
323.496  539.0  576.0  17.0
323.496  539.0  576.0  17.0
323.496  539.0  576.0  17.0
323.496  539.0  576.0  17.0
323.496  539.0  576.0  17.0
323.496  539.0  576.0  17.0
323.496  539.0  576.0  17.0
323.496  539.0  576.0  17.0
323.496  539.0  576.0  17.0
323.496  539.0  576.0  17.0
323.496  539.0  576.0  17.0
323.496  539.0  576.0  17.0
323.496  539.0  576.0  17.0
323.496  539.0  576.0  17.0
323.496  539.0  576.0  17.0
323.496  539.0  576.0  17.0
0.0  539.0  576.0  17.0
0.0  539.0  576.0  17.0
0.0010  539.0  576.0  577.0
0.0020  539.0  576.0  577.0
0.0050  539.0  577.0  19.0
0.02  539.0  577.0  19.0
0.02  539.0  577.0  22.0
0.045  539.0  577.0  22.0
0.07  539.0  576.0  19.0
0.087  538.0  576.0  18.0
0.087  538.0  576.0  18.0
0.112  539.0  577.0  21.0
0.132  539.0  577.0  21.0
0.15  539.0  576.0  19.0
0.178  539.0  576.0  20.0
0.178  539.0  577.0  22.0
0.197  539.0  576.0  20.0
0.216  539.0  576.0  20.0
0.243  539.0  576.0  20.0
0.243  539.0  576.0  18.0
0.263  539.0  577.0  22.0
0.281  539.0  576.0  21.0
0.3  539.0  576.0  21.0
0.3  539.0  576.0  21.0
0.328  539.0  576.0  18.0
0.347  539.0  577.0  20.0
0.374  539.0  576.0  21.0
0.374  539.0  576.0  21.0
0.394  539.0  576.0  19.0
0.412  539.0  576.0  19.0
0.44  539.0  577.0  18.0
0.459  539.0  577.0  22.0
0.459  539.0  577.0  22.0
0.478  539.0  576.0  19.0
0.496  539.0  577.0  18.0
0.515  539.0  577.0  18.0
0.515  539.0  577.0  18.0
0.543  539.0  576.0  20.0
0.571  539.0  576.0  20.0
0.571  539.0  576.0  20.0
0.59  539.0  576.0  19.0
0.609  539.0  577.0  22.0
0.636  539.0  576.0  21.0
0.656  539.0  576.0  18.0
0.656  539.0  576.0  18.0
0.674  539.0  576.0  18.0
0.702  539.0  577.0  21.0
0.72  539.0  576.0  21.0
0.74  539.0  576.0  21.0
0.74  539.0  576.0  17.0
0.758  539.0  577.0  20.0
0.786  539.0  577.0  21.0
0.805  539.0  577.0  21.0
0.805  539.0  577.0  21.0
0.833  539.0  576.0  18.0
0.851  539.0  577.0  18.0
0.871  539.0  577.0  22.0
0.946  539.0  576.0  18.0
0.946  539.0  577.0  22.0
0.964  539.0  577.0  22.0
0.964  539.0  577.0  22.0
0.983  539.0  576.0  19.0
1.002  539.0  576.0  18.0
1.022  539.0  577.0  21.0
1.043  539.0  577.0  21.0
1.043  539.0  577.0  21.0
1.064  539.0  576.0  20.0
1.085  539.0  576.0  18.0
1.105  539.0  577.0  21.0
1.127  539.0  577.0  21.0
1.137  539.0  576.0  21.0
1.147  539.0  576.0  21.0
1.178  539.0  576.0  18.0
1.2  539.0  577.0  20.0
1.22  539.0  576.0  22.0
1.22  539.0  576.0  22.0
1.23  539.0  576.0  18.0
1.262  539.0  576.0  18.0
1.283  539.0  577.0  18.0
1.283  539.0  577.0  18.0
1.303  539.0  577.0  22.0
1.325  539.0  576.0  19.0
1.345  539.0  577.0  18.0
1.366  539.0  577.0  22.0
1.386  539.0  577.0  22.0
1.386  539.0  577.0  22.0
1.408  539.0  576.0  19.0
1.428  539.0  576.0  18.0
1.448  539.0  577.0  22.0
1.47  539.0  577.0  22.0
1.47  539.0  577.0  22.0
1.49  539.0  576.0  20.0
1.511  539.0  576.0  18.0
1.532  539.0  577.0  22.0
1.553  539.0  576.0  21.0
1.553  539.0  576.0  21.0
1.573  539.0  576.0  21.0
1.595  539.0  576.0  18.0
1.615  539.0  577.0  21.0
1.626  539.0  576.0  22.0
1.636  539.0  576.0  22.0
1.657  539.0  576.0  18.0
1.688  539.0  576.0  18.0
1.698  539.0  577.0  20.0
1.698  539.0  577.0  23.0
1.719  539.0  577.0  23.0
1.74  539.0  576.0  19.0
1.761  539.0  577.0  18.0
1.793  539.0  577.0  18.0
1.793  539.0  577.0  22.0
1.813  539.0  577.0  22.0
1.833  539.0  576.0  20.0
1.855  539.0  577.0  19.0
1.875  539.0  577.0  22.0
1.875  539.0  577.0  22.0
1.896  539.0  577.0  22.0
1.916  539.0  576.0  20.0
1.938  539.0  576.0  19.0
1.938  539.0  577.0  22.0
1.958  539.0  577.0  22.0
1.979  539.0  576.0  21.0
2.0  539.0  576.0  21.0
2.021  539.0  576.0  19.0
2.021  539.0  577.0  22.0
2.041  539.0  576.0  22.0
2.063  539.0  576.0  22.0
2.094  539.0  576.0  19.0
2.094  539.0  576.0  19.0
2.114  539.0  577.0  21.0
2.136  539.0  577.0  21.0
2.156  539.0  577.0  22.0
2.177  539.0  576.0  18.0
2.177  539.0  577.0  17.0
2.198  539.0  577.0  17.0
2.219  539.0  577.0  21.0
2.239  539.0  577.0  21.0
2.239  539.0  576.0  18.0
2.26  539.0  577.0  17.0
2.291  539.0  577.0  17.0
2.312  539.0  577.0  21.0
2.312  539.0  577.0  21.0
2.333  539.0  576.0  19.0
2.343  539.0  576.0  17.0
2.364  539.0  576.0  17.0
2.384  539.0  577.0  21.0
2.384  539.0  576.0  20.0
2.416  539.0  576.0  19.0
2.437  539.0  576.0  19.0
2.458  539.0  576.0  19.0
2.458  539.0  577.0  22.0
2.479  539.0  576.0  21.0
2.521  539.0  576.0  18.0
2.521  539.0  577.0  21.0
2.541  539.0  577.0  21.0
2.562  539.0  577.0  21.0
2.562  539.0  577.0  23.0
2.582  539.0  576.0  18.0
2.604  539.0  577.0  19.0
2.624  539.0  577.0  19.0
2.644  539.0  577.0  19.0
2.644  539.0  577.0  22.0
2.666  539.0  576.0  19.0
2.686  539.0  577.0  18.0
2.707  539.0  577.0  18.0
2.728  539.0  577.0  22.0
2.728  539.0  577.0  22.0
2.749  539.0  576.0  20.0
2.769  539.0  576.0  18.0
2.791  539.0  576.0  18.0
2.791  539.0  577.0  21.0
2.811  539.0  576.0  20.0
2.832  539.0  576.0  17.0
2.853  539.0  576.0  17.0
2.874  539.0  576.0  17.0
2.874  539.0  577.0  21.0
2.905  539.0  576.0  21.0
2.926  539.0  576.0  18.0
2.947  539.0  577.0  20.0
2.947  539.0  577.0  20.0
2.967  539.0  577.0  20.0
2.989  539.0  577.0  21.0
3.009  539.0  576.0  18.0
3.009  539.0  576.0  18.0
3.03  539.0  577.0  19.0
3.05  539.0  577.0  19.0
3.072  539.0  577.0  21.0
3.092  539.0  576.0  18.0
3.092  539.0  577.0  17.0
3.112  539.0  577.0  17.0
3.134  539.0  577.0  21.0
3.154  539.0  576.0  19.0
3.175  539.0  576.0  19.0
3.175  539.0  576.0  19.0
3.196  539.0  577.0  18.0
3.217  539.0  577.0  21.0
3.237  539.0  576.0  19.0
3.269  539.0  576.0  19.0
3.269  539.0  576.0  19.0
3.279  539.0  576.0  17.0
3.3  539.0  577.0  21.0
3.321  539.0  576.0  21.0
3.342  539.0  576.0  18.0
3.342  539.0  576.0  18.0
3.362  539.0  576.0  18.0
3.394  539.0  577.0  21.0
3.415  539.0  576.0  21.0
3.435  539.0  576.0  20.0
3.435  539.0  576.0  20.0
3.457  539.0  577.0  21.0
3.477  539.0  577.0  21.0
3.497  539.0  577.0  24.0
3.519  539.0  576.0  20.0
3.519  539.0  576.0  20.0
3.539  539.0  577.0  19.0
3.56  539.0  577.0  23.0
3.58  539.0  576.0  18.0
3.58  539.0  576.0  18.0
3.602  539.0  576.0  18.0
3.622  539.0  576.0  17.0
3.643  539.0  577.0  21.0
3.664  539.0  576.0  19.0
3.664  539.0  576.0  19.0
3.685  539.0  576.0  19.0
3.705  539.0  576.0  17.0
3.727  539.0  577.0  21.0
3.747  539.0  576.0  20.0
3.747  539.0  576.0  20.0
3.768  539.0  576.0  18.0
3.789  539.0  576.0  18.0
3.81  539.0  577.0  21.0
3.83  539.0  577.0  21.0
3.83  539.0  577.0  21.0
3.852  539.0  576.0  18.0
3.872  539.0  577.0  20.0
3.893  539.0  577.0  20.0
3.913  539.0  577.0  21.0
3.913  539.0  577.0  21.0
3.935  539.0  576.0  18.0
3.955  539.0  577.0  18.0
3.976  539.0  577.0  18.0
3.997  539.0  577.0  23.0
3.997  539.0  577.0  23.0
4.018  539.0  576.0  20.0
4.038  539.0  577.0  18.0
4.06  539.0  577.0  22.0
4.08  539.0  576.0  20.0
4.08  539.0  576.0  20.0
4.101  539.0  576.0  20.0
4.122  539.0  577.0  19.0
4.143  539.0  577.0  22.0
4.163  539.0  576.0  21.0
4.163  539.0  576.0  21.0
4.185  539.0  576.0  19.0
4.205  539.0  576.0  19.0
4.236  539.0  577.0  21.0
4.257  539.0  576.0  21.0
4.257  539.0  576.0  21.0
4.278  539.0  576.0  17.0
4.298  539.0  577.0  20.0
4.298  539.0  577.0  20.0
4.32  539.0  577.0  20.0
4.34  539.0  577.0  21.0
4.361  539.0  576.0  18.0
4.381  539.0  577.0  17.0
4.381  539.0  577.0  17.0
4.403  539.0  577.0  21.0
4.423  539.0  577.0  21.0
4.444  539.0  576.0  18.0
4.444  539.0  577.0  17.0
4.465  539.0  577.0  17.0
4.496  539.0  577.0  21.0
4.517  539.0  576.0  19.0
4.538  539.0  576.0  19.0
4.538  539.0  576.0  18.0
4.548  539.0  576.0  18.0
4.569  539.0  577.0  21.0
4.59  539.0  576.0  20.0
4.621  539.0  576.0  17.0
4.621  539.0  576.0  17.0
4.641  539.0  576.0  17.0
4.663  539.0  577.0  23.0
4.683  539.0  576.0  22.0
4.683  539.0  576.0  22.0
4.704  539.0  576.0  20.0
4.725  539.0  578.0  22.0
4.746  539.0  577.0  23.0
4.766  539.0  576.0  20.0
4.766  539.0  576.0  20.0
4.788  539.0  576.0  20.0
4.808  539.0  577.0  20.0
4.829  539.0  577.0  24.0
4.85  539.0  577.0  20.0
4.85  539.0  577.0  20.0
4.871  539.0  577.0  20.0
4.891  539.0  577.0  20.0
4.912  539.0  577.0  24.0
4.933  539.0  576.0  21.0
4.933  539.0  576.0  21.0
4.964  539.0  577.0  20.0
4.985  539.0  577.0  20.0
5.006  539.0  577.0  24.0
5.006  539.0  576.0  22.0
5.026  539.0  576.0  22.0
5.047  539.0  577.0  20.0
5.068  539.0  577.0  23.0
5.089  539.0  577.0  23.0
5.089  539.0  577.0  23.0
5.109  539.0  577.0  23.0
5.131  539.0  576.0  20.0
5.151  540.0  577.0  23.0
5.151  540.0  577.0  23.0
5.172  539.0  577.0  23.0
5.193  539.0  577.0  23.0
5.214  539.0  576.0  20.0
5.234  539.0  577.0  21.0
5.234  539.0  577.0  24.0
5.256  539.0  577.0  24.0
5.276  539.0  576.0  20.0
5.297  539.0  576.0  20.0
5.297  539.0  577.0  19.0
5.318  539.0  577.0  19.0
5.339  539.0  577.0  23.0
5.369  539.0  577.0  21.0
5.391  539.0  577.0  19.0
5.391  539.0  578.0  23.0
5.411  539.0  578.0  23.0
5.432  539.0  578.0  23.0
5.453  539.0  576.0  22.0
5.474  539.0  576.0  20.0
5.474  539.0  578.0  23.0
5.494  539.0  578.0  23.0
5.505  539.0  577.0  23.0
5.536  539.0  577.0  23.0
5.557  539.0  577.0  20.0
5.557  539.0  577.0  20.0
5.577  539.0  577.0  23.0
5.599  539.0  577.0  23.0
5.619  539.0  576.0  20.0
5.64  539.0  576.0  20.0
5.64  539.0  577.0  21.0
5.661  539.0  577.0  21.0
5.682  539.0  577.0  24.0
5.702  539.0  577.0  20.0
5.724  539.0  577.0  20.0
5.724  539.0  577.0  20.0
5.744  539.0  577.0  24.0
5.765  539.0  577.0  24.0
5.786  539.0  577.0  21.0
5.807  539.0  577.0  21.0
5.807  539.0  577.0  20.0
5.827  539.0  577.0  23.0
5.849  539.0  576.0  22.0
5.869  539.0  576.0  22.0
5.89  539.0  576.0  22.0
5.89  539.0  577.0  20.0
5.91  539.0  578.0  23.0
5.932  539.0  576.0  22.0
5.952  539.0  576.0  22.0
5.952  539.0  577.0  19.0
5.972  539.0  577.0  19.0
5.994  539.0  578.0  23.0
6.014  539.0  577.0  23.0
6.014  539.0  577.0  23.0
6.035  539.0  577.0  19.0
6.056  539.0  577.0  19.0
6.087  539.0  577.0  21.0
6.108  539.0  577.0  23.0
6.108  539.0  577.0  23.0
6.129  539.0  576.0  20.0
6.15  539.0  577.0  20.0
6.17  539.0  577.0  24.0
6.192  539.0  577.0  24.0
6.192  539.0  577.0  24.0
6.212  539.0  576.0  20.0
6.233  539.0  577.0  19.0
6.254  539.0  577.0  24.0
6.275  539.0  577.0  24.0
6.275  539.0  577.0  24.0
6.295  539.0  577.0  21.0
6.317  539.0  577.0  20.0
6.337  539.0  578.0  23.0
6.337  539.0  578.0  23.0
6.358  539.0  577.0  22.0
6.378  539.0  576.0  19.0
6.4  539.0  576.0  19.0
6.42  539.0  577.0  23.0
6.42  539.0  577.0  23.0
6.44  539.0  576.0  23.0
6.462  539.0  576.0  20.0
6.482  539.0  577.0  22.0
6.503  539.0  577.0  22.0
6.503  539.0  577.0  22.0
6.524  539.0  577.0  24.0
6.545  539.0  576.0  20.0
6.565  539.0  577.0  19.0
6.565  539.0  577.0  23.0
6.587  539.0  577.0  23.0
6.607  539.0  577.0  23.0
6.638  539.0  576.0  20.0
6.66  539.0  576.0  18.0
6.68  539.0  577.0  18.0
6.68  539.0  577.0  18.0
6.701  539.0  577.0  18.0
6.722  539.0  576.0  15.0
6.743  539.0  576.0  8.0
6.743  539.0  577.0  11.0
6.763  539.0  577.0  11.0
6.773  539.0  576.0  13.0
6.795  539.0  576.0  12.0
6.815  539.0  576.0  12.0
6.815  539.0  577.0  17.0
6.847  539.0  577.0  17.0
6.867  539.0  576.0  17.0
6.888  539.0  576.0  12.0
6.908  539.0  576.0  12.0
6.908  539.0  577.0  13.0
6.93  539.0  577.0  13.0
6.95  539.0  577.0  16.0
6.971  539.0  576.0  12.0
6.992  539.0  577.0  11.0
6.992  539.0  577.0  11.0
7.013  539.0  577.0  11.0
7.033  539.0  577.0  16.0
7.055  539.0  576.0  10.0
7.055  539.0  577.0  11.0
7.075  540.0  577.0  11.0
7.096  539.0  577.0  19.0
7.117  539.0  576.0  15.0
7.138  539.0  576.0  15.0
7.138  539.0  576.0  14.0
7.158  539.0  576.0  14.0
7.18  539.0  577.0  19.0
7.2  539.0  576.0  21.0
7.2  539.0  576.0  21.0
7.231  539.0  576.0  15.0
7.252  539.0  576.0  15.0
7.273  540.0  577.0  19.0
7.273  540.0  576.0  15.0
7.293  539.0  576.0  12.0
7.315  539.0  576.0  12.0
7.335  539.0  577.0  18.0
7.335  539.0  577.0  18.0
7.366  539.0  576.0  16.0
7.388  539.0  576.0  15.0
7.398  539.0  576.0  15.0
7.418  540.0  577.0  15.0
7.418  540.0  577.0  15.0
7.439  539.0  577.0  15.0
7.471  539.0  576.0  12.0
7.491  540.0  576.0  12.0
7.513  540.0  577.0  9.0
7.513  540.0  577.0  18.0
7.533  539.0  576.0  16.0
7.554  539.0  576.0  16.0
7.574  539.0  576.0  16.0
7.574  539.0  576.0  12.0
7.596  539.0  577.0  18.0
7.616  539.0  576.0  17.0
7.636  538.0  576.0  17.0
7.658  539.0  576.0  17.0
7.658  539.0  576.0  16.0
7.678  539.0  577.0  19.0
7.699  539.0  576.0  17.0
7.72  539.0  576.0  17.0
7.741  539.0  576.0  14.0
7.741  539.0  576.0  14.0
7.761  539.0  577.0  17.0
7.793  539.0  576.0  16.0
7.814  539.0  576.0  16.0
7.814  539.0  576.0  13.0
7.834  539.0  577.0  16.0
7.856  539.0  577.0  16.0
7.876  539.0  577.0  17.0
7.886  539.0  577.0  17.0
7.886  539.0  576.0  14.0
7.907  539.0  577.0  16.0
7.928  539.0  577.0  24.0
7.949  539.0  577.0  24.0
7.981  539.0  577.0  24.0
7.981  539.0  576.0  25.0
8.001  539.0  577.0  29.0
8.022  539.0  577.0  51.0
8.042  539.0  577.0  51.0
8.042  539.0  577.0  67.0
8.064  539.0  577.0  67.0
8.084  539.0  577.0  90.0
8.104  540.0  577.0  90.0
8.126  540.0  577.0  124.0
8.126  540.0  576.0  174.0
8.146  539.0  577.0  242.0
8.167  539.0  577.0  242.0
8.188  539.0  577.0  242.0
8.209  540.0  577.0  303.0
8.209  540.0  576.0  326.0
8.229  540.0  577.0  337.0
8.251  539.0  577.0  329.0
8.271  539.0  577.0  329.0
8.292  539.0  577.0  329.0
8.292  539.0  576.0  273.0
8.313  539.0  577.0  211.0
8.334  539.0  577.0  152.0
8.354  539.0  577.0  152.0
8.375  539.0  576.0  106.0
8.375  539.0  576.0  106.0
8.396  539.0  576.0  69.0
8.417  539.0  577.0  47.0
8.437  539.0  577.0  47.0
8.459  539.0  577.0  36.0
8.459  539.0  576.0  26.0
8.479  539.0  576.0  26.0
8.511  539.0  577.0  24.0
8.531  540.0  577.0  24.0
8.531  540.0  577.0  24.0
8.552  540.0  576.0  19.0
8.572  539.0  577.0  18.0
8.594  539.0  577.0  18.0
8.594  539.0  577.0  18.0
8.614  539.0  577.0  23.0
8.635  539.0  576.0  21.0
8.656  539.0  577.0  23.0
8.677  539.0  577.0  23.0
8.677  539.0  577.0  23.0
8.697  539.0  577.0  29.0
8.719  539.0  576.0  33.0
8.739  539.0  576.0  50.0
8.76  539.0  576.0  50.0
8.76  539.0  577.0  93.0
8.781  539.0  577.0  93.0
8.812  539.0  576.0  158.0
8.822  539.0  576.0  236.0
8.822  539.0  576.0  236.0
8.844  539.0  577.0  312.0
8.864  539.0  576.0  344.0
8.885  539.0  576.0  344.0
8.916  539.0  576.0  348.0
8.916  539.0  576.0  348.0
8.937  539.0  577.0  331.0
8.957  539.0  576.0  284.0
8.979  539.0  576.0  224.0
8.999  540.0  577.0  163.0
8.999  540.0  577.0  163.0
9.02  539.0  577.0  163.0
9.04  539.0  577.0  112.0
9.062  539.0  576.0  78.0
9.082  540.0  577.0  49.0
9.082  540.0  577.0  49.0
9.103  539.0  577.0  49.0
9.124  539.0  577.0  39.0
9.145  539.0  576.0  28.0
9.145  539.0  576.0  28.0
9.165  539.0  576.0  24.0
9.187  539.0  577.0  23.0
9.207  539.0  577.0  20.0
9.228  540.0  577.0  20.0
9.228  540.0  577.0  20.0
9.249  539.0  576.0  16.0
9.27  539.0  578.0  20.0
9.29  539.0  577.0  21.0
9.312  539.0  576.0  19.0
9.312  539.0  576.0  19.0
9.332  539.0  576.0  19.0
9.353  540.0  577.0  30.0
9.373  539.0  577.0  64.0
9.395  539.0  577.0  64.0
9.395  539.0  576.0  135.0
9.415  539.0  577.0  227.0
9.436  539.0  577.0  227.0
9.467  539.0  577.0  312.0
9.467  539.0  577.0  312.0
9.488  539.0  576.0  358.0
9.509  539.0  577.0  410.0
9.53  539.0  577.0  410.0
9.55  539.0  576.0  438.0
9.55  539.0  576.0  438.0
9.571  539.0  576.0  445.0
9.592  539.0  577.0  434.0
9.613  540.0  576.0  380.0
9.633  539.0  576.0  380.0
9.633  539.0  576.0  380.0
9.655  539.0  576.0  297.0
9.675  539.0  577.0  235.0
9.696  540.0  577.0  177.0
9.696  540.0  577.0  177.0
9.717  539.0  576.0  125.0
9.738  539.0  576.0  125.0
9.758  539.0  577.0  108.0
9.78  539.0  577.0  113.0
9.78  539.0  577.0  113.0
9.8  540.0  576.0  143.0
9.821  539.0  577.0  212.0
9.842  539.0  577.0  212.0
9.863  539.0  577.0  300.0
9.863  539.0  577.0  300.0
9.883  539.0  576.0  380.0
9.904  539.0  576.0  432.0
9.925  539.0  576.0  432.0
9.946  539.0  576.0  456.0
9.946  539.0  576.0  456.0
9.966  539.0  576.0  447.0
9.988  539.0  576.0  388.0
10.008  539.0  576.0  320.0
10.008  539.0  576.0  320.0
10.031  539.0  576.0  250.0
10.054  539.0  576.0  250.0
10.077  539.0  576.0  198.0
10.099  539.0  577.0  168.0
10.099  539.0  577.0  168.0
10.112  539.0  576.0  145.0
10.134  539.0  576.0  125.0
10.157  540.0  576.0  125.0
10.18  539.0  576.0  123.0
10.18  539.0  576.0  123.0
10.203  540.0  576.0  128.0
10.225  539.0  576.0  124.0
10.249  539.0  576.0  122.0
10.271  539.0  576.0  122.0
10.271  539.0  576.0  122.0
10.283  539.0  576.0  127.0
10.305  539.0  576.0  120.0
10.329  539.0  576.0  112.0
10.329  539.0  576.0  112.0
10.351  539.0  577.0  108.0
10.375  539.0  576.0  98.0
10.397  539.0  576.0  88.0
10.397  539.0  576.0  88.0
10.42  539.0  576.0  88.0
10.443  539.0  577.0  88.0
10.466  539.0  576.0  85.0
10.466  539.0  576.0  81.0
10.488  539.0  576.0  81.0
10.512  539.0  577.0  83.0
10.534  540.0  577.0  83.0
10.534  540.0  576.0  83.0
10.546  539.0  576.0  79.0
10.58  540.0  576.0  79.0
10.592  540.0  577.0  80.0
10.614  539.0  577.0  80.0
10.614  539.0  576.0  80.0
10.637  539.0  576.0  70.0
10.66  540.0  576.0  70.0
10.683  539.0  577.0  67.0
10.683  539.0  577.0  68.0
10.706  539.0  577.0  68.0
10.729  539.0  576.0  61.0
10.74  540.0  576.0  61.0
10.763  540.0  576.0  58.0
10.763  540.0  577.0  60.0
10.786  539.0  576.0  58.0
10.809  539.0  576.0  58.0
10.831  539.0  576.0  58.0
10.855  539.0  576.0  52.0
10.855  539.0  577.0  53.0
10.866  539.0  576.0  51.0
10.889  539.0  576.0  51.0
10.912  539.0  576.0  47.0
10.912  539.0  577.0  50.0
10.935  539.0  577.0  50.0
10.957  539.0  577.0  50.0
10.981  539.0  577.0  50.0
11.003  539.0  576.0  46.0
11.003  539.0  577.0  47.0
11.015  539.0  577.0  47.0
11.037  539.0  577.0  49.0
11.061  539.0  577.0  49.0
11.083  538.0  576.0  43.0
11.083  538.0  577.0  41.0
11.107  539.0  577.0  44.0
11.129  539.0  577.0  44.0
11.141  539.0  576.0  41.0
11.163  539.0  576.0  41.0
11.163  539.0  577.0  38.0
11.187  540.0  577.0  42.0
11.209  539.0  577.0  42.0
11.232  539.0  576.0  39.0
11.255  539.0  576.0  36.0
11.255  539.0  576.0  36.0
11.278  539.0  577.0  39.0
11.289  539.0  577.0  39.0
11.313  539.0  577.0  37.0
11.313  539.0  576.0  34.0
11.335  539.0  576.0  34.0
11.358  539.0  576.0  34.0
11.381  539.0  577.0  39.0
11.381  539.0  576.0  39.0
11.404  539.0  577.0  35.0
11.426  539.0  577.0  38.0
11.45  540.0  577.0  38.0
11.45  540.0  577.0  38.0
11.472  539.0  577.0  40.0
11.495  539.0  576.0  36.0
11.518  539.0  577.0  35.0
11.518  539.0  577.0  35.0
11.541  539.0  577.0  40.0
11.564  539.0  576.0  36.0
11.587  540.0  576.0  36.0
11.598  539.0  577.0  35.0
11.598  539.0  577.0  35.0
11.621  539.0  577.0  42.0
11.644  540.0  576.0  37.0
11.667  540.0  576.0  36.0
11.667  540.0  576.0  36.0
11.689  539.0  576.0  36.0
11.713  539.0  578.0  40.0
11.724  539.0  577.0  38.0
11.747  539.0  576.0  36.0
11.769  540.0  576.0  36.0
11.769  540.0  577.0  39.0
11.793  540.0  577.0  39.0
11.815  539.0  576.0  40.0
11.827  539.0  576.0  37.0
11.85  540.0  576.0  37.0
11.85  540.0  577.0  40.0
11.873  539.0  577.0  40.0
11.895  539.0  577.0  43.0
11.919  539.0  577.0  41.0
11.941  539.0  577.0  41.0
11.941  539.0  577.0  43.0
11.964  539.0  577.0  50.0
11.976  539.0  576.0  50.0
11.999  539.0  576.0  50.0
11.999  539.0  576.0  50.0
12.021  539.0  577.0  53.0
12.045  539.0  577.0  63.0
12.067  539.0  576.0  62.0
12.079  539.0  576.0  62.0
12.079  539.0  576.0  62.0
12.101  539.0  577.0  60.0
12.125  539.0  577.0  66.0
12.147  539.0  576.0  66.0
12.171  539.0  576.0  61.0
12.171  539.0  576.0  61.0
12.193  539.0  576.0  61.0
12.216  539.0  578.0  66.0
12.239  539.0  577.0  66.0
12.251  539.0  576.0  57.0
12.251  539.0  576.0  57.0
12.273  539.0  577.0  55.0
12.296  540.0  577.0  57.0
12.319  539.0  577.0  57.0
12.342  539.0  577.0  57.0
12.342  539.0  576.0  49.0
12.353  539.0  577.0  48.0
12.377  539.0  577.0  54.0
12.399  539.0  577.0  54.0
12.399  539.0  577.0  54.0
12.422  540.0  577.0  47.0
12.445  539.0  577.0  43.0
12.468  540.0  577.0  46.0
12.479  539.0  576.0  41.0
12.479  539.0  576.0  41.0
12.502  539.0  576.0  41.0
12.525  540.0  576.0  37.0
12.548  539.0  577.0  42.0
12.571  539.0  576.0  42.0
12.571  539.0  576.0  42.0
12.594  539.0  576.0  38.0
12.616  539.0  576.0  38.0
12.627  539.0  577.0  45.0
12.651  540.0  576.0  45.0
12.651  540.0  576.0  45.0
12.674  540.0  576.0  40.0
12.696  539.0  578.0  44.0
12.72  539.0  578.0  44.0
12.742  540.0  576.0  45.0
12.742  540.0  576.0  45.0
12.765  539.0  577.0  39.0
12.777  540.0  577.0  41.0
12.8  539.0  577.0  44.0
12.822  539.0  577.0  44.0
12.822  539.0  577.0  44.0
12.846  539.0  576.0  40.0
12.868  539.0  577.0  38.0
12.879  539.0  577.0  44.0
12.903  539.0  576.0  41.0
12.903  539.0  576.0  41.0
12.925  540.0  576.0  41.0
12.948  539.0  577.0  39.0
12.972  539.0  577.0  44.0
12.972  539.0  577.0  44.0
12.994  540.0  576.0  43.0
13.017  539.0  576.0  39.0
13.04  539.0  576.0  39.0
13.04  539.0  576.0  39.0
13.051  539.0  577.0  43.0
13.085  539.0  576.0  43.0
13.096  539.0  577.0  37.0
13.12  539.0  577.0  37.0
13.12  539.0  577.0  37.0
13.143  540.0  576.0  35.0
13.165  539.0  576.0  35.0
13.189  539.0  577.0  24.0
13.189  539.0  577.0  24.0
13.211  539.0  577.0  21.0
13.222  539.0  577.0  22.0
13.246  539.0  577.0  22.0
13.268  539.0  576.0  16.0
13.268  539.0  577.0  16.0
13.291  539.0  577.0  16.0
13.315  539.0  577.0  21.0
13.337  539.0  576.0  16.0
13.36  540.0  576.0  16.0
13.36  540.0  577.0  14.0
13.372  539.0  577.0  14.0
13.406  539.0  577.0  19.0
13.417  540.0  576.0  16.0
13.441  539.0  577.0  14.0
13.441  539.0  577.0  14.0
13.463  539.0  577.0  14.0
13.486  539.0  577.0  18.0
13.497  540.0  577.0  17.0
13.52  539.0  576.0  15.0
13.52  539.0  576.0  15.0
13.543  539.0  577.0  19.0
13.565  539.0  577.0  19.0
13.589  539.0  577.0  19.0
13.6  539.0  576.0  15.0
13.6  539.0  576.0  15.0
13.623  539.0  577.0  18.0
13.646  539.0  577.0  18.0
13.669  539.0  577.0  18.0
13.691  540.0  576.0  13.0
13.691  540.0  576.0  13.0
13.715  539.0  577.0  13.0
13.737  539.0  577.0  18.0
13.749  540.0  576.0  13.0
13.749  540.0  577.0  12.0
13.772  539.0  577.0  12.0
13.795  539.0  577.0  12.0
13.817  540.0  577.0  17.0
13.841  539.0  576.0  14.0
13.841  539.0  577.0  12.0
13.863  539.0  577.0  12.0
13.886  539.0  577.0  12.0
13.897  539.0  578.0  17.0
13.921  539.0  576.0  16.0
13.921  539.0  576.0  16.0
13.943  539.0  576.0  12.0
13.966  539.0  577.0  16.0
13.989  540.0  577.0  16.0
13.989  540.0  577.0  16.0
14.012  539.0  577.0  16.0
14.035  540.0  576.0  11.0
14.058  540.0  577.0  13.0
14.058  540.0  577.0  13.0
14.081  539.0  577.0  13.0
14.104  539.0  577.0  8.0
14.127  539.0  577.0  8.0
14.127  539.0  577.0  9.0
14.149  539.0  577.0  15.0
14.173  540.0  577.0  15.0
14.195  539.0  577.0  11.0
14.195  539.0  577.0  11.0
14.218  540.0  577.0  10.0
14.241  539.0  578.0  15.0
14.241  539.0  576.0  12.0
14.264  539.0  576.0  12.0
14.286  539.0  577.0  10.0
14.298  539.0  577.0  10.0
14.321  539.0  578.0  14.0
14.321  539.0  577.0  12.0
14.367  539.0  577.0  10.0
14.39  539.0  577.0  14.0
14.39  539.0  577.0  14.0
14.401  539.0  577.0  14.0
14.424  539.0  576.0  14.0
14.447  539.0  577.0  11.0
14.47  539.0  577.0  14.0
14.47  539.0  577.0  14.0
14.492  539.0  577.0  15.0
14.504  539.0  577.0  15.0
14.538  539.0  577.0  11.0
14.55  539.0  578.0  12.0
14.55  539.0  578.0  12.0
14.573  539.0  577.0  15.0
14.596  539.0  577.0  11.0
14.618  539.0  577.0  11.0
14.642  539.0  577.0  11.0
14.642  539.0  577.0  11.0
14.653  539.0  577.0  15.0
14.687  539.0  577.0  12.0
14.698  539.0  577.0  11.0
14.722  539.0  577.0  11.0
14.722  539.0  577.0  11.0
14.744  539.0  578.0  14.0
14.768  539.0  577.0  12.0
14.779  539.0  577.0  11.0
14.779  539.0  578.0  14.0
14.813  539.0  578.0  14.0
14.824  539.0  578.0  14.0
14.848  539.0  577.0  13.0
14.87  539.0  577.0  11.0
14.87  539.0  577.0  11.0
14.893  540.0  578.0  14.0
14.916  539.0  578.0  14.0
14.927  539.0  577.0  14.0
14.95  539.0  577.0  11.0
14.95  539.0  578.0  13.0
14.973  539.0  578.0  13.0
14.996  540.0  577.0  15.0
15.019  539.0  577.0  15.0
15.042  539.0  577.0  11.0
15.042  539.0  578.0  11.0
15.065  539.0  578.0  11.0
15.076  539.0  577.0  15.0
15.099  539.0  577.0  11.0
15.099  539.0  577.0  11.0
15.122  539.0  577.0  10.0
15.144  539.0  577.0  10.0
15.168  539.0  578.0  14.0
15.191  539.0  576.0  12.0
15.191  539.0  576.0  12.0
15.202  540.0  572.0  10.0
15.224  539.0  572.0  10.0
15.248  539.0  573.0  14.0
15.27  539.0  574.0  13.0
15.27  539.0  574.0  10.0
15.293  539.0  574.0  10.0
15.316  539.0  574.0  14.0
15.339  539.0  574.0  14.0
15.35  539.0  574.0  13.0
15.35  539.0  574.0  11.0
15.374  539.0  574.0  11.0
15.396  539.0  576.0  13.0
15.419  540.0  576.0  13.0
15.419  540.0  576.0  14.0
15.442  539.0  576.0  11.0
15.465  539.0  576.0  11.0
15.476  540.0  576.0  11.0
15.5  540.0  577.0  14.0
15.5  540.0  577.0  14.0
15.522  539.0  576.0  11.0
15.545  539.0  576.0  11.0
15.568  539.0  576.0  10.0
15.591  539.0  577.0  14.0
15.591  539.0  576.0  11.0
15.613  539.0  576.0  11.0
15.625  539.0  576.0  11.0
15.66  539.0  576.0  10.0
15.66  539.0  577.0  14.0
15.671  539.0  576.0  12.0
15.693  539.0  576.0  12.0
15.717  539.0  576.0  10.0
15.739  539.0  577.0  14.0
15.739  539.0  577.0  14.0
15.762  539.0  576.0  13.0
15.785  539.0  576.0  13.0
15.797  539.0  576.0  10.0
15.819  539.0  573.0  13.0
15.819  539.0  571.0  14.0
15.843  539.0  571.0  14.0
15.865  539.0  571.0  14.0
15.888  539.0  608.0  10.0
15.9  539.0  601.0  13.0
15.9  539.0  623.0  14.0
15.923  539.0  623.0  14.0
15.945  539.0  623.0  14.0
15.969  539.0  608.0  10.0
15.991  539.0  591.0  10.0
15.991  539.0  586.0  14.0
16.014  539.0  586.0  14.0
16.037  539.0  576.0  10.0
16.049  539.0  576.0  10.0
16.071  539.0  596.0  11.0
16.071  539.0  595.0  14.0
16.094  539.0  595.0  14.0
16.117  539.0  595.0  12.0
16.14  539.0  596.0  10.0
16.14  539.0  595.0  14.0
16.162  539.0  595.0  14.0
16.186  539.0  595.0  14.0
16.197  539.0  599.0  10.0
16.22  539.0  613.0  8.0
16.22  539.0  606.0  13.0
16.243  539.0  592.0  10.0
16.266  539.0  592.0  10.0
16.288  539.0  592.0  10.0
16.312  539.0  590.0  10.0
16.312  539.0  603.0  13.0
16.323  539.0  590.0  14.0
16.346  539.0  590.0  14.0
16.369  539.0  589.0  9.0
16.392  540.0  589.0  9.0
16.392  540.0  598.0  11.0
16.414  539.0  598.0  11.0
16.438  539.0  594.0  14.0
16.46  539.0  592.0  12.0
16.472  539.0  592.0  12.0
16.472  539.0  592.0  12.0
16.494  539.0  590.0  12.0
16.518  539.0  587.0  15.0
16.54  539.0  585.0  12.0
16.54  539.0  585.0  12.0
16.564  539.0  585.0  12.0
16.586  539.0  584.0  15.0
16.598  539.0  584.0  15.0
16.62  539.0  583.0  11.0
16.62  539.0  582.0  9.0
16.644  539.0  582.0  9.0
16.666  539.0  584.0  12.0
16.689  539.0  586.0  14.0
16.689  539.0  586.0  14.0
16.712  539.0  585.0  13.0
16.735  539.0  585.0  13.0
16.757  539.0  585.0  17.0
16.781  539.0  584.0  16.0
16.781  539.0  592.0  12.0
16.792  539.0  592.0  12.0
16.815  539.0  592.0  12.0
16.838  539.0  593.0  17.0
16.861  539.0  591.0  18.0
16.861  539.0  589.0  15.0
16.883  539.0  589.0  15.0
16.907  538.0  589.0  15.0
16.918  539.0  588.0  17.0
16.941  539.0  587.0  19.0
16.941  539.0  586.0  15.0
16.964  539.0  587.0  15.0
16.987  540.0  587.0  15.0
17.009  539.0  586.0  18.0
17.02  539.0  586.0  18.0
17.02  539.0  586.0  16.0
17.044  539.0  586.0  15.0
17.067  539.0  586.0  15.0
17.089  539.0  586.0  19.0
17.113  539.0  586.0  19.0
17.113  539.0  585.0  16.0
17.124  539.0  585.0  15.0
17.146  539.0  585.0  15.0
17.17  539.0  586.0  18.0
17.192  540.0  585.0  16.0
17.192  540.0  585.0  16.0
17.215  540.0  585.0  14.0
17.239  539.0  585.0  14.0
17.261  539.0  586.0  18.0
17.272  539.0  585.0  19.0
17.272  539.0  585.0  15.0
17.296  539.0  585.0  15.0
17.318  539.0  586.0  18.0
17.341  540.0  586.0  18.0
17.364  539.0  585.0  20.0
17.364  539.0  585.0  16.0
17.376  539.0  585.0  16.0
17.398  539.0  585.0  16.0
17.421  539.0  585.0  17.0
17.444  539.0  586.0  21.0
17.444  539.0  585.0  17.0
17.467  539.0  586.0  16.0
17.489  539.0  586.0  16.0
17.502  539.0  586.0  19.0
17.524  539.0  586.0  19.0
17.524  539.0  585.0  16.0
17.547  540.0  585.0  16.0
17.57  539.0  585.0  16.0
17.593  539.0  585.0  21.0
17.615  539.0  585.0  21.0
17.615  539.0  585.0  19.0
17.639  539.0  585.0  19.0
17.65  539.0  584.0  16.0
17.673  539.0  586.0  21.0
17.673  539.0  585.0  21.0
17.696  539.0  585.0  21.0
17.719  539.0  585.0  21.0
17.741  539.0  585.0  19.0
17.765  539.0  585.0  21.0
17.765  539.0  585.0  22.0
17.776  539.0  585.0  17.0
17.799  539.0  585.0  17.0
17.821  539.0  585.0  17.0
17.845  539.0  585.0  19.0
17.845  539.0  585.0  22.0
17.867  539.0  585.0  22.0
17.89  539.0  585.0  18.0
17.913  539.0  585.0  17.0
17.925  539.0  585.0  17.0
17.925  539.0  585.0  22.0
17.947  539.0  585.0  17.0
17.971  539.0  585.0  17.0
17.993  539.0  585.0  16.0
17.993  539.0  585.0  17.0
18.016  539.0  585.0  17.0
18.039  539.0  584.0  16.0
18.062  539.0  584.0  16.0
18.084  539.0  584.0  14.0
18.084  539.0  585.0  18.0
18.097  539.0  585.0  17.0
18.119  540.0  585.0  17.0
18.142  539.0  585.0  17.0
18.142  539.0  585.0  14.0
18.165  539.0  585.0  17.0
18.188  539.0  584.0  18.0
18.199  539.0  584.0  18.0
18.234  539.0  584.0  14.0
18.234  539.0  584.0  14.0
18.245  539.0  585.0  16.0
18.268  539.0  585.0  18.0
18.29  539.0  585.0  18.0
18.314  539.0  584.0  14.0
18.314  539.0  585.0  13.0
18.336  539.0  585.0  13.0
18.359  539.0  585.0  18.0
18.382  539.0  585.0  18.0
18.382  539.0  584.0  15.0
18.394  539.0  584.0  14.0
18.416  539.0  585.0  18.0
18.44  540.0  585.0  18.0
18.462  539.0  585.0  18.0
18.462  539.0  584.0  16.0
18.485  539.0  584.0  14.0
18.508  540.0  585.0  17.0
18.52  539.0  585.0  17.0
18.542  539.0  584.0  17.0
18.542  539.0  584.0  17.0
18.566  539.0  584.0  14.0
18.588  539.0  585.0  17.0
18.611  539.0  584.0  18.0
18.634  539.0  584.0  18.0
18.634  539.0  584.0  14.0
18.657  539.0  584.0  14.0
18.668  539.0  585.0  16.0
18.691  539.0  585.0  16.0
18.714  539.0  584.0  19.0
18.714  539.0  584.0  14.0
18.737  539.0  584.0  14.0
18.76  540.0  584.0  14.0
18.771  539.0  584.0  14.0
18.794  539.0  584.0  18.0
18.794  539.0  584.0  15.0
18.817  539.0  584.0  15.0
18.84  539.0  584.0  15.0
18.863  539.0  584.0  15.0
18.885  539.0  584.0  20.0
18.885  539.0  583.0  17.0
18.897  539.0  583.0  16.0
18.92  539.0  584.0  19.0
18.942  539.0  584.0  19.0
18.966  539.0  584.0  19.0
18.966  539.0  583.0  18.0
18.989  539.0  585.0  16.0
19.0  539.0  585.0  20.0
19.035  539.0  585.0  20.0
19.046  540.0  583.0  20.0
19.046  540.0  583.0  20.0
19.068  539.0  583.0  16.0
19.091  539.0  584.0  19.0
19.115  540.0  584.0  19.0
19.115  540.0  583.0  19.0
19.137  540.0  583.0  15.0
19.161  539.0  583.0  15.0
19.172  539.0  584.0  14.0
19.194  539.0  584.0  14.0
19.194  539.0  584.0  17.0
19.217  539.0  583.0  11.0
19.24  539.0  583.0  11.0
19.263  539.0  583.0  10.0
19.286  539.0  583.0  10.0
19.286  539.0  583.0  15.0
19.298  539.0  582.0  12.0
19.32  539.0  583.0  10.0
19.343  539.0  583.0  14.0
19.366  539.0  583.0  14.0
19.366  539.0  583.0  14.0
19.389  539.0  582.0  13.0
19.411  540.0  582.0  10.0
19.423  539.0  583.0  14.0
19.446  539.0  583.0  14.0
19.446  539.0  582.0  14.0
19.469  540.0  582.0  14.0
19.492  539.0  582.0  11.0
19.515  539.0  583.0  14.0
19.537  539.0  583.0  14.0
19.537  539.0  582.0  15.0
19.561  539.0  582.0  15.0
19.572  539.0  582.0  11.0
19.595  539.0  583.0  12.0
19.617  539.0  583.0  12.0
19.617  539.0  582.0  15.0
19.641  539.0  582.0  11.0
19.663  539.0  582.0  11.0
19.686  539.0  582.0  11.0
19.698  539.0  582.0  11.0
19.698  539.0  582.0  15.0
19.721  539.0  582.0  12.0
19.743  539.0  582.0  11.0
19.767  540.0  583.0  14.0
19.789  539.0  583.0  14.0
19.789  539.0  583.0  14.0
19.801  539.0  581.0  12.0
19.823  539.0  582.0  10.0
19.847  539.0  582.0  10.0
19.869  539.0  583.0  14.0
19.869  539.0  583.0  14.0
19.893  539.0  581.0  14.0
19.904  540.0  582.0  11.0
19.938  539.0  582.0  14.0
19.938  539.0  582.0  14.0
19.949  539.0  582.0  15.0
19.973  539.0  582.0  15.0
19.995  539.0  581.0  11.0
20.018  540.0  581.0  11.0
20.018  540.0  582.0  13.0
20.041  539.0  582.0  16.0
20.064  539.0  581.0  12.0
20.075  539.0  581.0  12.0
20.099  539.0  582.0  11.0
20.099  539.0  582.0  11.0
20.121  539.0  582.0  16.0
20.144  539.0  581.0  12.0
20.167  540.0  581.0  12.0
20.167  540.0  581.0  12.0
20.178  539.0  582.0  12.0
20.201  539.0  582.0  15.0
20.225  539.0  581.0  14.0
20.247  539.0  581.0  13.0
20.27  540.0  581.0  13.0
20.27  540.0  582.0  17.0
20.293  539.0  582.0  17.0
20.316  539.0  581.0  16.0
20.327  539.0  581.0  15.0
20.349  540.0  581.0  15.0
20.349  540.0  582.0  18.0
20.373  539.0  581.0  18.0
20.396  539.0  581.0  18.0
20.418  539.0  581.0  14.0
20.418  539.0  581.0  14.0
20.442  539.0  582.0  17.0
20.464  539.0  581.0  19.0
20.475  539.0  581.0  19.0
20.499  540.0  581.0  15.0
20.499  540.0  581.0  15.0
20.521  539.0  582.0  14.0
20.544  539.0  581.0  19.0
20.568  539.0  581.0  15.0
20.59  539.0  581.0  14.0
20.59  539.0  581.0  14.0
20.601  539.0  581.0  14.0
20.625  539.0  582.0  18.0
20.647  539.0  581.0  16.0
20.647  539.0  581.0  16.0
20.67  539.0  581.0  14.0
20.694  539.0  582.0  18.0
20.716  539.0  582.0  18.0
20.739  539.0  581.0  16.0
20.739  539.0  581.0  16.0
20.762  539.0  581.0  14.0
20.785  539.0  582.0  17.0
20.796  540.0  581.0  17.0
20.796  540.0  581.0  17.0
20.818  539.0  581.0  17.0
20.842  539.0  581.0  13.0
20.865  539.0  582.0  16.0
20.887  539.0  581.0  17.0
20.887  539.0  581.0  17.0
20.911  539.0  581.0  13.0
20.922  539.0  581.0  13.0
20.944  539.0  582.0  14.0
20.968  539.0  581.0  17.0
20.968  539.0  581.0  17.0
20.99  539.0  581.0  13.0
21.013  539.0  581.0  13.0
21.037  539.0  581.0  13.0
21.059  539.0  582.0  17.0
21.059  539.0  582.0  17.0
21.07  539.0  581.0  14.0
21.094  539.0  581.0  13.0
21.116  539.0  582.0  17.0
21.139  539.0  582.0  17.0
21.139  539.0  582.0  17.0
21.163  540.0  581.0  15.0
21.174  539.0  581.0  13.0
21.196  539.0  582.0  17.0
21.219  539.0  581.0  16.0
21.219  539.0  581.0  16.0
21.242  539.0  581.0  16.0
21.265  539.0  581.0  13.0
21.287  539.0  582.0  16.0
21.287  539.0  582.0  16.0
21.311  539.0  581.0  17.0
21.334  539.0  581.0  14.0
21.345  539.0  581.0  14.0
21.368  539.0  581.0  14.0
21.368  539.0  581.0  14.0
21.391  539.0  581.0  17.0
21.413  539.0  580.0  13.0
21.437  539.0  581.0  13.0
21.459  539.0  581.0  13.0
21.459  539.0  581.0  13.0
21.482  539.0  581.0  17.0
21.494  540.0  580.0  14.0
21.517  539.0  580.0  13.0
21.517  539.0  580.0  13.0
21.539  539.0  581.0  17.0
21.563  540.0  581.0  17.0
21.585  539.0  580.0  15.0
21.608  539.0  580.0  13.0
21.608  539.0  581.0  17.0
21.619  539.0  581.0  17.0
21.643  539.0  580.0  16.0
21.665  539.0  580.0  16.0
21.689  539.0  580.0  14.0
21.689  539.0  580.0  14.0
21.711  539.0  581.0  17.0
21.723  539.0  581.0  17.0
21.745  539.0  581.0  17.0
21.769  539.0  580.0  13.0
21.791  539.0  581.0  13.0
21.791  539.0  581.0  13.0
21.814  539.0  581.0  16.0
21.837  539.0  580.0  12.0
21.86  539.0  580.0  12.0
21.86  539.0  581.0  12.0
21.871  539.0  581.0  16.0
21.895  539.0  581.0  16.0
21.917  539.0  580.0  13.0
21.94  539.0  580.0  13.0
21.94  539.0  580.0  12.0
21.963  539.0  581.0  16.0
21.986  539.0  580.0  13.0
21.997  539.0  580.0  13.0
22.02  539.0  580.0  13.0
22.02  539.0  580.0  12.0
22.043  539.0  581.0  15.0
22.066  539.0  580.0  13.0
22.089  539.0  580.0  13.0
22.1  539.0  580.0  13.0
22.1  539.0  580.0  10.0
22.123  539.0  581.0  14.0
22.146  539.0  580.0  15.0
22.169  539.0  580.0  11.0
22.192  539.0  580.0  11.0
22.192  539.0  580.0  11.0
22.214  539.0  581.0  14.0
22.238  539.0  580.0  15.0
22.249  539.0  580.0  11.0
22.249  539.0  580.0  11.0
22.272  539.0  580.0  11.0
22.295  539.0  580.0  11.0
22.318  540.0  581.0  15.0
22.34  539.0  581.0  15.0
22.34  539.0  580.0  12.0
22.364  539.0  580.0  11.0
22.386  539.0  581.0  15.0
22.409  539.0  581.0  15.0
22.421  539.0  581.0  15.0
22.421  539.0  580.0  12.0
22.444  540.0  580.0  11.0
22.466  539.0  581.0  15.0
22.49  539.0  580.0  13.0
22.512  539.0  580.0  13.0
22.512  539.0  580.0  13.0
22.523  539.0  580.0  11.0
22.546  539.0  581.0  14.0
22.569  539.0  580.0  14.0
22.569  539.0  580.0  14.0
22.592  539.0  580.0  14.0
22.615  539.0  580.0  11.0
22.638  539.0  581.0  14.0
22.661  539.0  580.0  15.0
22.661  539.0  580.0  15.0
22.672  540.0  580.0  11.0
22.695  540.0  580.0  11.0
22.718  540.0  581.0  12.0
22.74  539.0  580.0  15.0
22.74  539.0  580.0  15.0
22.764  539.0  580.0  11.0
22.787  539.0  580.0  11.0
22.798  539.0  581.0  15.0
22.821  539.0  581.0  15.0
22.821  539.0  581.0  15.0
22.844  539.0  580.0  12.0
22.866  539.0  580.0  10.0
22.89  539.0  581.0  15.0
22.89  539.0  581.0  15.0
22.913  539.0  581.0  15.0
22.935  539.0  580.0  13.0
22.946  539.0  580.0  11.0
22.97  539.0  581.0  15.0
22.992  539.0  580.0  14.0
22.992  539.0  580.0  14.0
23.015  539.0  580.0  14.0
23.038  539.0  580.0  12.0
23.061  540.0  581.0  15.0
23.061  540.0  580.0  15.0
23.084  539.0  580.0  15.0
23.096  539.0  580.0  11.0
23.118  539.0  580.0  11.0
23.141  539.0  581.0  14.0
23.141  539.0  581.0  14.0
23.164  539.0  580.0  15.0
23.187  539.0  580.0  11.0
23.209  539.0  581.0  12.0
23.222  539.0  581.0  12.0
23.222  539.0  581.0  12.0
23.244  539.0  581.0  16.0
23.267  539.0  580.0  13.0
23.29  539.0  580.0  12.0
23.313  539.0  580.0  12.0
23.335  539.0  581.0  17.0
23.335  539.0  581.0  17.0
23.359  540.0  580.0  14.0
23.37  539.0  580.0  14.0
23.37  539.0  581.0  16.0
23.393  539.0  581.0  16.0
23.415  539.0  580.0  15.0
23.439  539.0  580.0  15.0
23.461  539.0  580.0  13.0
23.461  539.0  581.0  16.0
23.484  539.0  581.0  16.0
23.496  539.0  580.0  16.0
23.519  539.0  580.0  16.0
23.541  539.0  580.0  13.0
23.541  539.0  581.0  15.0
23.565  539.0  581.0  15.0
23.587  539.0  580.0  16.0
23.599  539.0  580.0  11.0
23.633  539.0  580.0  11.0
23.633  539.0  580.0  12.0
23.645  540.0  580.0  12.0
23.667  539.0  580.0  16.0
23.691  539.0  580.0  12.0
23.713  539.0  580.0  11.0
23.713  539.0  580.0  16.0
23.736  539.0  580.0  16.0
23.747  539.0  580.0  16.0
23.771  539.0  580.0  13.0
23.793  539.0  580.0  12.0
23.793  539.0  581.0  15.0
23.816  540.0  581.0  15.0
23.839  539.0  581.0  15.0
23.862  539.0  580.0  14.0
23.873  539.0  580.0  12.0
23.873  539.0  580.0  12.0
23.897  539.0  581.0  15.0
23.919  539.0  580.0  14.0
23.942  539.0  580.0  14.0
23.965  539.0  580.0  11.0
23.965  539.0  580.0  11.0
23.976  539.0  581.0  14.0
23.999  539.0  580.0  15.0
24.023  539.0  580.0  11.0
24.045  539.0  580.0  11.0
24.045  539.0  580.0  11.0
24.068  539.0  580.0  12.0
24.079  540.0  580.0  15.0
24.114  540.0  580.0  11.0
24.125  539.0  580.0  10.0
24.125  539.0  580.0  10.0
24.147  539.0  580.0  10.0
24.147  539.0  580.0  15.0
24.182  539.0  580.0  12.0
24.205  540.0  580.0  10.0
24.228  539.0  580.0  10.0
24.251  539.0  580.0  14.0
24.251  539.0  580.0  14.0
24.262  539.0  580.0  12.0
24.286  539.0  579.0  10.0
24.308  539.0  579.0  10.0
24.331  539.0  580.0  14.0
24.331  539.0  580.0  14.0
24.354  539.0  580.0  13.0
24.377  539.0  579.0  10.0
24.377  539.0  579.0  10.0
24.399  540.0  581.0  14.0
24.423  539.0  580.0  15.0
24.445  539.0  580.0  15.0
24.457  539.0  579.0  11.0
24.457  539.0  579.0  11.0
24.479  539.0  580.0  13.0
24.503  539.0  580.0  15.0
24.525  539.0  579.0  11.0
24.548  539.0  579.0  11.0
24.548  539.0  579.0  11.0
24.56  539.0  580.0  11.0
24.594  539.0  580.0  15.0
24.605  539.0  580.0  12.0
24.629  539.0  580.0  11.0
24.629  539.0  580.0  11.0
24.651  540.0  580.0  11.0
24.674  539.0  580.0  15.0
24.697  539.0  580.0  13.0
24.709  539.0  580.0  12.0
24.709  539.0  580.0  12.0
24.731  540.0  580.0  15.0
24.755  539.0  580.0  15.0
24.777  539.0  579.0  13.0
24.8  539.0  579.0  11.0
24.8  539.0  579.0  11.0
24.823  539.0  580.0  15.0
24.835  539.0  579.0  14.0
24.857  539.0  579.0  14.0
24.868  539.0  580.0  11.0
24.88  539.0  580.0  11.0
24.903  539.0  580.0  15.0
24.926  539.0  580.0  16.0
24.948  539.0  580.0  11.0
24.948  539.0  580.0  11.0
24.972  540.0  580.0  11.0
24.983  539.0  580.0  13.0
25.006  539.0  580.0  16.0
25.029  539.0  579.0  12.0
25.029  539.0  579.0  12.0
25.052  539.0  580.0  10.0
25.074  540.0  580.0  10.0
25.098  539.0  580.0  15.0
25.12  540.0  580.0  12.0
25.12  540.0  580.0  12.0
25.132  540.0  580.0  11.0
25.155  539.0  580.0  15.0
25.178  539.0  580.0  15.0
25.178  539.0  580.0  15.0
25.2  539.0  579.0  13.0
25.224  539.0  579.0  11.0
25.246  539.0  581.0  15.0
25.269  539.0  579.0  14.0
25.269  539.0  579.0  14.0
25.292  539.0  579.0  14.0
25.304  539.0  580.0  12.0
25.326  539.0  581.0  15.0
25.326  539.0  579.0  15.0
25.35  539.0  579.0  15.0
25.372  539.0  580.0  15.0
25.395  539.0  580.0  15.0
25.418  539.0  580.0  13.0
25.418  539.0  580.0  21.0
25.441  539.0  580.0  21.0
25.452  539.0  580.0  17.0
25.475  539.0  580.0  17.0
25.498  539.0  580.0  13.0
25.498  539.0  580.0  16.0
25.521  539.0  580.0  16.0
25.543  539.0  579.0  12.0
25.567  539.0  580.0  13.0
25.578  539.0  580.0  13.0
25.578  539.0  580.0  18.0
25.601  539.0  580.0  18.0
25.624  540.0  580.0  15.0
25.647  540.0  579.0  12.0
25.669  540.0  580.0  18.0
25.669  540.0  580.0  18.0
25.68  539.0  580.0  18.0
25.704  539.0  579.0  16.0
25.726  539.0  579.0  12.0
25.75  540.0  581.0  16.0
25.75  540.0  579.0  19.0
25.773  539.0  579.0  19.0
25.795  539.0  579.0  19.0
25.819  539.0  579.0  13.0
25.83  540.0  580.0  15.0
25.83  540.0  580.0  16.0
25.852  539.0  579.0  14.0
25.875  540.0  579.0  14.0
25.899  540.0  579.0  14.0
25.899  540.0  580.0  18.0
25.921  539.0  580.0  26.0
25.944  539.0  580.0  26.0
25.956  539.0  579.0  31.0
25.978  539.0  580.0  46.0
25.978  539.0  580.0  46.0
26.001  539.0  580.0  87.0
26.024  539.0  580.0  87.0
26.047  540.0  579.0  124.0
26.07  539.0  584.0  191.0
26.07  539.0  584.0  191.0
26.093  539.0  584.0  280.0
26.104  539.0  584.0  280.0
26.127  539.0  584.0  353.0
26.15  539.0  584.0  398.0
26.15  539.0  584.0  413.0
26.173  539.0  584.0  413.0
26.195  539.0  584.0  413.0
26.219  539.0  584.0  380.0
26.242  539.0  585.0  318.0
26.242  539.0  585.0  257.0
26.253  540.0  584.0  209.0
26.275  539.0  584.0  209.0
26.299  539.0  584.0  209.0
26.321  539.0  584.0  148.0
26.321  539.0  586.0  111.0
26.333  539.0  585.0  84.0
26.356  539.0  585.0  84.0
26.379  539.0  585.0  66.0
26.379  539.0  585.0  66.0
26.401  540.0  585.0  67.0
26.425  539.0  585.0  85.0
26.447  539.0  585.0  85.0
26.47  539.0  584.0  138.0
26.47  539.0  584.0  138.0
26.482  540.0  585.0  233.0
26.516  540.0  584.0  314.0
26.527  539.0  584.0  314.0
26.551  539.0  585.0  345.0
26.551  539.0  585.0  390.0
26.573  539.0  585.0  390.0
26.596  540.0  585.0  447.0
26.619  539.0  585.0  447.0
26.631  539.0  585.0  495.0
26.631  539.0  585.0  501.0
26.653  539.0  585.0  501.0
26.676  539.0  585.0  503.0
26.699  539.0  585.0  503.0
26.722  539.0  585.0  474.0
26.722  539.0  585.0  419.0
26.744  539.0  584.0  364.0
26.757  539.0  584.0  364.0
26.779  539.0  584.0  364.0
26.802  539.0  584.0  295.0
26.802  539.0  585.0  242.0
26.825  539.0  585.0  194.0
26.848  539.0  584.0  142.0
26.87  539.0  584.0  142.0
26.87  539.0  584.0  142.0
26.894  539.0  584.0  110.0
26.905  539.0  585.0  87.0
26.928  539.0  584.0  68.0
26.951  539.0  584.0  68.0
26.951  539.0  584.0  53.0
26.974  539.0  584.0  53.0
26.996  539.0  585.0  46.0
27.02  539.0  585.0  39.0
27.02  539.0  585.0  39.0
27.042  539.0  585.0  30.0
27.065  539.0  585.0  30.0
27.076  539.0  586.0  31.0
27.1  539.0  585.0  30.0
27.1  539.0  585.0  30.0
27.122  539.0  585.0  15.0
27.145  539.0  585.0  14.0
27.168  539.0  585.0  16.0
27.191  539.0  585.0  16.0
27.191  539.0  585.0  16.0
27.214  540.0  584.0  10.0
27.226  539.0  584.0  14.0
27.248  539.0  585.0  21.0
27.271  539.0  584.0  15.0
27.271  539.0  584.0  15.0
27.294  539.0  584.0  15.0
27.317  539.0  584.0  13.0
27.328  539.0  585.0  16.0
27.328  539.0  585.0  16.0
27.363  540.0  584.0  12.0
27.374  540.0  583.0  9.0
27.397  539.0  583.0  9.0
27.42  539.0  584.0  11.0
27.42  539.0  584.0  11.0
27.443  539.0  584.0  13.0
27.465  540.0  584.0  9.0
27.489  540.0  584.0  10.0
27.5  539.0  584.0  10.0
27.5  539.0  584.0  10.0
27.523  540.0  584.0  14.0
27.546  539.0  584.0  11.0
27.569  539.0  584.0  10.0
27.569  539.0  584.0  10.0
27.591  539.0  584.0  14.0
27.615  540.0  584.0  14.0
27.637  539.0  583.0  11.0
27.649  539.0  584.0  10.0
27.649  539.0  584.0  10.0
27.671  539.0  584.0  14.0
27.706  539.0  583.0  12.0
27.717  540.0  583.0  10.0
27.717  540.0  583.0  10.0
27.74  539.0  583.0  10.0
27.763  539.0  584.0  14.0
27.763  539.0  584.0  14.0
27.797  539.0  583.0  13.0
27.808  539.0  583.0  11.0
27.832  540.0  584.0  15.0
27.854  539.0  583.0  15.0
27.854  539.0  583.0  15.0
27.877  539.0  583.0  15.0
27.9  539.0  583.0  12.0
27.923  539.0  584.0  14.0
27.923  539.0  584.0  14.0
27.934  539.0  584.0  16.0
27.969  539.0  583.0  13.0
27.98  540.0  583.0  13.0
28.003  539.0  584.0  12.0
28.003  539.0  584.0  12.0
28.026  539.0  584.0  16.0
28.049  539.0  583.0  13.0
28.071  539.0  583.0  12.0
28.084  539.0  584.0  16.0
28.084  539.0  584.0  16.0
28.106  540.0  584.0  16.0
28.129  540.0  583.0  14.0
28.152  539.0  583.0  12.0
28.175  539.0  584.0  16.0
28.175  539.0  584.0  16.0
28.197  539.0  583.0  15.0
28.221  539.0  583.0  15.0
28.232  539.0  583.0  13.0
28.255  539.0  584.0  16.0
28.255  539.0  584.0  16.0
28.278  539.0  583.0  16.0
28.301  540.0  583.0  16.0
28.323  539.0  583.0  13.0
28.347  539.0  584.0  15.0
28.347  539.0  584.0  15.0
28.358  539.0  583.0  17.0
28.381  539.0  583.0  13.0
28.403  539.0  583.0  12.0
28.403  539.0  583.0  12.0
28.427  539.0  583.0  12.0
28.449  539.0  583.0  17.0
28.472  539.0  583.0  13.0
28.484  539.0  583.0  12.0
28.484  539.0  583.0  12.0
28.507  539.0  583.0  12.0
28.529  539.0  584.0  16.0
28.553  539.0  583.0  13.0
28.575  539.0  583.0  12.0
28.575  539.0  583.0  12.0
28.598  539.0  584.0  16.0
28.609  539.0  584.0  16.0
28.633  539.0  583.0  15.0
28.655  539.0  583.0  13.0
28.655  539.0  583.0  13.0
28.679  539.0  584.0  16.0
28.701  539.0  583.0  16.0
28.724  539.0  583.0  16.0
28.735  539.0  583.0  12.0
28.735  539.0  583.0  12.0
28.759  539.0  584.0  15.0
28.781  539.0  583.0  17.0
28.804  539.0  583.0  17.0
28.827  539.0  583.0  13.0
28.827  539.0  583.0  13.0
28.838  539.0  583.0  13.0
28.872  539.0  583.0  17.0
28.884  539.0  583.0  13.0
28.907  539.0  583.0  12.0
28.907  539.0  583.0  12.0
28.93  539.0  583.0  12.0
28.953  539.0  584.0  16.0
28.976  539.0  583.0  13.0
28.987  539.0  583.0  12.0
28.987  539.0  583.0  12.0
29.01  539.0  583.0  12.0
29.033  539.0  583.0  15.0
29.056  539.0  583.0  14.0
29.079  539.0  583.0  11.0
29.079  539.0  583.0  11.0
29.102  539.0  583.0  15.0
29.113  539.0  583.0  15.0
29.135  539.0  583.0  15.0
29.159  539.0  582.0  11.0
29.159  539.0  582.0  11.0
29.181  539.0  583.0  13.0
29.204  539.0  583.0  15.0
29.216  539.0  583.0  11.0
29.216  539.0  583.0  11.0
29.239  539.0  583.0  11.0
29.261  539.0  583.0  10.0
29.285  539.0  583.0  14.0
29.307  539.0  583.0  11.0
29.307  539.0  583.0  11.0
29.33  539.0  583.0  11.0
29.353  539.0  583.0  10.0
29.365  539.0  584.0  14.0
29.399  539.0  583.0  11.0
29.399  539.0  583.0  10.0
29.411  539.0  583.0  10.0
29.433  539.0  583.0  10.0
29.456  540.0  583.0  13.0
29.456  540.0  582.0  12.0
29.479  539.0  582.0  12.0
29.502  539.0  583.0  9.0
29.524  539.0  584.0  13.0
29.536  539.0  584.0  13.0
29.536  539.0  582.0  13.0
29.559  539.0  583.0  10.0
29.582  539.0  583.0  10.0
29.604  539.0  583.0  13.0
29.628  539.0  583.0  13.0
29.628  539.0  583.0  14.0
29.65  539.0  582.0  9.0
29.673  539.0  582.0  9.0
29.685  539.0  583.0  10.0
29.708  539.0  583.0  14.0
29.708  539.0  583.0  10.0
29.73  540.0  583.0  10.0
29.754  539.0  583.0  10.0
29.776  539.0  583.0  9.0
29.788  539.0  583.0  13.0
29.788  539.0  582.0  10.0
29.811  539.0  582.0  10.0
29.834  539.0  582.0  10.0
29.856  539.0  582.0  8.0
29.88  540.0  583.0  12.0
29.88  540.0  582.0  11.0
29.902  539.0  582.0  11.0
29.914  540.0  582.0  9.0
29.936  539.0  582.0  9.0
29.96  539.0  583.0  12.0
29.96  539.0  583.0  12.0
29.982  539.0  583.0  9.0
30.005  539.0  583.0  9.0
30.028  540.0  583.0  12.0
30.028  540.0  583.0  12.0
30.051  539.0  583.0  12.0
30.062  539.0  583.0  9.0
30.086  539.0  583.0  9.0
30.108  539.0  583.0  10.0
30.108  539.0  583.0  10.0
30.131  539.0  583.0  13.0
30.154  539.0  583.0  9.0
30.177  539.0  583.0  9.0
30.199  539.0  583.0  8.0
30.199  539.0  583.0  8.0
30.223  539.0  583.0  13.0
30.234  539.0  583.0  10.0
30.257  539.0  583.0  9.0
30.257  539.0  583.0  9.0
30.28  539.0  583.0  13.0
30.303  539.0  583.0  13.0
30.325  539.0  582.0  11.0
30.337  539.0  582.0  9.0
30.337  539.0  582.0  9.0
30.371  540.0  583.0  12.0
30.383  539.0  583.0  12.0
30.405  539.0  583.0  12.0
30.429  539.0  582.0  9.0
30.429  539.0  582.0  9.0
30.451  539.0  583.0  12.0
30.475  539.0  583.0  13.0
30.486  539.0  582.0  9.0
30.509  539.0  582.0  9.0
30.509  539.0  582.0  9.0
30.531  539.0  583.0  9.0
30.555  540.0  583.0  13.0
30.577  539.0  583.0  10.0
30.6  539.0  583.0  8.0
30.6  539.0  583.0  8.0
30.612  539.0  583.0  8.0
30.635  539.0  583.0  13.0
30.657  539.0  582.0  10.0
30.657  539.0  582.0  9.0
30.681  540.0  582.0  9.0
30.703  539.0  583.0  13.0
30.726  539.0  583.0  13.0
30.749  540.0  582.0  11.0
30.749  540.0  583.0  9.0
30.76  539.0  583.0  9.0
30.794  540.0  583.0  12.0
30.806  539.0  583.0  12.0
30.829  539.0  583.0  13.0
30.829  539.0  582.0  9.0
30.852  539.0  582.0  9.0
30.875  540.0  583.0  12.0
30.898  539.0  583.0  13.0
30.898  539.0  583.0  13.0
30.909  539.0  583.0  9.0
30.931  539.0  583.0  9.0
30.955  539.0  583.0  9.0
30.978  540.0  583.0  13.0
30.978  540.0  582.0  9.0
31.0  539.0  582.0  9.0
31.024  539.0  582.0  9.0
31.046  539.0  583.0  9.0
31.069  539.0  583.0  13.0
31.069  539.0  582.0  10.0
31.081  539.0  582.0  9.0
31.104  539.0  582.0  9.0
31.126  539.0  582.0  9.0
31.15  539.0  583.0  12.0
31.15  539.0  582.0  12.0
31.172  539.0  582.0  9.0
31.195  539.0  582.0  9.0
31.218  539.0  583.0  12.0
31.218  539.0  583.0  12.0
31.229  539.0  583.0  12.0
31.252  539.0  582.0  9.0
31.276  539.0  582.0  9.0
31.298  539.0  583.0  12.0
31.298  539.0  583.0  13.0
31.321  539.0  583.0  13.0
31.344  539.0  583.0  13.0
31.355  539.0  582.0  9.0
31.378  540.0  583.0  9.0
31.378  540.0  583.0  13.0
31.4  539.0  582.0  9.0
31.424  539.0  582.0  9.0
31.447  539.0  582.0  9.0
31.469  539.0  583.0  8.0
31.469  539.0  583.0  13.0
31.493  539.0  582.0  10.0
31.504  539.0  582.0  10.0
31.526  539.0  582.0  8.0
31.526  539.0  582.0  8.0
31.55  539.0  583.0  12.0
31.572  539.0  582.0  11.0
31.595  539.0  582.0  8.0
31.619  539.0  582.0  8.0
31.619  539.0  582.0  8.0
31.641  539.0  583.0  12.0
31.652  540.0  582.0  12.0
31.676  539.0  582.0  8.0
31.698  539.0  582.0  8.0
31.698  539.0  583.0  11.0
31.721  540.0  583.0  11.0
31.745  539.0  583.0  13.0
31.767  539.0  583.0  13.0
31.767  539.0  582.0  9.0
31.778  539.0  583.0  9.0
31.801  540.0  583.0  13.0
31.824  539.0  583.0  13.0
31.847  539.0  582.0  9.0
31.847  539.0  582.0  9.0
31.869  539.0  582.0  8.0
31.893  539.0  583.0  12.0
31.916  539.0  583.0  12.0
31.916  539.0  583.0  12.0
31.939  540.0  582.0  10.0
31.95  539.0  582.0  8.0
31.973  539.0  583.0  12.0
31.995  539.0  582.0  11.0
31.995  539.0  582.0  11.0
32.019  539.0  582.0  8.0
32.041  539.0  582.0  8.0
32.064  539.0  583.0  12.0
32.088  539.0  582.0  12.0
32.088  539.0  582.0  12.0
32.099  539.0  582.0  9.0
32.121  539.0  583.0  12.0
32.145  539.0  583.0  12.0
32.167  539.0  582.0  13.0
32.167  539.0  582.0  13.0
32.19  539.0  582.0  9.0
32.201  540.0  583.0  9.0
32.236  539.0  583.0  9.0
32.247  539.0  583.0  13.0
32.247  539.0  583.0  13.0
32.27  539.0  582.0  9.0
32.293  539.0  583.0  8.0
32.316  539.0  583.0  12.0
32.339  539.0  582.0  10.0
32.339  539.0  582.0  10.0
32.362  539.0  582.0  10.0
32.373  539.0  582.0  8.0
32.396  539.0  583.0  12.0
32.396  539.0  582.0  11.0
32.419  539.0  582.0  11.0
32.442  540.0  582.0  11.0
32.464  539.0  582.0  8.0
32.488  539.0  583.0  12.0
32.488  539.0  583.0  12.0
32.499  540.0  582.0  12.0
32.522  539.0  582.0  9.0
32.545  539.0  582.0  9.0
32.568  539.0  583.0  12.0
32.568  539.0  583.0  12.0
32.59  539.0  583.0  13.0
32.614  539.0  582.0  9.0
32.625  539.0  583.0  9.0
32.648  539.0  583.0  9.0
32.648  539.0  583.0  13.0
32.671  539.0  583.0  13.0
32.694  539.0  582.0  9.0
32.716  539.0  582.0  8.0
32.74  539.0  583.0  13.0
32.74  539.0  583.0  13.0
32.751  539.0  583.0  13.0
32.774  539.0  582.0  10.0
32.796  539.0  582.0  8.0
32.796  539.0  582.0  8.0
32.82  539.0  583.0  12.0
32.842  539.0  582.0  11.0
32.865  540.0  582.0  8.0
32.888  540.0  582.0  8.0
32.888  540.0  582.0  8.0
32.9  539.0  583.0  12.0
32.922  540.0  582.0  12.0
32.946  539.0  582.0  9.0
32.968  539.0  582.0  9.0
32.968  539.0  582.0  9.0
32.991  539.0  583.0  12.0
33.014  539.0  582.0  13.0
33.037  540.0  582.0  9.0
33.037  540.0  582.0  9.0
33.059  539.0  583.0  10.0
33.072  540.0  583.0  13.0
33.105  539.0  582.0  9.0
33.117  539.0  582.0  9.0
33.117  539.0  582.0  9.0
33.14  539.0  583.0  8.0
33.163  539.0  584.0  13.0
33.185  539.0  590.0  10.0
33.185  539.0  590.0  10.0
33.209  539.0  579.0  9.0
33.22  539.0  579.0  9.0
33.243  539.0  581.0  12.0
33.265  539.0  589.0  10.0
33.265  539.0  589.0  10.0
33.289  539.0  588.0  9.0
33.311  539.0  586.0  12.0
33.334  539.0  586.0  12.0
33.357  539.0  592.0  11.0
33.357  539.0  592.0  11.0
33.369  539.0  591.0  9.0
33.391  539.0  592.0  12.0
33.415  539.0  592.0  12.0
33.437  539.0  617.0  12.0
33.437  539.0  617.0  12.0
33.46  539.0  601.0  9.0
33.483  539.0  593.0  11.0
33.495  539.0  596.0  12.0
33.517  539.0  596.0  12.0
33.517  539.0  596.0  12.0
33.541  539.0  595.0  9.0
33.563  540.0  595.0  9.0
33.586  539.0  596.0  12.0
33.609  540.0  594.0  9.0
33.609  540.0  594.0  9.0
33.632  540.0  594.0  9.0
33.643  539.0  590.0  9.0
33.666  539.0  598.0  13.0
33.666  539.0  598.0  10.0
33.689  539.0  598.0  10.0
33.712  539.0  597.0  8.0
33.734  539.0  597.0  8.0
33.758  539.0  588.0  12.0
33.758  539.0  588.0  12.0
33.78  539.0  603.0  11.0
33.792  539.0  592.0  8.0
33.815  539.0  588.0  12.0
33.838  539.0  588.0  12.0
33.838  539.0  587.0  13.0
33.86  539.0  587.0  13.0
33.872  539.0  587.0  9.0
33.895  539.0  588.0  11.0
33.917  539.0  588.0  11.0
33.917  539.0  588.0  13.0
33.941  539.0  588.0  13.0
33.964  539.0  587.0  9.0
33.986  539.0  587.0  8.0
34.01  539.0  587.0  13.0
34.01  539.0  587.0  13.0
34.021  539.0  587.0  13.0
34.043  539.0  586.0  10.0
34.066  539.0  586.0  8.0
34.089  539.0  587.0  13.0
34.089  539.0  586.0  10.0
34.112  539.0  586.0  10.0
34.123  539.0  586.0  10.0
34.158  539.0  586.0  8.0
34.169  539.0  587.0  12.0
34.169  539.0  586.0  12.0
34.192  539.0  586.0  12.0
34.215  539.0  586.0  8.0
34.238  539.0  586.0  8.0
34.249  539.0  587.0  12.0
34.249  539.0  587.0  12.0
34.273  539.0  586.0  13.0
34.295  539.0  586.0  8.0
34.318  539.0  586.0  8.0
34.318  539.0  586.0  11.0
34.341  539.0  586.0  11.0
34.364  539.0  586.0  13.0
34.386  539.0  585.0  9.0
34.386  539.0  586.0  9.0
34.41  539.0  586.0  9.0
34.433  539.0  586.0  13.0
34.455  539.0  585.0  10.0
34.479  539.0  585.0  10.0
34.479  539.0  586.0  8.0
34.49  539.0  586.0  8.0
34.512  539.0  586.0  13.0
34.536  539.0  585.0  10.0
34.558  539.0  585.0  9.0
34.558  539.0  585.0  9.0
34.57  540.0  585.0  9.0
34.605  539.0  586.0  13.0
34.616  539.0  585.0  12.0
34.627  539.0  585.0  9.0
34.638  539.0  585.0  9.0
34.661  539.0  585.0  9.0
34.684  539.0  586.0  13.0
34.707  539.0  585.0  13.0
34.707  539.0  585.0  9.0
34.729  539.0  586.0  12.0
34.753  539.0  586.0  12.0
34.764  539.0  586.0  12.0
34.787  539.0  585.0  13.0
34.787  539.0  585.0  8.0
34.81  539.0  585.0  9.0
34.833  539.0  585.0  9.0
34.855  539.0  585.0  13.0
34.868  539.0  585.0  13.0
34.868  539.0  585.0  9.0
34.89  539.0  585.0  8.0
34.913  539.0  585.0  8.0
34.936  539.0  586.0  13.0
34.959  539.0  585.0  10.0
34.959  539.0  585.0  10.0
34.981  540.0  585.0  10.0
34.993  540.0  585.0  8.0
35.016  540.0  586.0  12.0
35.039  540.0  585.0  11.0
35.039  540.0  585.0  8.0
35.061  539.0  585.0  8.0
35.085  539.0  585.0  8.0
35.107  539.0  585.0  12.0
35.13  539.0  584.0  12.0
35.13  539.0  584.0  9.0
35.142  539.0  584.0  9.0
35.165  539.0  580.0  11.0
35.187  539.0  580.0  11.0
35.187  539.0  586.0  13.0
35.211  540.0  583.0  9.0
35.233  539.0  583.0  9.0
35.245  539.0  592.0  9.0
35.268  539.0  595.0  13.0
35.291  539.0  595.0  13.0
35.291  539.0  593.0  9.0
35.313  539.0  593.0  9.0
35.337  539.0  591.0  8.0
35.359  539.0  596.0  12.0
35.359  539.0  595.0  10.0
35.371  539.0  595.0  10.0
35.393  539.0  595.0  10.0
35.417  539.0  595.0  8.0
35.439  539.0  594.0  12.0
35.439  539.0  592.0  12.0
35.462  540.0  589.0  9.0
35.485  539.0  589.0  9.0
35.508  539.0  589.0  9.0
35.519  539.0  589.0  12.0
35.519  539.0  585.0  13.0
35.543  539.0  583.0  9.0
35.565  539.0  583.0  9.0
35.588  539.0  583.0  9.0
35.611  539.0  583.0  10.0
35.611  539.0  583.0  13.0
35.634  539.0  582.0  9.0
35.656  540.0  582.0  9.0
35.668  539.0  582.0  8.0
35.691  539.0  582.0  13.0
35.691  539.0  582.0  13.0
35.714  539.0  582.0  10.0
35.737  539.0  582.0  10.0
35.76  540.0  582.0  8.0
35.76  540.0  582.0  12.0
35.782  539.0  582.0  12.0
35.793  539.0  581.0  11.0
35.817  539.0  581.0  11.0
35.84  539.0  581.0  8.0
35.84  539.0  582.0  12.0
35.862  539.0  581.0  12.0
35.886  539.0  581.0  12.0
35.908  539.0  581.0  12.0
35.931  539.0  581.0  8.0
35.931  539.0  582.0  12.0
35.943  539.0  581.0  12.0
35.965  539.0  581.0  8.0
35.988  539.0  581.0  8.0
35.988  539.0  581.0  8.0
36.012  539.0  582.0  9.0
36.034  539.0  582.0  13.0
36.057  539.0  581.0  9.0
36.08  539.0  581.0  9.0
36.08  539.0  581.0  8.0
36.103  539.0  581.0  8.0
36.114  539.0  582.0  12.0
36.137  540.0  581.0  10.0
36.16  539.0  581.0  10.0
36.16  539.0  581.0  8.0
36.183  539.0  582.0  12.0
36.206  539.0  582.0  12.0
36.217  539.0  581.0  11.0
36.24  539.0  581.0  11.0
36.24  539.0  581.0  8.0
36.262  539.0  581.0  12.0
36.286  540.0  581.0  12.0
36.308  540.0  581.0  12.0
36.332  539.0  581.0  12.0
36.332  539.0  581.0  8.0
36.355  539.0  582.0  11.0
36.366  539.0  581.0  13.0
36.388  539.0  581.0  13.0
36.412  539.0  581.0  9.0
36.412  539.0  581.0  9.0
36.434  539.0  581.0  8.0
36.457  540.0  581.0  13.0
36.481  539.0  581.0  13.0
36.481  539.0  581.0  9.0
36.492  540.0  581.0  8.0
36.514  539.0  581.0  8.0
36.538  539.0  582.0  13.0
36.56  539.0  580.0  10.0
36.583  539.0  580.0  10.0
36.583  539.0  581.0  8.0
36.594  539.0  581.0  8.0
36.618  539.0  582.0  12.0
36.64  540.0  581.0  12.0
36.663  539.0  581.0  12.0
36.686  539.0  581.0  8.0
36.686  539.0  582.0  12.0
36.709  539.0  582.0  12.0
36.732  539.0  581.0  12.0
36.744  540.0  581.0  12.0
36.777  539.0  581.0  9.0
36.777  539.0  582.0  11.0
36.789  539.0  581.0  13.0
36.812  539.0  581.0  13.0
36.835  539.0  585.0  9.0
36.835  540.0  585.0  9.0
36.857  540.0  585.0  8.0
36.87  539.0  585.0  8.0
36.892  539.0  585.0  13.0
36.915  539.0  584.0  10.0
36.915  539.0  584.0  8.0
36.938  539.0  584.0  13.0
36.961  539.0  584.0  13.0
36.983  540.0  584.0  13.0
36.983  540.0  584.0  10.0
37.007  539.0  584.0  8.0
37.029  539.0  585.0  12.0
37.052  539.0  585.0  12.0
37.064  539.0  585.0  12.0
37.064  539.0  583.0  12.0
37.087  539.0  583.0  9.0
37.109  539.0  584.0  12.0
37.133  539.0  584.0  12.0
37.155  539.0  583.0  12.0
37.155  539.0  583.0  12.0
37.178  539.0  583.0  9.0
37.189  539.0  584.0  12.0
37.213  539.0  584.0  12.0
37.235  539.0  584.0  13.0
37.235  539.0  583.0  9.0
37.258  539.0  584.0  9.0
37.281  539.0  584.0  9.0
37.293  539.0  584.0  9.0
37.315  539.0  584.0  13.0
37.315  539.0  583.0  9.0
37.339  539.0  584.0  8.0
37.361  539.0  584.0  8.0
37.384  539.0  584.0  8.0
37.407  539.0  584.0  13.0
37.407  539.0  583.0  10.0
37.43  539.0  583.0  9.0
37.441  539.0  583.0  9.0
37.465  539.0  584.0  13.0
37.465  539.0  583.0  12.0
37.487  539.0  583.0  12.0
37.51  539.0  583.0  9.0
37.533  539.0  583.0  9.0
37.556  539.0  584.0  13.0
37.556  539.0  583.0  13.0
37.578  539.0  583.0  9.0
37.59  539.0  583.0  9.0
37.613  539.0  583.0  9.0
37.636  539.0  584.0  12.0
37.636  539.0  584.0  13.0
37.658  539.0  583.0  9.0
37.682  539.0  583.0  9.0
37.704  539.0  584.0  9.0
37.715  539.0  584.0  9.0
37.715  539.0  584.0  13.0
37.739  539.0  583.0  10.0
37.762  539.0  583.0  10.0
37.784  539.0  584.0  9.0
37.808  539.0  584.0  13.0
37.808  539.0  584.0  13.0
37.83  539.0  583.0  11.0
37.853  539.0  583.0  11.0
37.865  540.0  583.0  9.0
37.865  540.0  584.0  13.0
37.888  539.0  584.0  13.0
37.91  540.0  584.0  13.0
37.934  540.0  583.0  9.0
37.956  539.0  583.0  9.0
37.956  539.0  584.0  13.0
37.979  540.0  584.0  13.0
37.99  539.0  583.0  13.0
38.013  539.0  583.0  9.0
38.036  539.0  583.0  9.0
38.036  539.0  584.0  12.0
38.059  539.0  584.0  12.0
38.082  539.0  584.0  14.0
38.093  540.0  584.0  9.0
38.127  539.0  584.0  10.0
38.127  539.0  584.0  10.0
38.139  539.0  584.0  10.0
38.162  539.0  584.0  14.0
38.184  539.0  583.0  10.0
38.208  539.0  584.0  9.0
38.208  539.0  584.0  9.0
38.231  539.0  584.0  14.0
38.242  539.0  583.0  11.0
38.265  539.0  583.0  11.0
38.288  539.0  584.0  9.0
38.288  539.0  584.0  9.0
38.31  539.0  585.0  13.0
38.334  539.0  583.0  12.0
38.356  539.0  584.0  10.0
38.368  539.0  584.0  10.0
38.368  539.0  584.0  10.0
38.379  539.0  584.0  13.0
38.379  539.0  584.0  13.0
38.379  539.0  584.0  13.0
38.379  539.0  584.0  13.0
38.379  539.0  583.0  14.0
38.379  539.0  583.0  10.0
38.379  539.0  583.0  10.0
38.379  539.0  584.0  10.0
38.379  539.0  584.0  13.0
38.379  539.0  584.0  13.0
38.379  539.0  584.0  13.0
38.379  539.0  584.0  9.0
38.379  539.0  584.0  9.0
38.379  539.0  584.0  13.0
38.379  539.0  583.0  11.0
38.379  539.0  583.0  11.0
38.379  539.0  583.0  11.0
38.379  539.0  584.0  10.0
38.379  539.0  584.0  13.0
38.379  539.0  582.0  11.0
38.379  539.0  582.0  11.0
38.379  539.0  584.0  13.0
38.379  539.0  584.0  13.0
38.379  539.0  584.0  13.0
38.379  539.0  582.0  12.0
38.379  539.0  582.0  12.0
38.379  539.0  582.0  9.0
38.379  539.0  584.0  13.0
38.379  539.0  584.0  13.0
38.379  539.0  582.0  13.0
38.379  539.0  582.0  9.0
38.379  539.0  582.0  9.0
38.379  539.0  584.0  11.0
38.379  539.0  583.0  13.0
38.379  539.0  583.0  13.0
38.379  539.0  582.0  9.0
38.379  539.0  582.0  9.0
38.379  539.0  584.0  9.0
38.379  539.0  584.0  13.0
38.379  539.0  582.0  10.0
38.379  539.0  582.0  10.0
38.379  539.0  584.0  8.0
38.379  539.0  584.0  8.0
38.379  539.0  584.0  13.0
38.379  539.0  584.0  13.0
38.379  539.0  582.0  10.0
38.379  539.0  583.0  9.0
38.379  539.0  584.0  13.0
38.379  539.0  584.0  13.0
38.379  539.0  584.0  13.0
38.379  539.0  583.0  11.0
38.379  539.0  583.0  9.0
38.379  539.0  585.0  13.0
38.379  539.0  585.0  13.0
38.379  539.0  585.0  13.0
38.379  539.0  583.0  12.0
38.379  539.0  583.0  9.0
38.379  539.0  584.0  13.0
38.379  539.0  583.0  13.0
38.379  539.0  583.0  13.0
38.379  539.0  583.0  13.0
38.379  539.0  583.0  10.0
38.379  539.0  584.0  11.0
38.379  539.0  584.0  14.0
38.379  539.0  584.0  14.0
38.379  539.0  583.0  9.0
38.379  539.0  583.0  9.0
38.379  539.0  584.0  9.0
38.379  539.0  584.0  13.0
38.379  539.0  584.0  13.0
38.379  539.0  583.0  10.0
38.379  539.0  583.0  10.0
38.379  539.0  584.0  9.0
38.379  539.0  584.0  13.0
38.379  539.0  584.0  13.0
38.379  539.0  583.0  11.0
38.379  539.0  583.0  9.0
38.379  539.0  583.0  9.0
38.379  539.0  584.0  13.0
38.379  539.0  584.0  13.0
38.379  539.0  583.0  12.0
38.379  539.0  583.0  9.0
38.379  539.0  584.0  13.0
38.379  539.0  584.0  13.0
38.379  539.0  584.0  13.0
38.379  539.0  583.0  13.0
38.379  539.0  583.0  9.0
38.379  539.0  584.0  12.0
38.379  539.0  584.0  12.0
38.379  539.0  583.0  13.0
38.379  539.0  583.0  13.0
38.379  539.0  583.0  9.0
38.379  539.0  584.0  9.0
38.379  539.0  584.0  9.0
38.379  539.0  584.0  13.0
38.379  539.0  582.0  9.0
38.379  539.0  582.0  9.0
38.379  539.0  584.0  8.0
38.379  539.0  584.0  8.0
38.379  539.0  584.0  13.0
38.379  539.0  582.0  10.0
38.379  539.0  583.0  9.0
38.379  539.0  583.0  9.0
38.379  539.0  583.0  9.0
38.379  539.0  584.0  13.0
38.379  539.0  582.0  12.0
38.379  539.0  582.0  9.0
38.379  539.0  584.0  12.0
38.379  539.0  584.0  12.0
38.379  539.0  584.0  12.0
38.379  539.0  583.0  12.0
38.379  539.0  582.0  9.0
38.379  539.0  584.0  12.0
38.379  539.0  584.0  12.0
38.379  539.0  583.0  13.0
38.379  539.0  583.0  13.0
38.379  539.0  583.0  9.0
38.379  539.0  584.0  11.0
38.379  539.0  584.0  11.0
38.379  539.0  583.0  13.0
38.379  539.0  583.0  13.0
38.379  539.0  582.0  9.0
38.379  539.0  584.0  9.0
38.379  539.0  584.0  9.0
38.379  539.0  584.0  13.0
38.379  539.0  583.0  10.0
38.379  539.0  583.0  10.0
38.379  539.0  583.0  9.0
38.379  539.0  583.0  13.0
38.379  539.0  583.0  13.0
38.379  539.0  581.0  10.0
38.379  539.0  582.0  8.0
38.379  539.0  582.0  8.0
38.379  539.0  583.0  13.0
38.379  539.0  583.0  13.0
38.379  539.0  582.0  11.0
38.379  539.0  582.0  9.0
38.379  539.0  582.0  9.0
38.379  539.0  583.0  12.0
38.379  539.0  583.0  12.0
38.379  539.0  582.0  12.0
38.379  539.0  582.0  9.0
38.379  539.0  584.0  12.0
38.379  539.0  584.0  12.0
38.379  539.0  584.0  12.0
38.379  539.0  582.0  13.0
38.379  539.0  582.0  9.0
38.379  539.0  583.0  10.0
38.379  539.0  583.0  10.0
38.379  539.0  583.0  13.0
38.379  539.0  583.0  13.0
38.379  539.0  582.0  9.0
38.379  539.0  583.0  9.0
38.379  539.0  583.0  9.0
38.379  539.0  583.0  13.0
38.379  539.0  582.0  10.0
38.379  539.0  582.0  10.0
38.379  539.0  583.0  9.0
38.379  539.0  583.0  9.0
38.379  539.0  583.0  13.0
38.379  539.0  582.0  11.0
38.379  539.0  582.0  9.0
38.379  539.0  582.0  9.0
38.379  539.0  582.0  9.0
38.379  539.0  584.0  13.0
38.379  539.0  582.0  12.0
38.379  539.0  582.0  9.0
38.379  539.0  583.0  13.0
38.379  539.0  583.0  13.0
38.379  539.0  583.0  13.0
38.379  539.0  582.0  13.0
38.379  539.0  582.0  9.0
38.379  539.0  582.0  9.0
38.379  539.0  583.0  12.0
38.379  539.0  583.0  13.0
38.379  539.0  582.0  9.0
38.379  539.0  582.0  9.0
38.379  539.0  582.0  9.0
38.379  539.0  583.0  9.0
38.379  539.0  583.0  13.0
38.379  539.0  582.0  10.0
38.379  539.0  582.0  10.0
38.379  539.0  582.0  10.0
38.379  539.0  583.0  9.0
38.379  539.0  583.0  13.0
38.379  539.0  582.0  11.0
38.379  539.0  582.0  9.0
38.379  539.0  582.0  9.0
38.379  539.0  582.0  9.0
38.379  539.0  583.0  13.0
38.379  539.0  582.0  11.0
38.379  539.0  581.0  9.0
38.379  539.0  581.0  9.0
38.379  539.0  583.0  13.0
38.379  539.0  583.0  13.0
38.379  539.0  582.0  13.0
38.379  539.0  582.0  13.0
38.379  539.0  582.0  9.0
38.379  539.0  583.0  12.0
38.379  539.0  582.0  13.0
38.379  539.0  582.0  9.0
38.379  539.0  582.0  9.0
38.379  539.0  582.0  9.0
38.379  539.0  583.0  10.0
38.379  539.0  583.0  13.0
38.379  539.0  582.0  10.0
38.379  539.0  582.0  10.0
38.379  539.0  582.0  10.0
38.379  539.0  583.0  8.0
38.379  539.0  583.0  13.0
38.379  539.0  582.0  10.0
38.379  539.0  582.0  10.0
38.379  539.0  583.0  8.0
38.379  539.0  583.0  8.0
38.379  539.0  584.0  13.0
38.379  539.0  582.0  11.0
38.379  539.0  582.0  11.0
38.379  539.0  582.0  9.0
38.379  539.0  583.0  13.0
38.379  539.0  583.0  13.0
38.379  539.0  583.0  13.0
38.379  539.0  582.0  12.0
38.379  539.0  582.0  9.0
38.379  539.0  583.0  12.0
38.379  539.0  582.0  13.0
38.379  539.0  582.0  13.0
38.379  539.0  582.0  13.0
38.379  539.0  582.0  9.0
38.379  539.0  582.0  9.0
38.379  539.0  582.0  9.0
38.379  539.0  582.0  9.0
38.379  539.0  582.0  9.0
38.379  539.0  582.0  9.0
38.379  539.0  582.0  9.0
38.379  539.0  582.0  9.0
38.379  539.0  582.0  9.0
38.379  539.0  582.0  9.0
38.379  539.0  582.0  9.0
38.379  539.0  582.0  9.0
38.379  539.0  582.0  9.0
38.379  539.0  582.0  9.0
38.379  539.0  582.0  9.0
38.379  539.0  582.0  9.0
38.379  539.0  582.0  9.0
38.379  539.0  582.0  9.0
38.379  539.0  582.0  9.0
38.379  539.0  582.0  9.0
38.379  539.0  582.0  9.0
38.379  539.0  582.0  9.0
38.379  539.0  582.0  9.0
38.379  539.0  582.0  9.0
38.379  539.0  582.0  9.0
38.379  539.0  582.0  9.0
38.379  539.0  582.0  9.0
38.379  539.0  582.0  9.0
38.379  539.0  582.0  9.0
38.379  539.0  582.0  9.0
38.379  539.0  582.0  9.0
38.379  539.0  582.0  9.0
38.379  539.0  582.0  9.0
38.379  539.0  582.0  9.0
38.379  539.0  582.0  9.0
38.379  539.0  582.0  9.0
38.379  539.0  582.0  9.0
38.379  539.0  582.0  9.0
38.379  539.0  582.0  9.0
38.379  539.0  582.0  9.0
38.379  539.0  582.0  9.0
38.379  539.0  582.0  9.0
38.379  539.0  582.0  9.0
38.379  539.0  582.0  9.0
38.379  539.0  582.0  9.0
38.379  539.0  582.0  9.0
38.379  539.0  582.0  9.0
38.379  539.0  582.0  9.0
38.379  539.0  582.0  9.0
38.379  539.0  582.0  9.0
38.379  539.0  582.0  9.0
38.379  539.0  582.0  9.0
38.379  539.0  582.0  9.0
38.379  539.0  582.0  9.0
38.379  539.0  582.0  9.0
38.379  539.0  582.0  9.0
38.379  539.0  582.0  9.0
38.379  539.0  582.0  9.0
38.379  539.0  582.0  9.0
38.379  539.0  582.0  9.0
38.379  539.0  582.0  9.0
38.379  539.0  582.0  9.0
38.379  539.0  582.0  9.0
38.379  539.0  582.0  9.0
38.379  539.0  582.0  9.0
38.379  539.0  582.0  9.0
38.379  539.0  582.0  9.0
38.379  539.0  582.0  9.0
38.379  539.0  582.0  9.0
38.379  539.0  582.0  9.0
38.379  539.0  582.0  9.0
38.379  539.0  582.0  9.0
38.379  539.0  582.0  9.0
38.379  539.0  582.0  9.0
38.379  539.0  582.0  9.0
38.379  539.0  582.0  9.0
38.379  539.0  582.0  9.0
38.379  539.0  582.0  9.0
38.379  539.0  582.0  9.0
38.379  539.0  582.0  9.0
38.379  539.0  582.0  9.0
38.379  539.0  582.0  9.0
38.379  539.0  582.0  9.0
38.379  539.0  582.0  9.0
38.379  539.0  582.0  9.0
38.379  539.0  582.0  9.0
38.379  539.0  582.0  9.0
38.379  539.0  582.0  9.0
38.379  539.0  582.0  9.0
38.379  539.0  582.0  9.0
38.379  539.0  582.0  9.0
