49.186  920.0  88.0  2.0
49.186  920.0  88.0  2.0
49.186  920.0  88.0  2.0
49.186  920.0  88.0  2.0
49.186  920.0  88.0  2.0
49.186  920.0  88.0  2.0
49.186  920.0  88.0  2.0
49.186  920.0  88.0  2.0
49.186  920.0  88.0  2.0
49.186  920.0  88.0  2.0
49.186  920.0  88.0  2.0
49.186  920.0  88.0  2.0
49.186  920.0  88.0  2.0
49.186  920.0  88.0  2.0
49.186  920.0  88.0  2.0
49.186  920.0  88.0  2.0
49.186  920.0  88.0  2.0
49.186  920.0  88.0  2.0
49.186  920.0  88.0  2.0
49.186  920.0  88.0  2.0
49.186  920.0  88.0  2.0
49.186  920.0  88.0  2.0
49.186  920.0  88.0  2.0
49.186  920.0  88.0  2.0
49.186  920.0  88.0  2.0
49.186  920.0  88.0  2.0
49.186  920.0  88.0  2.0
49.186  920.0  88.0  2.0
49.186  920.0  88.0  2.0
49.186  920.0  88.0  2.0
49.186  920.0  88.0  2.0
49.186  920.0  88.0  2.0
49.186  920.0  88.0  2.0
49.186  920.0  88.0  2.0
49.186  920.0  88.0  2.0
49.186  920.0  88.0  2.0
49.186  920.0  88.0  2.0
49.186  920.0  88.0  2.0
49.186  920.0  88.0  2.0
49.186  920.0  88.0  2.0
0.0  920.0  88.0  2.0
0.0  920.0  88.0  2.0
0.0020  920.0  86.0  88.0
0.0030  920.0  88.0  2.0
0.012  920.0  88.0  2.0
0.02  920.0  88.0  2.0
0.028  919.0  87.0  2.0
0.053  920.0  88.0  1.0
0.07  920.0  88.0  2.0
0.095  920.0  88.0  2.0
0.095  920.0  88.0  2.0
0.112  920.0  88.0  2.0
0.141  920.0  88.0  1.0
0.159  920.0  88.0  1.0
0.178  920.0  88.0  1.0
0.178  920.0  87.0  2.0
0.206  920.0  87.0  1.0
0.225  919.0  87.0  1.0
0.243  919.0  88.0  1.0
0.243  919.0  88.0  1.0
0.272  919.0  87.0  2.0
0.29  920.0  87.0  2.0
0.309  920.0  88.0  1.0
0.328  920.0  88.0  1.0
0.347  920.0  87.0  2.0
0.374  919.0  87.0  2.0
0.374  919.0  87.0  2.0
0.394  920.0  87.0  1.0
0.421  919.0  88.0  2.0
0.44  919.0  86.0  2.0
0.44  919.0  86.0  2.0
0.468  920.0  86.0  2.0
0.487  920.0  86.0  1.0
0.487  920.0  86.0  1.0
0.505  920.0  87.0  1.0
0.525  920.0  87.0  2.0
0.543  920.0  86.0  1.0
0.571  920.0  88.0  1.0
0.6  920.0  88.0  1.0
0.6  920.0  88.0  1.0
0.618  920.0  87.0  2.0
0.636  920.0  87.0  2.0
0.636  920.0  87.0  2.0
0.656  920.0  88.0  1.0
0.684  920.0  88.0  2.0
0.702  920.0  86.0  2.0
0.702  920.0  86.0  2.0
0.731  919.0  86.0  2.0
0.749  920.0  87.0  1.0
0.768  920.0  88.0  2.0
0.786  919.0  87.0  2.0
0.786  919.0  87.0  2.0
0.805  920.0  86.0  1.0
0.833  920.0  87.0  1.0
0.851  920.0  87.0  1.0
0.871  919.0  86.0  2.0
0.871  919.0  86.0  2.0
0.899  920.0  86.0  1.0
0.917  918.0  87.0  1.0
0.973  920.0  86.0  2.0
0.993  919.0  87.0  1.0
1.012  920.0  87.0  1.0
1.012  920.0  87.0  1.0
1.033  920.0  87.0  2.0
1.053  920.0  87.0  2.0
1.075  920.0  87.0  1.0
1.095  920.0  88.0  1.0
1.095  920.0  88.0  1.0
1.116  920.0  86.0  2.0
1.137  919.0  86.0  2.0
1.158  919.0  87.0  1.0
1.178  918.0  88.0  1.0
1.178  918.0  87.0  2.0
1.2  919.0  87.0  2.0
1.23  920.0  87.0  2.0
1.251  920.0  87.0  1.0
1.251  920.0  88.0  1.0
1.272  919.0  88.0  1.0
1.293  920.0  88.0  2.0
1.313  920.0  86.0  2.0
1.335  920.0  86.0  2.0
1.335  920.0  87.0  1.0
1.345  920.0  87.0  1.0
1.376  920.0  88.0  2.0
1.397  920.0  87.0  2.0
1.418  920.0  88.0  1.0
1.418  920.0  88.0  1.0
1.438  919.0  88.0  1.0
1.46  920.0  88.0  1.0
1.48  920.0  87.0  2.0
1.501  920.0  87.0  1.0
1.501  920.0  88.0  1.0
1.522  920.0  88.0  1.0
1.543  918.0  88.0  1.0
1.543  918.0  87.0  2.0
1.563  920.0  87.0  1.0
1.584  920.0  88.0  1.0
1.605  920.0  88.0  1.0
1.626  920.0  88.0  2.0
1.646  920.0  88.0  2.0
1.646  920.0  87.0  2.0
1.668  920.0  88.0  1.0
1.688  919.0  88.0  1.0
1.709  920.0  88.0  2.0
1.73  918.0  87.0  2.0
1.73  918.0  87.0  2.0
1.761  920.0  87.0  1.0
1.781  920.0  88.0  1.0
1.803  920.0  88.0  1.0
1.803  920.0  87.0  2.0
1.813  919.0  87.0  1.0
