0.0  1.0  1.0  1.0
0.0  1.0  1.0  1.0
0.0  1.0  1.0  1.0
0.0  1.0  1.0  1.0
0.0  1.0  1.0  1.0
0.0  1.0  1.0  1.0
0.0  1.0  1.0  1.0
0.0  1.0  1.0  1.0
0.0  1.0  1.0  1.0
0.0  1.0  1.0  1.0
0.0  1.0  1.0  1.0
0.0  1.0  1.0  1.0
0.0  1.0  1.0  1.0
0.0  1.0  1.0  1.0
0.0  1.0  1.0  1.0
0.0  1.0  1.0  1.0
0.0  1.0  1.0  1.0
0.0  1.0  1.0  1.0
0.0  1.0  1.0  1.0
0.0  1.0  1.0  1.0
0.0  1.0  1.0  1.0
0.0  1.0  1.0  1.0
0.0  1.0  1.0  1.0
0.0  1.0  1.0  1.0
0.0  1.0  1.0  1.0
0.0  1.0  1.0  1.0
0.0  1.0  1.0  1.0
0.0  1.0  1.0  1.0
0.0  1.0  1.0  1.0
0.0  1.0  1.0  1.0
0.0  1.0  1.0  1.0
0.0  1.0  1.0  1.0
0.0  1.0  1.0  1.0
0.0  1.0  1.0  1.0
0.0  1.0  1.0  1.0
0.0  1.0  1.0  1.0
0.0  1.0  1.0  1.0
0.0  1.0  1.0  1.0
0.0  1.0  1.0  1.0
0.0  1.0  1.0  1.0
0.0  1.0  1.0  1.0
1.023  20.0  0.0  799.0
1.023  20.0  1.0  799.0
1.023  21.0  2.0  799.0
1.023  21.0  2.0  799.0
1.023  20.0  5.0  798.0
1.023  20.0  28.0  799.0
1.023  20.0  45.0  798.0
1.023  20.0  45.0  798.0
1.023  20.0  70.0  799.0
1.023  20.0  87.0  798.0
1.023  20.0  112.0  798.0
1.023  19.0  132.0  797.0
1.023  20.0  132.0  797.0
1.023  21.0  150.0  799.0
1.023  19.0  178.0  799.0
1.023  19.0  197.0  797.0
1.023  19.0  216.0  798.0
1.023  20.0  216.0  798.0
1.023  20.0  234.0  799.0
1.023  20.0  252.0  799.0
1.023  20.0  281.0  799.0
1.023  20.0  300.0  799.0
1.023  20.0  300.0  799.0
1.023  20.0  318.0  799.0
1.023  21.0  347.0  798.0
1.023  21.0  365.0  799.0
1.023  19.0  365.0  799.0
1.023  19.0  384.0  799.0
1.023  20.0  412.0  799.0
1.023  20.0  431.0  798.0
1.023  20.0  449.0  798.0
1.023  20.0  449.0  798.0
1.023  20.0  468.0  799.0
1.023  20.0  496.0  799.0
1.023  20.0  515.0  798.0
1.023  20.0  534.0  799.0
1.023  19.0  534.0  799.0
1.023  19.0  552.0  798.0
1.023  20.0  580.0  798.0
1.023  20.0  600.0  799.0
1.023  20.0  600.0  799.0
1.023  20.0  618.0  797.0
1.023  20.0  646.0  798.0
1.023  19.0  665.0  799.0
1.023  19.0  684.0  799.0
1.023  20.0  684.0  799.0
1.023  20.0  711.0  798.0
1.023  20.0  731.0  799.0
1.023  20.0  749.0  799.0
1.023  20.0  768.0  799.0
1.023  20.0  786.0  798.0
1.023  20.0  786.0  798.0
1.023  19.0  815.0  797.0
1.023  19.0  815.0  797.0
1.023  19.0  842.0  798.0
1.023  20.0  862.0  799.0
1.023  20.0  917.0  799.0
1.023  20.0  946.0  799.0
1.023  20.0  946.0  799.0
1.023  20.0  964.0  799.0
1.023  19.0  983.0  799.0
1.023  20.0  1012.0  798.0
1.023  20.0  1012.0  798.0
1.023  20.0  1033.0  799.0
1.023  20.0  1053.0  798.0
1.023  19.0  1075.0  799.0
1.023  19.0  1075.0  799.0
1.023  19.0  1095.0  798.0
1.023  20.0  1116.0  798.0
1.023  20.0  1137.0  798.0
1.023  20.0  1158.0  797.0
1.023  20.0  1158.0  797.0
1.023  20.0  1178.0  798.0
1.023  20.0  1200.0  799.0
1.023  20.0  1220.0  798.0
1.023  19.0  1241.0  799.0
1.023  19.0  1241.0  799.0
1.023  19.0  1262.0  798.0
1.023  20.0  1283.0  799.0
1.023  21.0  1303.0  799.0
1.023  21.0  1303.0  799.0
1.023  20.0  1335.0  798.0
1.023  19.0  1355.0  798.0
1.023  19.0  1376.0  799.0
1.023  20.0  1397.0  798.0
1.023  20.0  1397.0  798.0
1.023  20.0  1418.0  798.0
1.023  20.0  1438.0  799.0
1.023  20.0  1460.0  798.0
1.023  21.0  1480.0  797.0
1.023  21.0  1480.0  797.0
1.023  21.0  1501.0  798.0
1.023  20.0  1522.0  798.0
1.023  19.0  1543.0  798.0
1.023  20.0  1543.0  798.0
1.023  20.0  1563.0  798.0
1.023  20.0  1584.0  799.0
1.023  20.0  1605.0  798.0
1.023  20.0  1626.0  798.0
1.023  20.0  1626.0  798.0
1.023  20.0  1646.0  799.0
1.023  21.0  1668.0  799.0
1.023  19.0  1688.0  798.0
1.023  20.0  1709.0  798.0
1.023  20.0  1709.0  798.0
1.023  20.0  1730.0  799.0
1.023  21.0  1751.0  799.0
1.023  20.0  1771.0  798.0
1.023  20.0  1771.0  798.0
1.023  20.0  1803.0  798.0
1.023  20.0  1823.0  799.0
1.023  20.0  1844.0  799.0
1.023  20.0  1844.0  799.0
1.023  20.0  1865.0  798.0
1.023  20.0  1886.0  798.0
1.023  20.0  1906.0  799.0
1.023  21.0  1928.0  797.0
1.023  19.0  1928.0  797.0
1.023  19.0  1948.0  799.0
1.023  19.0  1969.0  799.0
1.023  20.0  1990.0  798.0
1.023  20.0  1990.0  798.0
1.023  20.0  2021.0  799.0
1.023  20.0  2041.0  799.0
1.023  19.0  2063.0  797.0
1.023  19.0  2073.0  799.0
1.023  20.0  2083.0  799.0
1.023  20.0  2104.0  798.0
1.023  20.0  2125.0  798.0
1.023  19.0  2125.0  798.0
1.023  19.0  2146.0  798.0
1.023  19.0  2166.0  799.0
1.023  21.0  2198.0  799.0
1.023  21.0  2219.0  798.0
1.023  20.0  2219.0  798.0
1.023  19.0  2239.0  799.0
1.023  20.0  2249.0  797.0
1.023  20.0  2281.0  799.0
1.023  20.0  2281.0  799.0
1.023  20.0  2301.0  799.0
1.023  20.0  2323.0  798.0
1.023  20.0  2343.0  798.0
1.023  20.0  2364.0  799.0
1.023  20.0  2364.0  799.0
1.023  20.0  2384.0  799.0
1.023  19.0  2406.0  798.0
1.023  19.0  2426.0  798.0
1.023  19.0  2426.0  798.0
1.023  20.0  2447.0  799.0
1.023  20.0  2468.0  799.0
1.023  20.0  2509.0  799.0
1.023  20.0  2509.0  799.0
1.023  20.0  2541.0  799.0
1.023  20.0  2551.0  799.0
1.023  20.0  2551.0  799.0
1.023  19.0  2582.0  798.0
1.023  20.0  2604.0  799.0
1.023  21.0  2624.0  798.0
1.023  21.0  2644.0  799.0
1.023  21.0  2644.0  799.0
1.023  20.0  2666.0  798.0
1.023  19.0  2686.0  798.0
1.023  20.0  2707.0  798.0
1.023  20.0  2707.0  798.0
1.023  20.0  2728.0  799.0
1.023  20.0  2749.0  798.0
1.023  20.0  2769.0  799.0
1.023  20.0  2791.0  799.0
1.023  20.0  2791.0  799.0
1.023  20.0  2811.0  799.0
1.023  20.0  2832.0  798.0
1.023  19.0  2853.0  798.0
1.023  20.0  2884.0  799.0
1.023  20.0  2884.0  799.0
