189.145  918.0  96.0  918.0
189.145  918.0  96.0  918.0
189.145  918.0  96.0  918.0
189.145  918.0  96.0  918.0
189.145  918.0  96.0  918.0
189.145  918.0  96.0  918.0
189.145  918.0  96.0  918.0
189.145  918.0  96.0  918.0
189.145  918.0  96.0  918.0
189.145  918.0  96.0  918.0
189.145  918.0  96.0  918.0
189.145  918.0  96.0  918.0
189.145  918.0  96.0  918.0
189.145  918.0  96.0  918.0
189.145  918.0  96.0  918.0
189.145  918.0  96.0  918.0
189.145  918.0  96.0  918.0
189.145  918.0  96.0  918.0
189.145  918.0  96.0  918.0
189.145  918.0  96.0  918.0
189.145  918.0  96.0  918.0
189.145  918.0  96.0  918.0
189.145  918.0  96.0  918.0
189.145  918.0  96.0  918.0
189.145  918.0  96.0  918.0
189.145  918.0  96.0  918.0
189.145  918.0  96.0  918.0
189.145  918.0  96.0  918.0
189.145  918.0  96.0  918.0
189.145  918.0  96.0  918.0
189.145  918.0  96.0  918.0
189.145  918.0  96.0  918.0
189.145  918.0  96.0  918.0
189.145  918.0  96.0  918.0
189.145  918.0  96.0  918.0
189.145  918.0  96.0  918.0
189.145  918.0  96.0  918.0
189.145  918.0  96.0  918.0
189.145  918.0  96.0  918.0
189.145  918.0  96.0  918.0
189.145  918.0  96.0  918.0
0.0  918.0  96.0  918.0
0.0020  917.0  96.0  918.0
0.0020  917.0  96.0  917.0
0.0020  917.0  96.0  917.0
0.0050  918.0  96.0  917.0
0.028  918.0  96.0  918.0
0.053  918.0  96.0  918.0
0.053  918.0  96.0  918.0
0.07  917.0  96.0  917.0
0.095  918.0  96.0  918.0
0.112  918.0  96.0  918.0
0.132  917.0  96.0  918.0
0.132  917.0  96.0  917.0
0.15  917.0  96.0  917.0
0.178  918.0  96.0  918.0
0.197  918.0  96.0  918.0
0.216  918.0  96.0  918.0
0.216  918.0  96.0  918.0
0.234  917.0  96.0  918.0
0.263  918.0  96.0  918.0
0.281  917.0  96.0  918.0
0.281  917.0  96.0  917.0
0.328  916.0  96.0  917.0
0.328  916.0  96.0  916.0
0.347  918.0  96.0  916.0
0.365  917.0  96.0  916.0
0.365  917.0  96.0  917.0
0.384  917.0  96.0  917.0
0.403  918.0  96.0  918.0
0.431  918.0  96.0  918.0
0.449  917.0  96.0  918.0
0.449  917.0  96.0  918.0
0.468  917.0  96.0  917.0
0.496  916.0  96.0  916.0
0.515  916.0  96.0  916.0
0.534  918.0  96.0  916.0
0.534  918.0  96.0  918.0
0.562  917.0  96.0  917.0
0.58  918.0  96.0  917.0
0.6  918.0  96.0  917.0
0.618  918.0  96.0  918.0
0.618  918.0  96.0  918.0
0.646  918.0  96.0  918.0
0.665  918.0  96.0  918.0
0.684  917.0  96.0  918.0
0.684  917.0  96.0  918.0
0.711  918.0  96.0  917.0
0.731  918.0  96.0  918.0
0.749  917.0  96.0  918.0
0.749  917.0  96.0  918.0
0.777  918.0  96.0  917.0
0.796  918.0  96.0  917.0
0.815  918.0  96.0  918.0
0.833  917.0  96.0  918.0
0.833  917.0  96.0  917.0
0.862  917.0  96.0  917.0
0.88  916.0  96.0  917.0
0.899  918.0  96.0  917.0
0.927  918.0  96.0  918.0
0.973  917.0  96.0  916.0
0.973  917.0  96.0  916.0
0.993  918.0  96.0  917.0
1.012  918.0  96.0  918.0
1.033  917.0  96.0  918.0
1.033  917.0  96.0  918.0
1.053  918.0  96.0  918.0
1.075  917.0  96.0  918.0
1.095  916.0  96.0  917.0
1.127  918.0  96.0  916.0
1.127  918.0  96.0  916.0
1.147  918.0  96.0  918.0
1.168  918.0  96.0  918.0
1.189  918.0  96.0  918.0
1.21  918.0  96.0  918.0
1.21  918.0  96.0  918.0
1.23  918.0  96.0  918.0
1.251  918.0  96.0  918.0
1.272  918.0  96.0  918.0
1.293  918.0  96.0  918.0
1.293  918.0  96.0  918.0
1.313  918.0  96.0  918.0
1.335  917.0  96.0  918.0
1.355  918.0  96.0  917.0
1.355  918.0  96.0  917.0
1.376  917.0  96.0  917.0
1.397  918.0  96.0  918.0
1.418  918.0  96.0  918.0
1.438  918.0  96.0  918.0
1.46  918.0  96.0  918.0
1.46  918.0  96.0  918.0
1.48  918.0  96.0  918.0
1.501  918.0  96.0  918.0
1.522  918.0  96.0  918.0
1.522  918.0  96.0  918.0
1.543  917.0  96.0  918.0
1.563  918.0  96.0  918.0
1.584  917.0  96.0  917.0
1.605  918.0  96.0  918.0
1.605  918.0  96.0  918.0
1.626  918.0  96.0  918.0
1.646  918.0  96.0  918.0
1.678  918.0  96.0  918.0
1.678  918.0  96.0  918.0
1.698  918.0  96.0  918.0
1.719  917.0  96.0  917.0
1.73  918.0  96.0  918.0
1.751  917.0  96.0  918.0
1.751  917.0  96.0  918.0
1.771  918.0  96.0  917.0
1.793  918.0  96.0  918.0
1.813  918.0  96.0  918.0
1.844  916.0  96.0  918.0
1.844  916.0  96.0  918.0
1.865  918.0  96.0  916.0
1.886  918.0  96.0  916.0
1.906  916.0  96.0  918.0
1.928  917.0  96.0  916.0
1.928  917.0  96.0  916.0
1.948  916.0  96.0  917.0
1.969  918.0  96.0  917.0
1.99  918.0  96.0  918.0
1.99  918.0  96.0  918.0
2.011  918.0  96.0  918.0
2.031  918.0  96.0  918.0
2.052  918.0  96.0  918.0
2.083  917.0  96.0  917.0
2.083  917.0  96.0  917.0
2.104  918.0  96.0  918.0
2.125  918.0  96.0  918.0
2.125  918.0  96.0  918.0
2.146  917.0  96.0  917.0
2.166  917.0  96.0  917.0
2.188  918.0  96.0  918.0
2.208  917.0  96.0  917.0
2.208  917.0  96.0  917.0
2.229  917.0  96.0  917.0
2.249  916.0  96.0  917.0
2.271  918.0  96.0  916.0
2.271  918.0  96.0  918.0
2.301  918.0  96.0  918.0
2.323  918.0  96.0  918.0
2.323  918.0  96.0  918.0
2.343  917.0  96.0  918.0
2.364  916.0  96.0  916.0
2.384  916.0  96.0  916.0
2.384  916.0  96.0  916.0
2.406  918.0  96.0  918.0
2.437  917.0  96.0  917.0
2.458  917.0  96.0  917.0
2.479  918.0  96.0  917.0
2.479  918.0  96.0  918.0
2.499  917.0  96.0  917.0
2.521  917.0  96.0  917.0
2.541  918.0  96.0  918.0
2.572  918.0  96.0  918.0
2.593  918.0  96.0  918.0
2.614  918.0  96.0  918.0
2.614  918.0  96.0  918.0
2.634  917.0  96.0  918.0
2.656  918.0  96.0  918.0
2.656  918.0  96.0  918.0
2.686  918.0  96.0  918.0
2.707  918.0  96.0  918.0
2.728  918.0  96.0  918.0
2.728  918.0  96.0  918.0
2.749  917.0  96.0  917.0
2.769  918.0  96.0  918.0
2.791  916.0  96.0  918.0
2.791  916.0  96.0  918.0
2.822  918.0  96.0  916.0
2.842  917.0  96.0  918.0
2.864  917.0  96.0  917.0
2.884  918.0  96.0  917.0
2.884  918.0  96.0  917.0
2.905  918.0  96.0  918.0
2.926  918.0  96.0  918.0
2.926  918.0  96.0  918.0
2.947  916.0  96.0  918.0
2.967  917.0  96.0  916.0
2.999  918.0  96.0  917.0
3.019  918.0  96.0  918.0
3.019  918.0  96.0  918.0
3.04  917.0  96.0  918.0
3.061  917.0  96.0  917.0
3.082  918.0  96.0  917.0
3.102  918.0  96.0  918.0
3.102  918.0  96.0  918.0
3.124  917.0  96.0  918.0
3.144  916.0  96.0  917.0
3.165  917.0  96.0  917.0
3.186  918.0  96.0  917.0
3.186  918.0  96.0  917.0
3.207  918.0  96.0  918.0
3.227  918.0  96.0  918.0
3.248  918.0  96.0  918.0
3.248  918.0  96.0  918.0
3.269  918.0  96.0  918.0
3.29  918.0  96.0  918.0
3.31  918.0  96.0  918.0
3.332  918.0  96.0  918.0
3.332  918.0  96.0  918.0
3.352  918.0  96.0  918.0
3.373  918.0  96.0  918.0
3.394  918.0  96.0  918.0
3.415  918.0  96.0  918.0
3.415  918.0  96.0  918.0
3.435  917.0  96.0  918.0
3.457  918.0  96.0  917.0
3.477  918.0  96.0  918.0
3.497  916.0  96.0  918.0
3.497  916.0  96.0  918.0
3.519  918.0  96.0  916.0
3.55  917.0  96.0  918.0
3.57  916.0  96.0  917.0
3.592  918.0  96.0  916.0
3.592  918.0  96.0  916.0
3.612  918.0  96.0  918.0
3.633  918.0  96.0  918.0
3.654  918.0  96.0  918.0
3.654  918.0  96.0  918.0
3.675  917.0  96.0  918.0
3.695  918.0  96.0  917.0
3.716  918.0  96.0  918.0
3.737  916.0  96.0  918.0
3.737  916.0  96.0  918.0
3.758  918.0  96.0  918.0
3.778  917.0  96.0  918.0
3.8  918.0  96.0  917.0
3.82  918.0  96.0  918.0
3.841  918.0  96.0  918.0
3.841  918.0  96.0  918.0
3.862  918.0  96.0  918.0
3.883  917.0  96.0  918.0
3.903  918.0  96.0  917.0
3.903  918.0  96.0  918.0
3.924  916.0  96.0  918.0
3.945  917.0  96.0  916.0
3.965  918.0  96.0  917.0
3.987  918.0  96.0  917.0
4.007  918.0  96.0  918.0
4.007  918.0  96.0  918.0
4.028  918.0  96.0  918.0
4.06  918.0  96.0  918.0
4.08  917.0  96.0  917.0
4.08  917.0  96.0  917.0
4.101  918.0  96.0  918.0
4.122  918.0  96.0  918.0
4.132  917.0  96.0  918.0
4.163  918.0  96.0  918.0
4.163  918.0  96.0  918.0
4.185  917.0  96.0  917.0
4.205  917.0  96.0  917.0
4.226  917.0  96.0  917.0
4.236  918.0  96.0  917.0
4.246  917.0  96.0  917.0
4.268  918.0  96.0  918.0
4.288  918.0  96.0  918.0
4.308  916.0  96.0  916.0
4.33  917.0  96.0  916.0
4.33  917.0  96.0  917.0
4.35  918.0  96.0  918.0
4.371  918.0  96.0  918.0
4.392  918.0  96.0  918.0
4.392  918.0  96.0  918.0
4.413  917.0  96.0  917.0
4.433  917.0  96.0  917.0
4.455  917.0  96.0  917.0
4.455  917.0  96.0  917.0
4.486  918.0  96.0  917.0
4.506  917.0  96.0  918.0
4.528  917.0  96.0  917.0
4.548  918.0  96.0  917.0
4.569  917.0  96.0  918.0
4.569  917.0  96.0  918.0
4.59  917.0  96.0  918.0
4.611  918.0  96.0  917.0
4.631  918.0  96.0  918.0
4.631  918.0  96.0  918.0
4.653  917.0  96.0  918.0
4.673  916.0  96.0  917.0
4.694  918.0  96.0  917.0
4.714  917.0  96.0  918.0
4.714  917.0  96.0  918.0
4.736  917.0  96.0  917.0
4.756  916.0  96.0  917.0
4.776  917.0  96.0  916.0
4.798  917.0  96.0  916.0
4.798  917.0  96.0  917.0
4.818  918.0  96.0  917.0
4.839  918.0  96.0  918.0
4.86  918.0  96.0  918.0
4.86  918.0  96.0  918.0
4.881  918.0  96.0  918.0
4.901  918.0  96.0  918.0
4.933  918.0  96.0  918.0
4.933  918.0  96.0  918.0
4.954  918.0  96.0  918.0
4.974  918.0  96.0  918.0
4.996  916.0  96.0  918.0
4.996  916.0  96.0  916.0
5.016  918.0  96.0  916.0
5.047  918.0  96.0  918.0
5.068  918.0  96.0  918.0
5.068  918.0  96.0  918.0
5.089  918.0  96.0  918.0
5.109  918.0  96.0  918.0
5.131  918.0  96.0  918.0
5.151  918.0  96.0  918.0
5.151  918.0  96.0  918.0
5.172  918.0  96.0  918.0
5.193  918.0  96.0  918.0
5.214  918.0  96.0  918.0
5.214  918.0  96.0  918.0
5.234  917.0  96.0  918.0
5.256  917.0  96.0  917.0
5.276  918.0  96.0  917.0
5.297  918.0  96.0  918.0
5.297  918.0  96.0  918.0
5.328  918.0  96.0  918.0
5.349  918.0  94.0  918.0
5.369  918.0  94.0  918.0
5.391  935.0  92.0  918.0
5.391  935.0  92.0  918.0
5.411  960.0  92.0  935.0
5.432  981.0  92.0  960.0
5.432  981.0  92.0  981.0
5.464  1004.0  92.0  981.0
5.475  1011.0  92.0  981.0
5.475  1011.0  94.0  1011.0
5.509  1018.0  96.0  1018.0
5.532  1018.0  97.0  1018.0
5.543  1016.0  96.0  1016.0
5.543  1016.0  96.0  1016.0
5.566  997.0  96.0  1016.0
5.587  969.0  98.0  969.0
5.608  945.0  98.0  945.0
5.639  902.0  98.0  902.0
5.639  902.0  98.0  902.0
5.66  862.0  100.0  862.0
5.681  822.0  100.0  862.0
5.701  779.0  100.0  779.0
5.701  779.0  100.0  779.0
5.723  737.0  101.0  759.0
5.743  693.0  103.0  737.0
5.764  650.0  103.0  693.0
5.764  650.0  102.0  650.0
5.785  604.0  102.0  650.0
5.806  563.0  102.0  650.0
5.826  521.0  103.0  563.0
5.826  521.0  103.0  521.0
5.858  459.0  103.0  521.0
5.878  422.0  108.0  459.0
5.899  389.0  108.0  459.0
5.92  359.0  106.0  389.0
5.92  359.0  105.0  359.0
5.941  334.0  106.0  334.0
5.961  311.0  106.0  334.0
5.983  291.0  106.0  311.0
6.003  276.0  107.0  291.0
6.003  276.0  107.0  291.0
6.024  262.0  107.0  291.0
6.044  255.0  106.0  262.0
6.066  251.0  104.0  255.0
6.066  251.0  104.0  251.0
6.086  250.0  104.0  250.0
6.107  250.0  104.0  250.0
6.128  250.0  104.0  250.0
6.149  250.0  101.0  250.0
6.149  250.0  100.0  250.0
6.18  253.0  98.0  253.0
6.201  279.0  97.0  279.0
6.221  301.0  97.0  279.0
6.242  325.0  97.0  279.0
6.242  325.0  97.0  325.0
6.263  356.0  97.0  356.0
6.284  391.0  97.0  391.0
6.304  431.0  97.0  391.0
6.326  471.0  96.0  431.0
6.326  471.0  96.0  471.0
6.346  519.0  96.0  471.0
6.367  565.0  96.0  565.0
6.388  612.0  96.0  565.0
6.388  612.0  96.0  612.0
6.409  662.0  96.0  662.0
6.429  708.0  96.0  662.0
6.451  754.0  96.0  662.0
6.471  797.0  93.0  754.0
6.471  797.0  93.0  754.0
6.502  861.0  94.0  861.0
6.523  896.0  92.0  896.0
6.544  931.0  92.0  896.0
6.564  958.0  92.0  931.0
6.564  958.0  93.0  958.0
6.586  982.0  93.0  958.0
6.606  998.0  93.0  958.0
6.617  1005.0  92.0  998.0
6.639  1016.0  94.0  1005.0
6.639  1016.0  96.0  1016.0
6.663  1016.0  98.0  1016.0
6.685  1016.0  98.0  1016.0
6.708  1005.0  98.0  1016.0
6.73  979.0  96.0  1005.0
6.73  979.0  96.0  1005.0
6.751  954.0  98.0  979.0
6.771  936.0  96.0  954.0
6.793  901.0  98.0  936.0
6.813  860.0  100.0  901.0
6.813  860.0  100.0  901.0
6.834  817.0  100.0  860.0
6.855  775.0  100.0  860.0
6.876  730.0  100.0  775.0
6.876  730.0  101.0  730.0
6.896  686.0  103.0  686.0
6.918  640.0  103.0  686.0
6.938  594.0  103.0  686.0
6.959  552.0  103.0  594.0
6.959  552.0  104.0  552.0
6.98  510.0  104.0  552.0
7.001  469.0  104.0  510.0
7.021  431.0  104.0  469.0
7.042  396.0  103.0  431.0
7.042  396.0  103.0  431.0
7.063  366.0  103.0  431.0
7.084  340.0  105.0  366.0
7.104  318.0  104.0  340.0
7.126  297.0  106.0  318.0
7.126  297.0  106.0  318.0
7.146  281.0  104.0  297.0
7.166  266.0  104.0  297.0
7.188  258.0  104.0  266.0
7.188  258.0  103.0  258.0
7.208  254.0  103.0  254.0
7.229  253.0  103.0  254.0
7.25  251.0  103.0  253.0
7.271  251.0  103.0  253.0
7.271  251.0  102.0  251.0
7.291  251.0  98.0  251.0
7.323  251.0  98.0  251.0
7.344  265.0  97.0  251.0
7.364  293.0  98.0  265.0
7.364  293.0  98.0  265.0
7.386  316.0  98.0  265.0
7.406  347.0  98.0  316.0
7.427  381.0  97.0  347.0
7.448  421.0  96.0  381.0
7.448  421.0  96.0  421.0
7.469  463.0  96.0  421.0
7.489  510.0  96.0  421.0
7.51  557.0  96.0  510.0
7.531  608.0  96.0  557.0
7.531  608.0  95.0  608.0
7.552  657.0  95.0  608.0
7.572  704.0  96.0  657.0
7.593  750.0  95.0  704.0
7.614  795.0  95.0  704.0
7.614  795.0  95.0  704.0
7.634  837.0  94.0  795.0
7.656  878.0  94.0  837.0
7.676  912.0  92.0  878.0
7.697  943.0  92.0  912.0
7.697  943.0  92.0  912.0
7.718  969.0  92.0  943.0
7.739  991.0  92.0  943.0
7.759  1007.0  92.0  991.0
7.759  1007.0  93.0  1007.0
7.783  1015.0  93.0  1007.0
7.805  1019.0  94.0  1015.0
7.828  1019.0  96.0  1019.0
7.828  1019.0  96.0  1019.0
7.852  1019.0  98.0  1019.0
7.874  999.0  98.0  1019.0
7.895  977.0  98.0  999.0
7.916  950.0  98.0  977.0
7.916  950.0  98.0  977.0
7.937  913.0  98.0  913.0
7.957  875.0  98.0  913.0
7.979  832.0  100.0  875.0
7.979  832.0  100.0  832.0
8.009  744.0  100.0  790.0
8.019  744.0  100.0  744.0
8.04  698.0  100.0  744.0
8.061  652.0  100.0  744.0
8.082  603.0  100.0  652.0
8.082  603.0  101.0  603.0
8.102  564.0  103.0  564.0
8.124  520.0  103.0  564.0
8.144  480.0  103.0  520.0
8.144  480.0  103.0  520.0
8.165  441.0  104.0  441.0
8.186  404.0  104.0  441.0
8.207  374.0  103.0  404.0
8.227  344.0  103.0  374.0
8.227  344.0  103.0  344.0
8.249  321.0  103.0  344.0
8.269  297.0  103.0  344.0
8.29  282.0  104.0  297.0
8.29  282.0  104.0  282.0
8.322  261.0  104.0  261.0
8.342  253.0  104.0  253.0
8.363  249.0  104.0  253.0
8.384  248.0  104.0  253.0
8.384  248.0  104.0  248.0
8.404  249.0  103.0  249.0
8.425  248.0  100.0  248.0
8.446  248.0  100.0  248.0
8.446  248.0  98.0  248.0
8.467  247.0  97.0  247.0
8.487  260.0  97.0  247.0
8.508  288.0  97.0  247.0
8.529  309.0  97.0  288.0
8.529  309.0  97.0  309.0
8.55  340.0  97.0  340.0
8.57  373.0  97.0  373.0
8.592  411.0  97.0  373.0
8.592  411.0  96.0  411.0
8.612  452.0  96.0  411.0
8.633  496.0  96.0  496.0
8.654  542.0  96.0  542.0
8.675  588.0  96.0  588.0
8.675  588.0  96.0  588.0
8.695  638.0  96.0  588.0
8.717  683.0  95.0  683.0
8.737  729.0  95.0  729.0
8.758  776.0  93.0  776.0
8.758  776.0  93.0  776.0
8.79  840.0  94.0  840.0
8.81  880.0  92.0  880.0
8.83  917.0  92.0  880.0
8.852  947.0  92.0  880.0
8.852  947.0  92.0  947.0
8.872  972.0  94.0  972.0
8.893  995.0  92.0  995.0
8.903  1002.0  92.0  995.0
8.903  1002.0  94.0  1002.0
8.927  1014.0  94.0  1002.0
8.949  1018.0  94.0  1018.0
8.972  1018.0  96.0  1018.0
8.995  1019.0  98.0  1019.0
8.995  1019.0  98.0  1019.0
9.018  1002.0  97.0  1002.0
9.039  976.0  97.0  1002.0
9.061  955.0  98.0  955.0
9.081  923.0  98.0  923.0
9.081  923.0  98.0  923.0
9.102  883.0  100.0  883.0
9.123  843.0  100.0  843.0
9.144  802.0  100.0  843.0
9.164  758.0  100.0  758.0
9.164  758.0  100.0  758.0
9.186  710.0  100.0  710.0
9.206  666.0  102.0  666.0
9.227  618.0  102.0  618.0
9.248  576.0  103.0  576.0
9.248  576.0  103.0  576.0
9.269  532.0  103.0  576.0
9.289  490.0  102.0  490.0
9.321  432.0  102.0  432.0
9.321  432.0  102.0  432.0
9.331  413.0  104.0  413.0
9.352  381.0  102.0  381.0
9.372  351.0  102.0  381.0
9.394  327.0  104.0  327.0
9.414  303.0  104.0  327.0
9.414  303.0  104.0  303.0
9.435  285.0  104.0  285.0
9.456  269.0  103.0  269.0
9.487  254.0  103.0  269.0
9.487  254.0  103.0  269.0
9.508  249.0  103.0  249.0
9.529  248.0  103.0  248.0
9.549  248.0  103.0  248.0
9.57  248.0  102.0  248.0
9.57  248.0  102.0  248.0
9.591  247.0  102.0  248.0
9.612  247.0  98.0  247.0
9.632  257.0  98.0  247.0
9.632  257.0  97.0  257.0
9.654  283.0  97.0  257.0
9.674  305.0  98.0  283.0
9.695  333.0  98.0  283.0
9.716  366.0  98.0  333.0
9.737  402.0  97.0  366.0
9.737  402.0  97.0  366.0
9.757  442.0  96.0  402.0
9.779  487.0  96.0  442.0
9.799  532.0  96.0  442.0
9.82  578.0  96.0  532.0
9.82  578.0  96.0  532.0
9.841  628.0  96.0  578.0
9.862  676.0  96.0  628.0
9.882  723.0  96.0  676.0
9.903  768.0  96.0  676.0
9.903  768.0  94.0  768.0
9.924  812.0  94.0  812.0
9.945  856.0  94.0  812.0
9.965  893.0  92.0  893.0
9.965  893.0  92.0  893.0
9.987  928.0  93.0  928.0
10.007  958.0  92.0  958.0
10.03  985.0  92.0  958.0
10.053  1001.0  92.0  1001.0
10.053  1001.0  92.0  1001.0
10.065  1010.0  92.0  1010.0
10.09  1018.0  94.0  1018.0
10.116  1017.0  96.0  1017.0
10.116  1017.0  96.0  1017.0
10.128  1018.0  97.0  1018.0
10.152  1014.0  97.0  1018.0
10.178  984.0  98.0  1001.0
10.201  960.0  97.0  984.0
10.201  960.0  97.0  984.0
10.223  931.0  98.0  960.0
10.247  888.0  98.0  960.0
10.258  866.0  99.0  888.0
10.28  822.0  100.0  866.0
10.28  822.0  100.0  866.0
10.303  775.0  100.0  822.0
10.327  723.0  101.0  775.0
10.349  673.0  100.0  723.0
10.349  673.0  100.0  723.0
10.372  621.0  101.0  621.0
10.395  573.0  101.0  621.0
10.418  525.0  101.0  573.0
10.418  525.0  103.0  525.0
10.441  480.0  103.0  525.0
10.452  459.0  102.0  480.0
10.475  417.0  103.0  459.0
10.498  381.0  103.0  459.0
10.498  381.0  103.0  459.0
10.521  347.0  102.0  381.0
10.544  321.0  102.0  347.0
10.566  296.0  103.0  321.0
10.578  287.0  103.0  296.0
10.578  287.0  103.0  296.0
10.612  262.0  103.0  296.0
10.624  257.0  103.0  262.0
10.647  250.0  103.0  257.0
10.67  248.0  102.0  250.0
10.67  248.0  102.0  250.0
10.692  248.0  102.0  248.0
10.716  248.0  101.0  248.0
10.727  247.0  101.0  248.0
10.749  247.0  99.0  247.0
10.749  247.0  99.0  247.0
10.773  247.0  98.0  247.0
10.796  255.0  98.0  247.0
10.818  271.0  97.0  255.0
10.842  281.0  97.0  271.0
10.842  281.0  97.0  271.0
10.853  286.0  97.0  271.0
10.875  295.0  97.0  286.0
10.898  301.0  98.0  295.0
10.898  301.0  97.0  301.0
10.921  303.0  97.0  301.0
10.944  305.0  97.0  301.0
10.967  305.0  96.0  305.0
10.99  305.0  96.0  305.0
10.99  305.0  96.0  305.0
11.013  305.0  97.0  305.0
11.035  305.0  98.0  305.0
11.047  305.0  97.0  305.0
11.047  305.0  97.0  305.0
11.07  305.0  97.0  305.0
11.092  304.0  97.0  305.0
11.116  305.0  97.0  304.0
11.116  305.0  97.0  305.0
11.139  305.0  97.0  305.0
11.161  305.0  97.0  305.0
11.173  305.0  97.0  305.0
11.196  305.0  98.0  305.0
11.218  305.0  97.0  305.0
11.218  305.0  97.0  305.0
11.242  305.0  97.0  305.0
11.265  305.0  97.0  305.0
11.287  305.0  97.0  305.0
11.287  305.0  97.0  305.0
11.311  305.0  97.0  305.0
11.333  305.0  97.0  305.0
11.356  305.0  97.0  305.0
11.367  304.0  97.0  305.0
11.367  304.0  97.0  304.0
11.39  304.0  97.0  304.0
11.413  305.0  97.0  304.0
11.436  305.0  98.0  305.0
11.436  305.0  97.0  305.0
11.459  305.0  98.0  305.0
11.482  305.0  98.0  305.0
11.493  305.0  97.0  305.0
11.516  305.0  97.0  305.0
11.516  305.0  98.0  305.0
11.539  305.0  98.0  305.0
11.561  305.0  98.0  305.0
11.585  305.0  98.0  305.0
11.596  305.0  97.0  305.0
11.596  305.0  97.0  305.0
11.619  305.0  97.0  305.0
11.642  305.0  98.0  305.0
11.665  305.0  98.0  305.0
11.687  305.0  98.0  305.0
11.687  305.0  97.0  305.0
11.711  305.0  97.0  305.0
11.734  305.0  97.0  305.0
11.745  305.0  97.0  305.0
11.745  305.0  97.0  305.0
11.78  305.0  98.0  305.0
11.791  305.0  98.0  305.0
11.813  305.0  97.0  305.0
11.836  305.0  97.0  305.0
11.836  305.0  97.0  305.0
11.859  305.0  97.0  305.0
11.882  305.0  97.0  305.0
11.906  305.0  97.0  305.0
11.906  305.0  97.0  305.0
11.917  305.0  97.0  305.0
11.939  305.0  97.0  305.0
11.962  305.0  97.0  305.0
11.985  305.0  97.0  305.0
12.008  305.0  97.0  305.0
12.008  305.0  97.0  305.0
12.03  304.0  97.0  304.0
12.054  305.0  97.0  304.0
12.065  305.0  97.0  305.0
12.065  305.0  97.0  305.0
12.088  305.0  97.0  305.0
12.111  305.0  97.0  305.0
12.134  304.0  97.0  305.0
12.156  304.0  97.0  304.0
12.156  304.0  97.0  304.0
