1374.251  259.0  0.0  259.0
1374.251  259.0  0.0  259.0
1374.251  259.0  0.0  259.0
1374.251  259.0  0.0  259.0
1374.251  259.0  0.0  259.0
1374.251  259.0  0.0  259.0
1374.251  259.0  0.0  259.0
1374.251  259.0  0.0  259.0
1374.251  259.0  0.0  259.0
1374.251  259.0  0.0  259.0
1374.251  259.0  0.0  259.0
1374.251  259.0  0.0  259.0
1374.251  259.0  0.0  259.0
1374.251  259.0  0.0  259.0
1374.251  259.0  0.0  259.0
1374.251  259.0  0.0  259.0
1374.251  259.0  0.0  259.0
1374.251  259.0  0.0  259.0
1374.251  259.0  0.0  259.0
1374.251  259.0  0.0  259.0
1374.251  259.0  0.0  259.0
1374.251  259.0  0.0  259.0
1374.251  259.0  0.0  259.0
1374.251  259.0  0.0  259.0
1374.251  259.0  0.0  259.0
1374.251  259.0  0.0  259.0
1374.251  259.0  0.0  259.0
1374.251  259.0  0.0  259.0
1374.251  259.0  0.0  259.0
1374.251  259.0  0.0  259.0
1374.251  259.0  0.0  259.0
1374.251  259.0  0.0  259.0
1374.251  259.0  0.0  259.0
1374.251  259.0  0.0  259.0
1374.251  259.0  0.0  259.0
1374.251  259.0  0.0  259.0
1374.251  259.0  0.0  259.0
1374.251  259.0  0.0  259.0
1374.251  259.0  0.0  259.0
1374.251  259.0  0.0  259.0
1374.251  259.0  0.0  259.0
1374.251  259.0  0.0  259.0
0.0  259.0  0.0  259.0
0.0010  259.0  0.0  259.0
0.0010  259.0  0.0  259.0
0.0020  259.0  0.0  259.0
0.0050  258.0  0.0  259.0
0.0050  258.0  0.0  258.0
0.028  259.0  0.0  259.0
0.045  259.0  0.0  259.0
0.07  259.0  0.0  259.0
0.095  258.0  0.0  259.0
0.095  258.0  0.0  258.0
0.112  259.0  0.0  258.0
0.132  259.0  0.0  259.0
0.15  259.0  0.0  259.0
0.178  259.0  0.0  259.0
0.178  259.0  0.0  259.0
0.197  259.0  0.0  259.0
0.216  258.0  0.0  258.0
0.243  259.0  0.0  258.0
0.243  259.0  0.0  258.0
0.263  259.0  0.0  259.0
0.281  258.0  0.0  258.0
0.309  259.0  0.0  259.0
0.309  259.0  0.0  259.0
0.328  259.0  0.0  259.0
0.347  259.0  0.0  259.0
0.374  259.0  0.0  259.0
0.394  259.0  0.0  259.0
0.394  259.0  0.0  259.0
0.412  259.0  0.0  259.0
0.431  259.0  0.0  259.0
0.459  258.0  0.0  259.0
0.459  258.0  0.0  259.0
0.478  258.0  0.0  258.0
0.496  259.0  0.0  259.0
0.515  259.0  0.0  259.0
0.543  259.0  0.0  259.0
0.543  259.0  0.0  259.0
0.562  258.0  0.0  258.0
0.58  259.0  0.0  258.0
0.609  259.0  0.0  259.0
0.627  258.0  0.0  258.0
0.627  258.0  0.0  258.0
0.646  259.0  0.0  259.0
0.665  259.0  0.0  259.0
0.684  259.0  0.0  259.0
0.711  259.0  0.0  259.0
0.711  259.0  0.0  259.0
0.731  259.0  0.0  259.0
0.749  258.0  0.0  258.0
0.777  259.0  0.0  259.0
0.796  259.0  0.0  259.0
0.815  259.0  0.0  259.0
0.833  259.0  0.0  259.0
0.833  259.0  0.0  259.0
0.862  259.0  0.0  259.0
0.917  259.0  0.0  259.0
0.946  258.0  0.0  259.0
0.946  258.0  0.0  258.0
0.964  259.0  0.0  259.0
0.983  259.0  0.0  259.0
1.002  259.0  0.0  259.0
1.033  259.0  0.0  259.0
1.033  259.0  0.0  259.0
1.053  259.0  0.0  259.0
1.075  259.0  0.0  259.0
1.095  259.0  0.0  259.0
1.116  259.0  0.0  259.0
1.116  259.0  0.0  259.0
1.137  259.0  0.0  259.0
1.158  259.0  0.0  259.0
1.178  259.0  0.0  259.0
1.2  259.0  0.0  259.0
1.2  259.0  0.0  259.0
1.22  259.0  0.0  259.0
1.241  259.0  0.0  259.0
1.262  259.0  0.0  259.0
1.262  259.0  0.0  259.0
1.283  259.0  0.0  259.0
1.303  259.0  0.0  259.0
1.325  259.0  0.0  259.0
1.345  259.0  0.0  259.0
1.345  259.0  0.0  259.0
1.376  259.0  0.0  259.0
1.397  259.0  0.0  259.0
1.418  259.0  0.0  259.0
1.418  259.0  0.0  259.0
1.438  259.0  0.0  259.0
1.46  259.0  0.0  259.0
1.47  259.0  0.0  259.0
1.49  259.0  0.0  259.0
1.49  259.0  0.0  259.0
1.511  258.0  0.0  258.0
1.543  259.0  0.0  259.0
1.563  259.0  0.0  259.0
1.584  259.0  0.0  259.0
1.584  259.0  0.0  259.0
1.605  259.0  0.0  259.0
1.626  259.0  0.0  259.0
1.646  259.0  0.0  259.0
1.646  259.0  0.0  259.0
1.668  259.0  0.0  259.0
1.688  259.0  0.0  259.0
1.709  259.0  0.0  259.0
1.73  259.0  0.0  259.0
1.73  259.0  0.0  259.0
1.751  258.0  0.0  258.0
1.771  259.0  0.0  259.0
1.793  259.0  0.0  259.0
1.813  259.0  0.0  259.0
1.813  259.0  0.0  259.0
1.833  259.0  0.0  259.0
1.865  259.0  0.0  259.0
1.886  259.0  0.0  259.0
1.906  259.0  0.0  259.0
1.906  259.0  0.0  259.0
1.928  259.0  0.0  259.0
1.938  259.0  0.0  259.0
1.958  259.0  0.0  259.0
1.958  259.0  0.0  259.0
1.979  259.0  0.0  259.0
2.011  259.0  0.0  259.0
2.021  259.0  0.0  259.0
2.052  259.0  0.0  259.0
2.052  259.0  0.0  259.0
2.073  259.0  0.0  259.0
2.094  259.0  0.0  259.0
2.114  259.0  0.0  259.0
2.136  259.0  0.0  259.0
2.136  259.0  0.0  259.0
2.156  259.0  0.0  259.0
2.177  259.0  0.0  259.0
2.198  258.0  0.0  258.0
2.219  259.0  0.0  259.0
2.219  259.0  0.0  259.0
2.239  259.0  0.0  259.0
2.26  258.0  0.0  258.0
2.281  259.0  0.0  258.0
2.301  259.0  0.0  258.0
2.301  259.0  0.0  259.0
2.323  259.0  0.0  259.0
2.343  259.0  0.0  259.0
2.364  259.0  0.0  259.0
2.364  259.0  0.0  259.0
2.384  259.0  0.0  259.0
2.406  258.0  0.0  259.0
2.426  258.0  0.0  258.0
2.447  259.0  0.0  259.0
2.447  259.0  0.0  259.0
2.489  259.0  0.0  259.0
2.509  258.0  0.0  259.0
2.531  259.0  0.0  258.0
2.531  259.0  0.0  259.0
2.551  258.0  0.0  258.0
2.572  259.0  0.0  258.0
2.604  259.0  0.0  258.0
2.614  259.0  0.0  259.0
2.624  258.0  0.0  258.0
2.644  259.0  0.0  259.0
2.666  259.0  0.0  259.0
2.686  259.0  0.0  259.0
2.686  259.0  0.0  259.0
2.707  258.0  0.0  259.0
2.739  259.0  0.0  259.0
2.759  259.0  0.0  259.0
2.759  259.0  0.0  259.0
2.78  259.0  0.0  259.0
2.801  259.0  0.0  259.0
2.822  259.0  0.0  259.0
2.842  259.0  0.0  259.0
2.842  259.0  0.0  259.0
2.864  259.0  0.0  259.0
2.884  259.0  0.0  259.0
2.905  259.0  0.0  259.0
2.905  259.0  0.0  259.0
2.926  259.0  0.0  259.0
2.947  258.0  0.0  258.0
2.967  259.0  0.0  258.0
2.999  258.0  0.0  258.0
2.999  258.0  0.0  258.0
3.019  259.0  0.0  259.0
3.04  259.0  0.0  259.0
3.05  259.0  0.0  259.0
3.072  258.0  0.0  259.0
3.072  258.0  0.0  259.0
3.092  259.0  0.0  258.0
3.112  259.0  0.0  259.0
3.144  259.0  0.0  259.0
3.144  259.0  0.0  259.0
3.165  259.0  0.0  259.0
3.186  259.0  0.0  259.0
3.207  259.0  0.0  259.0
3.227  259.0  0.0  259.0
3.227  259.0  0.0  259.0
3.248  259.0  0.0  259.0
3.269  259.0  0.0  259.0
3.29  259.0  0.0  259.0
3.29  259.0  0.0  259.0
3.31  258.0  0.0  259.0
3.332  259.0  0.0  258.0
