44.063  305.0  97.0  305.0
44.063  305.0  97.0  305.0
44.063  305.0  97.0  305.0
44.063  305.0  97.0  305.0
44.063  305.0  97.0  305.0
44.063  305.0  97.0  305.0
44.063  305.0  97.0  305.0
44.063  305.0  97.0  305.0
44.063  305.0  97.0  305.0
44.063  305.0  97.0  305.0
44.063  305.0  97.0  305.0
44.063  305.0  97.0  305.0
44.063  305.0  97.0  305.0
44.063  305.0  97.0  305.0
44.063  305.0  97.0  305.0
44.063  305.0  97.0  305.0
44.063  305.0  97.0  305.0
44.063  305.0  97.0  305.0
44.063  305.0  97.0  305.0
44.063  305.0  97.0  305.0
44.063  305.0  97.0  305.0
44.063  305.0  97.0  305.0
44.063  305.0  97.0  305.0
44.063  305.0  97.0  305.0
44.063  305.0  97.0  305.0
44.063  305.0  97.0  305.0
44.063  305.0  97.0  305.0
44.063  305.0  97.0  305.0
44.063  305.0  97.0  305.0
44.063  305.0  97.0  305.0
44.063  305.0  97.0  305.0
0.0  305.0  97.0  305.0
0.0010  304.0  97.0  305.0
0.0020  305.0  96.0  304.0
0.0020  305.0  97.0  305.0
0.0050  305.0  97.0  305.0
0.02  305.0  97.0  305.0
0.045  305.0  97.0  305.0
0.045  305.0  97.0  305.0
0.07  305.0  97.0  305.0
0.095  305.0  97.0  305.0
0.112  304.0  97.0  305.0
0.132  305.0  97.0  305.0
0.15  305.0  97.0  305.0
0.178  305.0  97.0  305.0
0.178  305.0  97.0  305.0
0.197  305.0  97.0  305.0
0.216  305.0  97.0  305.0
0.216  305.0  97.0  305.0
0.243  305.0  97.0  305.0
0.272  305.0  97.0  305.0
0.29  304.0  97.0  305.0
0.29  304.0  97.0  305.0
0.309  304.0  97.0  304.0
0.337  305.0  97.0  304.0
0.356  305.0  97.0  305.0
0.374  305.0  97.0  305.0
0.374  305.0  97.0  305.0
0.394  305.0  96.0  305.0
0.412  305.0  96.0  305.0
0.44  305.0  96.0  305.0
0.459  305.0  96.0  305.0
0.459  305.0  97.0  305.0
0.487  305.0  96.0  305.0
0.505  304.0  96.0  305.0
0.534  304.0  96.0  304.0
0.534  304.0  96.0  304.0
0.552  304.0  97.0  304.0
0.58  304.0  97.0  304.0
0.58  304.0  97.0  304.0
0.618  305.0  96.0  305.0
0.618  305.0  96.0  305.0
0.656  305.0  96.0  305.0
0.656  305.0  96.0  305.0
0.711  304.0  96.0  305.0
0.731  306.0  97.0  306.0
0.749  305.0  97.0  306.0
0.777  305.0  97.0  306.0
0.796  305.0  96.0  305.0
0.815  305.0  96.0  305.0
0.833  305.0  97.0  305.0
0.862  305.0  97.0  305.0
0.862  304.0  97.0  305.0
0.88  304.0  97.0  304.0
0.899  305.0  97.0  304.0
0.917  305.0  97.0  305.0
0.917  305.0  97.0  305.0
0.946  305.0  97.0  305.0
0.964  305.0  97.0  305.0
0.983  305.0  97.0  305.0
0.993  305.0  97.0  305.0
1.012  305.0  97.0  305.0
1.033  304.0  97.0  304.0
1.053  305.0  97.0  305.0
1.085  305.0  97.0  305.0
1.085  305.0  97.0  305.0
1.127  305.0  97.0  305.0
1.158  305.0  97.0  305.0
1.241  305.0  97.0  305.0
1.262  305.0  97.0  305.0
1.262  305.0  97.0  305.0
1.303  305.0  96.0  305.0
1.345  305.0  96.0  305.0
1.345  305.0  96.0  305.0
1.366  304.0  96.0  305.0
1.386  305.0  96.0  304.0
1.408  305.0  96.0  305.0
1.428  305.0  96.0  305.0
1.428  305.0  96.0  305.0
1.448  305.0  96.0  305.0
1.47  305.0  96.0  305.0
1.49  305.0  96.0  305.0
1.511  305.0  96.0  305.0
1.511  305.0  96.0  305.0
1.532  305.0  96.0  305.0
1.553  305.0  96.0  305.0
1.584  305.0  96.0  305.0
1.584  305.0  96.0  305.0
1.605  305.0  96.0  305.0
1.626  305.0  96.0  305.0
1.646  304.0  96.0  305.0
1.668  305.0  96.0  304.0
1.668  305.0  96.0  305.0
1.688  305.0  96.0  305.0
1.709  304.0  96.0  305.0
1.73  305.0  96.0  305.0
1.751  305.0  97.0  305.0
1.751  305.0  97.0  305.0
1.771  305.0  97.0  305.0
1.793  305.0  96.0  305.0
1.813  305.0  96.0  305.0
1.833  305.0  96.0  305.0
1.833  305.0  96.0  305.0
1.855  305.0  96.0  305.0
1.875  305.0  96.0  305.0
1.896  305.0  97.0  305.0
1.916  305.0  96.0  305.0
1.916  305.0  96.0  305.0
1.938  305.0  96.0  305.0
1.958  305.0  96.0  305.0
1.979  305.0  96.0  305.0
1.99  305.0  96.0  305.0
2.0  305.0  96.0  305.0
2.021  305.0  96.0  305.0
2.052  305.0  96.0  305.0
2.052  305.0  96.0  305.0
2.073  305.0  96.0  305.0
2.094  305.0  96.0  305.0
2.114  305.0  96.0  305.0
2.136  305.0  96.0  305.0
2.136  305.0  96.0  305.0
2.156  305.0  97.0  305.0
2.177  305.0  96.0  305.0
2.198  305.0  96.0  305.0
2.219  305.0  96.0  305.0
2.219  305.0  96.0  305.0
2.239  305.0  96.0  305.0
2.26  305.0  97.0  305.0
2.281  305.0  96.0  305.0
2.301  304.0  96.0  305.0
2.301  304.0  96.0  304.0
2.323  304.0  96.0  304.0
2.343  305.0  96.0  304.0
2.364  305.0  96.0  304.0
2.384  305.0  97.0  305.0
2.384  305.0  97.0  305.0
2.406  305.0  97.0  305.0
2.426  305.0  97.0  305.0
2.447  304.0  97.0  305.0
2.468  305.0  97.0  304.0
2.468  305.0  97.0  305.0
2.489  305.0  97.0  305.0
2.509  304.0  97.0  305.0
2.531  304.0  97.0  304.0
2.531  304.0  96.0  304.0
2.562  305.0  97.0  305.0
2.582  305.0  96.0  305.0
2.604  305.0  96.0  305.0
2.624  305.0  96.0  305.0
2.624  305.0  96.0  305.0
2.644  304.0  96.0  304.0
2.666  304.0  96.0  304.0
2.686  305.0  96.0  304.0
2.707  305.0  96.0  305.0
2.707  305.0  96.0  305.0
2.728  305.0  96.0  305.0
2.749  305.0  96.0  305.0
2.769  304.0  96.0  305.0
2.769  304.0  97.0  304.0
2.791  305.0  97.0  305.0
2.811  305.0  97.0  305.0
2.842  305.0  97.0  305.0
2.864  304.0  97.0  304.0
2.874  305.0  97.0  305.0
2.874  305.0  97.0  305.0
2.905  305.0  97.0  305.0
2.926  305.0  97.0  305.0
2.947  305.0  97.0  305.0
2.947  305.0  97.0  305.0
2.967  305.0  97.0  305.0
2.989  305.0  97.0  305.0
3.009  304.0  97.0  305.0
3.03  304.0  97.0  305.0
3.03  304.0  97.0  305.0
3.05  305.0  97.0  304.0
3.072  305.0  97.0  305.0
3.092  305.0  97.0  305.0
3.112  305.0  97.0  305.0
3.112  305.0  97.0  305.0
3.134  305.0  97.0  305.0
3.154  305.0  97.0  305.0
3.175  305.0  97.0  305.0
3.196  305.0  97.0  305.0
3.196  305.0  97.0  305.0
3.217  305.0  97.0  305.0
3.237  305.0  97.0  305.0
3.259  305.0  97.0  305.0
3.279  305.0  97.0  305.0
3.279  305.0  97.0  305.0
3.3  305.0  97.0  305.0
3.321  305.0  97.0  305.0
3.342  305.0  97.0  305.0
3.362  305.0  97.0  305.0
3.362  305.0  97.0  305.0
3.383  305.0  97.0  305.0
3.404  305.0  97.0  305.0
3.425  305.0  97.0  305.0
3.445  305.0  97.0  305.0
3.445  305.0  97.0  305.0
3.467  305.0  97.0  305.0
3.487  305.0  97.0  305.0
3.508  305.0  97.0  305.0
3.529  305.0  97.0  305.0
3.529  305.0  97.0  305.0
3.55  305.0  97.0  304.0
3.57  305.0  97.0  304.0
3.602  305.0  97.0  305.0
3.602  305.0  97.0  305.0
3.622  305.0  97.0  305.0
3.643  305.0  97.0  305.0
3.664  305.0  97.0  305.0
3.675  304.0  97.0  305.0
3.675  304.0  97.0  305.0
3.695  305.0  97.0  305.0
3.727  305.0  97.0  305.0
3.747  305.0  97.0  305.0
3.768  305.0  97.0  305.0
3.768  305.0  97.0  305.0
3.789  305.0  97.0  305.0
3.81  305.0  97.0  305.0
3.83  305.0  97.0  305.0
3.83  305.0  97.0  305.0
3.852  305.0  97.0  305.0
3.872  305.0  97.0  305.0
3.893  305.0  97.0  305.0
3.913  305.0  97.0  305.0
3.935  305.0  97.0  305.0
3.935  305.0  97.0  305.0
3.955  304.0  97.0  305.0
3.976  305.0  97.0  304.0
3.997  305.0  97.0  305.0
3.997  305.0  97.0  305.0
4.018  305.0  97.0  305.0
4.038  305.0  97.0  305.0
4.06  305.0  97.0  305.0
4.08  304.0  97.0  304.0
4.08  304.0  97.0  304.0
4.101  305.0  97.0  305.0
4.122  305.0  97.0  305.0
4.143  304.0  97.0  304.0
4.163  305.0  97.0  304.0
4.163  305.0  97.0  304.0
4.185  305.0  97.0  305.0
4.205  304.0  97.0  304.0
4.226  305.0  97.0  305.0
4.226  305.0  97.0  305.0
4.246  305.0  97.0  305.0
4.278  305.0  97.0  305.0
4.298  305.0  97.0  305.0
4.32  305.0  97.0  305.0
4.32  305.0  97.0  305.0
4.34  304.0  97.0  305.0
4.361  305.0  97.0  304.0
4.381  304.0  97.0  305.0
4.381  304.0  97.0  305.0
4.403  304.0  97.0  305.0
4.423  304.0  97.0  304.0
4.444  305.0  97.0  304.0
4.465  305.0  97.0  305.0
4.465  305.0  97.0  305.0
4.486  305.0  97.0  305.0
4.506  305.0  97.0  305.0
4.528  305.0  97.0  305.0
4.548  305.0  97.0  305.0
4.548  305.0  97.0  305.0
4.569  304.0  97.0  305.0
4.59  304.0  97.0  304.0
4.611  305.0  97.0  304.0
4.631  304.0  97.0  305.0
4.631  304.0  97.0  304.0
4.653  305.0  97.0  304.0
4.673  305.0  97.0  305.0
4.694  304.0  97.0  305.0
4.714  305.0  97.0  304.0
4.714  305.0  97.0  304.0
4.736  305.0  97.0  304.0
4.756  305.0  97.0  305.0
4.776  305.0  97.0  305.0
4.798  305.0  97.0  305.0
4.798  305.0  97.0  305.0
4.818  304.0  97.0  305.0
4.839  304.0  97.0  304.0
4.86  304.0  97.0  304.0
4.891  305.0  97.0  304.0
4.891  305.0  97.0  305.0
4.912  305.0  97.0  305.0
4.933  304.0  97.0  305.0
4.943  304.0  97.0  305.0
4.964  305.0  97.0  304.0
4.964  305.0  97.0  305.0
4.985  305.0  97.0  305.0
5.016  305.0  97.0  305.0
5.037  305.0  97.0  305.0
5.037  305.0  97.0  305.0
5.058  305.0  97.0  305.0
5.079  305.0  97.0  305.0
5.099  305.0  97.0  305.0
5.121  305.0  97.0  305.0
5.121  305.0  97.0  305.0
5.141  305.0  97.0  305.0
5.161  305.0  97.0  305.0
5.183  306.0  97.0  305.0
5.203  305.0  97.0  306.0
5.203  305.0  97.0  305.0
5.224  305.0  97.0  305.0
5.244  304.0  97.0  305.0
5.266  305.0  97.0  304.0
5.266  305.0  97.0  304.0
5.286  305.0  97.0  305.0
5.307  305.0  97.0  305.0
5.328  305.0  97.0  305.0
5.349  305.0  97.0  305.0
5.349  305.0  97.0  305.0
5.369  305.0  97.0  305.0
5.391  305.0  97.0  305.0
5.422  305.0  97.0  305.0
5.432  305.0  97.0  305.0
5.432  305.0  97.0  305.0
5.453  305.0  97.0  305.0
5.474  305.0  97.0  305.0
5.494  305.0  97.0  305.0
5.516  305.0  97.0  305.0
5.516  305.0  97.0  305.0
5.536  305.0  97.0  305.0
5.557  305.0  97.0  305.0
5.577  305.0  97.0  305.0
5.609  305.0  97.0  305.0
5.609  305.0  97.0  305.0
5.629  304.0  97.0  304.0
5.651  304.0  97.0  304.0
5.671  305.0  97.0  304.0
5.671  305.0  97.0  305.0
5.692  305.0  97.0  305.0
5.712  305.0  97.0  305.0
5.734  304.0  97.0  305.0
5.754  304.0  97.0  304.0
5.754  304.0  97.0  304.0
5.775  305.0  97.0  305.0
5.796  305.0  97.0  305.0
5.817  305.0  97.0  305.0
5.837  304.0  97.0  305.0
5.837  304.0  97.0  304.0
5.859  305.0  97.0  305.0
5.879  305.0  97.0  305.0
5.9  305.0  97.0  305.0
5.9  305.0  97.0  305.0
5.921  305.0  97.0  305.0
5.942  305.0  97.0  305.0
5.962  306.0  97.0  305.0
5.984  305.0  97.0  306.0
5.984  305.0  97.0  305.0
6.004  305.0  97.0  305.0
6.035  305.0  97.0  305.0
6.056  305.0  97.0  305.0
6.077  305.0  97.0  305.0
6.077  305.0  97.0  305.0
6.097  305.0  97.0  305.0
6.119  305.0  97.0  305.0
6.139  304.0  97.0  305.0
6.139  304.0  97.0  305.0
6.16  305.0  97.0  305.0
6.181  305.0  97.0  305.0
6.202  305.0  97.0  305.0
6.222  305.0  97.0  305.0
6.222  305.0  97.0  305.0
6.243  304.0  97.0  304.0
6.264  305.0  97.0  304.0
6.285  304.0  97.0  304.0
6.305  304.0  97.0  304.0
6.305  304.0  97.0  304.0
6.327  304.0  97.0  304.0
6.347  305.0  97.0  305.0
6.368  304.0  97.0  305.0
6.389  304.0  97.0  305.0
6.389  304.0  97.0  304.0
6.41  305.0  97.0  305.0
6.43  305.0  97.0  305.0
6.452  305.0  97.0  305.0
6.452  305.0  97.0  305.0
6.472  305.0  97.0  305.0
6.493  305.0  97.0  305.0
6.514  304.0  97.0  304.0
6.545  305.0  97.0  305.0
6.545  305.0  97.0  305.0
6.565  305.0  97.0  305.0
6.587  305.0  97.0  305.0
6.607  305.0  97.0  305.0
6.607  305.0  97.0  305.0
6.628  304.0  97.0  304.0
6.649  305.0  97.0  305.0
6.67  304.0  97.0  304.0
6.69  306.0  97.0  306.0
6.711  305.0  97.0  306.0
6.732  305.0  97.0  305.0
6.753  305.0  97.0  305.0
6.773  305.0  97.0  305.0
6.773  305.0  97.0  305.0
6.795  305.0  97.0  305.0
6.836  305.0  97.0  305.0
6.857  305.0  97.0  305.0
6.878  305.0  97.0  305.0
6.878  305.0  97.0  305.0
6.898  305.0  97.0  305.0
6.92  305.0  97.0  305.0
6.94  304.0  97.0  305.0
6.961  305.0  97.0  304.0
6.982  305.0  97.0  305.0
7.013  304.0  97.0  305.0
7.013  304.0  97.0  304.0
7.033  305.0  97.0  304.0
7.075  305.0  97.0  305.0
7.158  305.0  97.0  305.0
7.221  305.0  97.0  305.0
7.283  304.0  97.0  305.0
7.283  304.0  97.0  304.0
7.325  305.0  97.0  305.0
7.366  305.0  97.0  305.0
7.408  305.0  97.0  305.0
7.471  305.0  97.0  305.0
7.533  305.0  97.0  305.0
7.574  305.0  97.0  305.0
7.626  305.0  97.0  305.0
7.626  305.0  97.0  305.0
7.648  305.0  97.0  305.0
7.658  305.0  97.0  305.0
7.678  304.0  97.0  304.0
7.699  305.0  97.0  304.0
7.72  305.0  97.0  305.0
7.741  305.0  97.0  305.0
7.761  305.0  97.0  305.0
7.761  304.0  97.0  305.0
7.793  304.0  97.0  305.0
7.814  305.0  97.0  304.0
7.834  305.0  97.0  305.0
7.856  305.0  97.0  305.0
7.856  305.0  97.0  305.0
7.876  304.0  97.0  305.0
7.897  305.0  97.0  304.0
7.918  305.0  97.0  305.0
7.918  305.0  97.0  305.0
7.959  305.0  97.0  305.0
8.001  305.0  97.0  305.0
8.042  305.0  97.0  305.0
8.084  305.0  97.0  305.0
8.104  305.0  97.0  305.0
8.146  304.0  97.0  305.0
8.178  305.0  97.0  304.0
8.219  305.0  97.0  305.0
8.24  305.0  97.0  305.0
8.261  305.0  97.0  305.0
8.282  305.0  97.0  305.0
8.324  304.0  97.0  305.0
8.344  305.0  97.0  304.0
8.365  304.0  97.0  305.0
8.365  304.0  97.0  304.0
8.386  305.0  97.0  305.0
8.407  304.0  97.0  305.0
8.427  304.0  97.0  305.0
8.449  304.0  97.0  304.0
8.449  304.0  97.0  304.0
8.469  305.0  97.0  305.0
8.489  305.0  97.0  305.0
8.521  305.0  97.0  305.0
8.521  305.0  97.0  305.0
8.542  305.0  97.0  305.0
8.562  304.0  97.0  304.0
8.604  305.0  97.0  305.0
8.646  305.0  97.0  305.0
8.667  305.0  97.0  305.0
8.708  304.0  97.0  305.0
8.708  304.0  97.0  304.0
8.76  305.0  97.0  304.0
8.76  305.0  97.0  305.0
8.781  305.0  97.0  305.0
8.802  305.0  97.0  305.0
8.822  304.0  97.0  305.0
8.844  305.0  96.0  304.0
8.864  304.0  96.0  304.0
8.885  305.0  97.0  304.0
8.885  305.0  97.0  304.0
8.905  305.0  97.0  305.0
8.927  305.0  97.0  305.0
8.968  305.0  97.0  305.0
8.989  304.0  97.0  305.0
9.01  305.0  97.0  304.0
9.04  304.0  97.0  305.0
9.062  305.0  97.0  305.0
9.082  305.0  97.0  305.0
9.124  305.0  97.0  305.0
9.145  305.0  97.0  305.0
9.165  305.0  97.0  305.0
9.187  305.0  97.0  305.0
9.207  305.0  97.0  305.0
9.228  305.0  97.0  305.0
9.249  305.0  97.0  305.0
9.27  305.0  97.0  305.0
9.29  305.0  97.0  305.0
9.29  305.0  97.0  305.0
9.312  305.0  97.0  305.0
9.332  305.0  97.0  305.0
9.353  305.0  97.0  305.0
9.373  305.0  97.0  305.0
9.373  305.0  97.0  305.0
9.405  305.0  97.0  305.0
9.425  305.0  97.0  305.0
9.447  304.0  97.0  304.0
9.447  304.0  97.0  304.0
9.467  304.0  97.0  304.0
9.488  305.0  97.0  305.0
9.509  305.0  97.0  305.0
9.53  305.0  97.0  305.0
9.53  305.0  97.0  305.0
9.55  305.0  97.0  305.0
9.571  305.0  97.0  305.0
9.592  305.0  97.0  305.0
9.613  305.0  97.0  305.0
9.613  305.0  97.0  305.0
9.633  305.0  97.0  305.0
9.655  305.0  97.0  305.0
9.675  305.0  97.0  305.0
9.696  305.0  97.0  305.0
9.717  305.0  97.0  305.0
9.717  305.0  97.0  305.0
9.738  304.0  97.0  305.0
9.758  305.0  97.0  305.0
9.78  305.0  97.0  305.0
9.78  305.0  97.0  305.0
9.8  305.0  97.0  305.0
9.831  304.0  97.0  305.0
9.852  305.0  97.0  305.0
9.852  305.0  97.0  305.0
9.873  305.0  97.0  305.0
9.893  304.0  97.0  304.0
9.904  305.0  97.0  305.0
9.925  305.0  97.0  304.0
9.925  305.0  97.0  304.0
9.946  304.0  97.0  304.0
9.977  305.0  97.0  304.0
9.998  305.0  97.0  305.0
10.019  305.0  97.0  305.0
10.031  304.0  97.0  305.0
