28.69  463.0  92.0  2.0
28.69  463.0  92.0  2.0
28.69  463.0  92.0  2.0
28.69  463.0  92.0  2.0
28.69  463.0  92.0  2.0
28.69  463.0  92.0  2.0
28.69  463.0  92.0  2.0
28.69  463.0  92.0  2.0
28.69  463.0  92.0  2.0
28.69  463.0  92.0  2.0
28.69  463.0  92.0  2.0
28.69  463.0  92.0  2.0
28.69  463.0  92.0  2.0
28.69  463.0  92.0  2.0
28.69  463.0  92.0  2.0
28.69  463.0  92.0  2.0
28.69  463.0  92.0  2.0
28.69  463.0  92.0  2.0
28.69  463.0  92.0  2.0
28.69  463.0  92.0  2.0
28.69  463.0  92.0  2.0
28.69  463.0  92.0  2.0
28.69  463.0  92.0  2.0
28.69  463.0  92.0  2.0
28.69  463.0  92.0  2.0
28.69  463.0  92.0  2.0
28.69  463.0  92.0  2.0
28.69  463.0  92.0  2.0
28.69  463.0  92.0  2.0
28.69  463.0  92.0  2.0
28.69  463.0  92.0  2.0
28.69  463.0  92.0  2.0
28.69  463.0  92.0  2.0
28.69  463.0  92.0  2.0
28.69  463.0  92.0  2.0
28.69  463.0  92.0  2.0
28.69  463.0  92.0  2.0
28.69  463.0  92.0  2.0
28.69  463.0  92.0  2.0
28.69  463.0  92.0  2.0
28.69  463.0  92.0  2.0
28.69  463.0  92.0  2.0
28.69  463.0  92.0  2.0
28.69  463.0  92.0  2.0
0.0  463.0  92.0  2.0
0.0020  464.0  92.0  2.0
0.0020  464.0  93.0  190.0
0.0020  463.0  90.0  1.0
0.0050  463.0  90.0  1.0
0.028  463.0  90.0  1.0
0.028  463.0  90.0  2.0
0.053  463.0  90.0  2.0
0.07  463.0  90.0  1.0
0.095  463.0  90.0  1.0
0.112  463.0  90.0  1.0
0.112  463.0  90.0  2.0
0.132  463.0  90.0  2.0
0.15  464.0  90.0  1.0
0.178  463.0  90.0  1.0
0.197  463.0  91.0  2.0
0.197  463.0  91.0  2.0
0.216  463.0  92.0  1.0
0.234  463.0  92.0  1.0
0.263  463.0  92.0  1.0
0.263  463.0  93.0  1.0
0.281  463.0  92.0  2.0
0.3  463.0  92.0  1.0
0.328  463.0  92.0  1.0
0.347  463.0  92.0  1.0
0.347  463.0  93.0  1.0
0.365  463.0  93.0  2.0
0.384  463.0  92.0  2.0
0.403  463.0  92.0  2.0
0.431  463.0  92.0  1.0
0.431  463.0  92.0  1.0
0.449  463.0  93.0  2.0
0.468  463.0  92.0  2.0
0.496  463.0  92.0  2.0
0.496  463.0  92.0  1.0
0.515  463.0  93.0  1.0
0.534  463.0  93.0  1.0
0.562  463.0  92.0  2.0
0.58  463.0  92.0  1.0
0.58  463.0  92.0  1.0
0.6  463.0  93.0  1.0
0.627  463.0  92.0  2.0
0.646  463.0  92.0  2.0
0.646  463.0  92.0  2.0
0.665  463.0  92.0  2.0
0.693  463.0  93.0  1.0
0.711  463.0  93.0  2.0
0.711  463.0  93.0  2.0
0.731  463.0  91.0  2.0
0.758  463.0  92.0  1.0
0.777  463.0  92.0  1.0
0.796  463.0  93.0  1.0
0.796  463.0  93.0  1.0
0.815  463.0  92.0  2.0
0.842  463.0  92.0  1.0
0.917  463.0  92.0  1.0
0.917  463.0  92.0  1.0
0.936  463.0  92.0  1.0
0.964  463.0  93.0  1.0
0.964  463.0  92.0  2.0
0.983  463.0  92.0  2.0
1.002  463.0  92.0  2.0
1.022  463.0  93.0  1.0
1.043  463.0  93.0  2.0
1.043  463.0  93.0  2.0
1.064  463.0  93.0  2.0
1.085  464.0  92.0  2.0
1.105  463.0  93.0  1.0
1.127  462.0  93.0  1.0
1.127  462.0  93.0  1.0
1.147  463.0  93.0  1.0
1.168  463.0  92.0  2.0
1.189  463.0  92.0  1.0
1.189  463.0  93.0  1.0
1.21  463.0  93.0  2.0
1.23  463.0  93.0  2.0
1.251  463.0  93.0  1.0
1.272  463.0  93.0  1.0
1.272  463.0  93.0  1.0
1.303  463.0  93.0  2.0
1.325  463.0  93.0  2.0
1.345  463.0  93.0  2.0
1.345  463.0  93.0  1.0
1.366  463.0  93.0  1.0
1.386  463.0  93.0  1.0
1.408  463.0  94.0  2.0
1.428  464.0  92.0  2.0
1.428  464.0  93.0  1.0
1.448  463.0  93.0  1.0
1.47  464.0  93.0  1.0
1.49  463.0  93.0  1.0
1.49  463.0  92.0  2.0
1.511  463.0  92.0  1.0
1.532  463.0  93.0  1.0
1.553  463.0  93.0  1.0
1.573  463.0  92.0  2.0
1.573  463.0  92.0  2.0
1.595  463.0  92.0  2.0
1.615  463.0  92.0  2.0
1.636  463.0  93.0  1.0
1.657  463.0  93.0  2.0
1.657  463.0  92.0  2.0
1.678  463.0  92.0  2.0
1.709  463.0  93.0  1.0
1.73  463.0  93.0  1.0
1.73  463.0  93.0  1.0
1.751  463.0  92.0  2.0
1.771  463.0  92.0  2.0
1.793  463.0  92.0  1.0
1.813  463.0  93.0  1.0
1.813  463.0  93.0  1.0
1.833  463.0  93.0  2.0
1.855  463.0  93.0  2.0
1.875  463.0  92.0  1.0
1.896  463.0  93.0  1.0
1.896  463.0  93.0  2.0
1.916  463.0  92.0  2.0
1.938  463.0  92.0  2.0
1.958  463.0  92.0  2.0
1.979  463.0  93.0  1.0
1.979  463.0  94.0  2.0
2.0  464.0  92.0  2.0
2.021  463.0  92.0  2.0
2.041  463.0  93.0  1.0
2.063  463.0  93.0  1.0
2.063  463.0  93.0  1.0
2.083  463.0  93.0  1.0
2.104  463.0  92.0  2.0
2.125  463.0  92.0  1.0
2.146  463.0  93.0  1.0
2.146  463.0  93.0  1.0
2.166  463.0  93.0  1.0
2.188  463.0  93.0  2.0
2.208  463.0  92.0  1.0
2.208  463.0  93.0  1.0
2.229  463.0  93.0  2.0
2.249  463.0  93.0  2.0
2.271  463.0  93.0  2.0
2.301  463.0  92.0  2.0
2.301  463.0  94.0  1.0
2.323  463.0  94.0  2.0
2.343  463.0  94.0  2.0
2.364  463.0  92.0  2.0
2.384  463.0  92.0  2.0
2.384  463.0  93.0  1.0
2.406  463.0  94.0  1.0
2.426  463.0  94.0  1.0
2.447  463.0  92.0  1.0
2.468  463.0  92.0  1.0
2.468  463.0  93.0  0.0
2.489  462.0  93.0  0.0
2.509  463.0  93.0  0.0
2.531  463.0  93.0  2.0
2.551  464.0  92.0  1.0
2.551  464.0  92.0  1.0
2.572  463.0  92.0  1.0
2.593  463.0  92.0  1.0
2.614  463.0  93.0  2.0
2.634  464.0  93.0  2.0
2.634  464.0  95.0  1.0
2.656  463.0  95.0  1.0
2.676  463.0  95.0  2.0
2.697  463.0  93.0  2.0
2.697  463.0  93.0  2.0
2.717  463.0  116.0  1.0
2.739  463.0  116.0  1.0
2.759  463.0  120.0  2.0
2.791  463.0  196.0  7.0
2.791  463.0  227.0  6.0
2.811  463.0  227.0  6.0
2.832  463.0  227.0  6.0
2.853  464.0  289.0  8.0
2.864  463.0  399.0  10.0
2.864  463.0  559.0  14.0
2.884  463.0  559.0  14.0
2.905  463.0  779.0  31.0
2.926  463.0  779.0  31.0
2.957  463.0  1023.0  51.0
2.957  463.0  1023.0  79.0
2.977  463.0  1023.0  79.0
2.999  463.0  1023.0  120.0
3.019  463.0  1023.0  120.0
3.04  463.0  1023.0  139.0
3.04  463.0  1023.0  142.0
3.061  463.0  1023.0  137.0
3.082  464.0  1023.0  137.0
3.102  464.0  1023.0  137.0
3.102  464.0  1023.0  119.0
3.124  464.0  1023.0  88.0
3.144  464.0  1023.0  58.0
3.165  463.0  1023.0  58.0
3.165  463.0  1023.0  45.0
3.186  462.0  1023.0  40.0
3.207  464.0  1023.0  34.0
3.227  464.0  1023.0  34.0
3.248  464.0  1023.0  34.0
3.269  463.0  1023.0  34.0
3.269  463.0  1023.0  39.0
3.3  463.0  1023.0  46.0
3.321  463.0  1023.0  46.0
3.332  463.0  1023.0  46.0
3.332  463.0  1023.0  58.0
3.352  464.0  1023.0  94.0
3.373  464.0  1023.0  149.0
3.394  464.0  1023.0  149.0
3.425  463.0  1023.0  191.0
3.425  463.0  1023.0  191.0
3.445  463.0  1023.0  221.0
3.467  463.0  1023.0  209.0
3.487  463.0  1023.0  209.0
3.508  463.0  1023.0  177.0
3.508  463.0  1023.0  144.0
3.529  463.0  1023.0  144.0
3.55  463.0  1023.0  106.0
3.57  463.0  1023.0  106.0
3.592  463.0  1023.0  70.0
3.592  463.0  1023.0  62.0
3.612  463.0  1023.0  58.0
3.633  463.0  1023.0  58.0
3.654  463.0  1023.0  58.0
3.654  463.0  1023.0  58.0
3.675  463.0  1023.0  61.0
3.695  463.0  1023.0  75.0
3.716  463.0  1023.0  75.0
3.716  463.0  1023.0  105.0
3.737  463.0  1023.0  123.0
3.768  463.0  1023.0  123.0
3.789  463.0  1023.0  159.0
3.81  463.0  1023.0  191.0
3.82  463.0  1023.0  191.0
3.82  463.0  1023.0  198.0
3.841  463.0  1023.0  200.0
3.862  464.0  1023.0  200.0
3.893  463.0  1023.0  200.0
3.903  464.0  1023.0  186.0
3.913  463.0  1023.0  160.0
3.935  463.0  1023.0  139.0
3.955  463.0  1023.0  121.0
3.976  462.0  1023.0  121.0
3.976  462.0  1023.0  103.0
3.997  463.0  1023.0  103.0
4.018  463.0  1023.0  85.0
4.038  463.0  1023.0  85.0
4.06  462.0  1023.0  75.0
4.06  462.0  1023.0  98.0
4.08  462.0  1023.0  142.0
4.101  463.0  1023.0  142.0
4.122  463.0  1023.0  200.0
4.143  463.0  1023.0  200.0
4.143  463.0  1023.0  277.0
4.163  463.0  1023.0  318.0
4.185  462.0  1023.0  318.0
4.205  463.0  1023.0  318.0
4.205  463.0  1023.0  349.0
4.226  463.0  1023.0  386.0
4.246  463.0  1023.0  371.0
4.268  463.0  1023.0  325.0
4.288  463.0  1023.0  325.0
4.288  463.0  1023.0  265.0
4.308  463.0  1023.0  265.0
4.33  463.0  1023.0  204.0
4.35  462.0  1023.0  153.0
4.371  463.0  1023.0  153.0
4.371  463.0  1023.0  114.0
4.392  462.0  1023.0  78.0
4.413  462.0  1023.0  51.0
4.433  462.0  1023.0  51.0
4.455  462.0  1023.0  51.0
4.475  462.0  1023.0  26.0
4.475  462.0  691.0  14.0
4.496  462.0  405.0  11.0
4.528  463.0  295.0  9.0
4.548  462.0  295.0  9.0
4.548  462.0  295.0  9.0
4.569  463.0  237.0  7.0
4.59  463.0  188.0  7.0
4.611  463.0  172.0  5.0
4.621  462.0  172.0  5.0
4.621  462.0  163.0  4.0
4.653  463.0  163.0  4.0
4.673  462.0  151.0  4.0
4.694  463.0  151.0  4.0
4.714  463.0  161.0  2.0
4.714  463.0  168.0  3.0
4.736  462.0  161.0  4.0
4.756  463.0  161.0  4.0
4.776  463.0  161.0  4.0
4.776  463.0  160.0  2.0
4.798  463.0  143.0  2.0
4.818  463.0  135.0  4.0
4.839  463.0  131.0  3.0
4.86  462.0  131.0  3.0
4.86  462.0  131.0  3.0
4.881  463.0  127.0  1.0
4.901  463.0  126.0  3.0
4.923  463.0  127.0  3.0
4.943  463.0  127.0  3.0
4.943  463.0  131.0  2.0
4.964  463.0  131.0  2.0
4.985  463.0  136.0  3.0
5.006  463.0  133.0  3.0
5.026  463.0  133.0  3.0
5.026  463.0  135.0  2.0
5.047  462.0  135.0  2.0
5.079  462.0  138.0  2.0
5.089  463.0  139.0  4.0
5.089  463.0  139.0  4.0
5.109  463.0  145.0  2.0
5.131  463.0  198.0  3.0
5.151  463.0  198.0  3.0
5.172  463.0  233.0  6.0
5.193  463.0  233.0  6.0
5.193  463.0  259.0  7.0
5.224  463.0  357.0  9.0
5.244  463.0  505.0  12.0
5.266  463.0  505.0  12.0
5.266  463.0  505.0  12.0
5.286  463.0  626.0  17.0
5.307  463.0  932.0  38.0
5.328  463.0  1023.0  53.0
5.349  463.0  1023.0  53.0
5.349  463.0  1023.0  53.0
5.369  463.0  1023.0  57.0
5.391  463.0  1023.0  62.0
5.411  463.0  1023.0  60.0
5.411  463.0  1023.0  60.0
5.432  463.0  1023.0  51.0
5.453  463.0  1023.0  36.0
5.474  463.0  1023.0  36.0
5.494  463.0  1023.0  21.0
5.494  463.0  636.0  10.0
5.516  463.0  636.0  10.0
5.536  462.0  374.0  5.0
5.557  463.0  184.0  3.0
5.577  463.0  148.0  3.0
5.577  463.0  148.0  3.0
5.599  463.0  148.0  3.0
5.619  463.0  152.0  2.0
5.64  464.0  155.0  2.0
5.661  463.0  154.0  3.0
5.661  463.0  154.0  3.0
5.682  463.0  154.0  3.0
5.702  463.0  142.0  2.0
5.724  463.0  135.0  1.0
5.754  463.0  143.0  4.0
5.754  463.0  143.0  4.0
5.775  463.0  151.0  2.0
5.796  463.0  151.0  2.0
5.817  463.0  154.0  2.0
5.837  463.0  156.0  4.0
5.837  463.0  156.0  4.0
5.859  462.0  155.0  3.0
5.879  462.0  160.0  2.0
5.9  463.0  160.0  2.0
5.9  463.0  173.0  4.0
5.921  463.0  173.0  4.0
5.942  463.0  236.0  7.0
5.962  463.0  416.0  9.0
5.984  463.0  416.0  9.0
5.984  463.0  593.0  17.0
6.004  463.0  593.0  17.0
6.025  463.0  725.0  23.0
6.045  463.0  1010.0  31.0
6.045  463.0  1023.0  33.0
6.067  462.0  1023.0  33.0
6.087  463.0  1023.0  33.0
6.108  463.0  1023.0  25.0
6.129  463.0  813.0  17.0
6.15  463.0  612.0  10.0
6.15  463.0  612.0  10.0
6.17  463.0  427.0  9.0
6.192  463.0  339.0  6.0
6.212  463.0  339.0  6.0
6.212  463.0  268.0  6.0
6.233  463.0  268.0  6.0
6.264  463.0  247.0  8.0
6.285  463.0  238.0  6.0
6.285  463.0  238.0  6.0
6.305  463.0  220.0  3.0
6.327  463.0  220.0  3.0
6.347  462.0  216.0  5.0
6.368  462.0  223.0  4.0
6.378  463.0  222.0  4.0
6.378  463.0  222.0  4.0
6.4  463.0  222.0  4.0
6.42  463.0  250.0  8.0
6.452  463.0  322.0  7.0
6.452  463.0  340.0  6.0
6.472  463.0  273.0  7.0
6.493  463.0  273.0  7.0
6.514  463.0  273.0  7.0
6.535  463.0  226.0  4.0
6.555  463.0  169.0  1.0
6.555  463.0  169.0  1.0
6.576  463.0  138.0  2.0
6.597  463.0  140.0  3.0
6.618  464.0  131.0  1.0
6.618  464.0  131.0  1.0
6.638  463.0  131.0  1.0
6.66  463.0  131.0  1.0
6.68  463.0  136.0  3.0
6.701  462.0  134.0  1.0
6.701  462.0  134.0  1.0
6.722  463.0  134.0  1.0
6.743  463.0  133.0  1.0
6.763  464.0  132.0  3.0
6.785  462.0  130.0  2.0
6.785  462.0  133.0  1.0
6.805  463.0  133.0  1.0
6.825  463.0  133.0  3.0
6.847  463.0  133.0  3.0
6.847  463.0  130.0  2.0
6.867  463.0  130.0  2.0
6.888  463.0  127.0  2.0
6.908  463.0  127.0  2.0
6.93  463.0  127.0  2.0
6.93  463.0  128.0  3.0
6.95  463.0  126.0  2.0
6.971  463.0  123.0  2.0
6.992  463.0  123.0  2.0
7.013  463.0  116.0  3.0
7.013  463.0  116.0  3.0
7.044  464.0  118.0  2.0
7.065  463.0  118.0  2.0
7.086  463.0  116.0  2.0
7.106  463.0  118.0  3.0
7.106  463.0  115.0  2.0
7.128  463.0  115.0  2.0
7.148  463.0  115.0  2.0
7.169  463.0  112.0  2.0
7.19  463.0  109.0  3.0
7.19  463.0  112.0  2.0
7.211  463.0  112.0  2.0
7.231  463.0  112.0  2.0
7.252  463.0  112.0  2.0
7.252  463.0  114.0  2.0
7.273  462.0  112.0  2.0
7.293  462.0  112.0  2.0
7.315  463.0  119.0  2.0
7.335  463.0  118.0  2.0
7.335  463.0  118.0  2.0
7.356  463.0  117.0  2.0
7.376  463.0  117.0  2.0
7.398  463.0  115.0  2.0
7.418  463.0  117.0  2.0
7.418  463.0  114.0  3.0
7.439  463.0  114.0  3.0
7.46  463.0  114.0  2.0
7.481  463.0  114.0  2.0
7.491  463.0  113.0  2.0
7.501  462.0  115.0  3.0
7.523  463.0  115.0  3.0
7.543  463.0  114.0  2.0
7.564  463.0  114.0  2.0
7.564  463.0  116.0  2.0
7.585  463.0  118.0  3.0
7.606  463.0  115.0  2.0
7.626  463.0  115.0  2.0
7.648  463.0  115.0  2.0
7.648  463.0  115.0  2.0
7.668  463.0  113.0  2.0
7.689  462.0  113.0  2.0
7.709  463.0  117.0  2.0
7.731  463.0  113.0  2.0
7.731  463.0  114.0  2.0
7.751  463.0  114.0  2.0
7.772  463.0  114.0  2.0
7.803  463.0  112.0  3.0
7.824  463.0  115.0  2.0
7.824  463.0  114.0  2.0
7.845  463.0  113.0  3.0
7.866  463.0  113.0  3.0
7.886  463.0  113.0  3.0
7.907  463.0  110.0  2.0
7.907  463.0  111.0  2.0
7.928  462.0  109.0  3.0
7.949  462.0  109.0  3.0
7.969  463.0  109.0  2.0
7.991  462.0  109.0  2.0
7.991  462.0  105.0  2.0
8.011  463.0  107.0  3.0
8.032  463.0  107.0  3.0
8.053  463.0  104.0  2.0
8.053  463.0  107.0  2.0
8.074  462.0  107.0  2.0
8.094  463.0  107.0  3.0
8.116  463.0  107.0  3.0
8.136  463.0  110.0  3.0
8.136  463.0  110.0  2.0
8.157  463.0  109.0  2.0
8.178  463.0  109.0  2.0
8.199  463.0  109.0  2.0
8.219  462.0  113.0  3.0
8.219  462.0  112.0  2.0
8.24  463.0  110.0  2.0
8.261  463.0  109.0  2.0
8.282  463.0  109.0  2.0
8.302  463.0  109.0  2.0
8.302  463.0  107.0  2.0
8.324  463.0  107.0  2.0
8.344  463.0  107.0  3.0
8.365  463.0  107.0  3.0
8.365  463.0  110.0  2.0
8.396  463.0  110.0  2.0
8.417  463.0  112.0  2.0
8.437  462.0  114.0  3.0
8.449  463.0  114.0  3.0
8.449  463.0  112.0  3.0
8.469  463.0  108.0  2.0
8.489  463.0  108.0  2.0
8.521  463.0  111.0  2.0
8.542  463.0  111.0  2.0
8.542  463.0  112.0  3.0
8.584  463.0  112.0  2.0
8.584  463.0  111.0  2.0
