0.0  1.0  1.0  1.0
0.0  1.0  1.0  1.0
0.0  1.0  1.0  1.0
0.0  1.0  1.0  1.0
0.0  1.0  1.0  1.0
0.0  1.0  1.0  1.0
0.0  1.0  1.0  1.0
0.0  1.0  1.0  1.0
0.0  1.0  1.0  1.0
0.0  1.0  1.0  1.0
0.0  1.0  1.0  1.0
0.0  1.0  1.0  1.0
0.0  1.0  1.0  1.0
0.0  1.0  1.0  1.0
0.0  1.0  1.0  1.0
0.0  1.0  1.0  1.0
0.0  1.0  1.0  1.0
0.0  1.0  1.0  1.0
0.0  1.0  1.0  1.0
0.0  1.0  1.0  1.0
0.0  1.0  1.0  1.0
0.0  1.0  1.0  1.0
0.0  1.0  1.0  1.0
0.0  1.0  1.0  1.0
0.0  1.0  1.0  1.0
0.0  1.0  1.0  1.0
0.0  1.0  1.0  1.0
0.0  1.0  1.0  1.0
0.0  1.0  1.0  1.0
0.0  1.0  1.0  1.0
0.0  1.0  1.0  1.0
0.0  1.0  1.0  1.0
0.0  1.0  1.0  1.0
0.0  1.0  1.0  1.0
0.0  1.0  1.0  1.0
0.0  1.0  1.0  1.0
0.0  1.0  1.0  1.0
0.0  1.0  1.0  1.0
0.0  1.0  1.0  1.0
0.0  1.0  1.0  1.0
0.0  1.0  1.0  1.0
0.0  1.0  1.0  1.0
0.0  1.0  1.0  1.0
0.0  1.0  1.0  1.0
0.0  1.0  1.0  1.0
1.023  20.0  0.0  797.0
1.023  19.0  2.0  798.0
1.023  19.0  3.0  798.0
1.023  19.0  3.0  798.0
1.023  20.0  5.0  798.0
1.023  20.0  28.0  799.0
1.023  19.0  53.0  799.0
1.023  19.0  70.0  798.0
1.023  19.0  70.0  798.0
1.023  19.0  95.0  799.0
1.023  20.0  112.0  797.0
1.023  19.0  132.0  798.0
1.023  19.0  159.0  799.0
1.023  19.0  159.0  799.0
1.023  20.0  178.0  798.0
1.023  19.0  197.0  798.0
1.023  19.0  216.0  798.0
1.023  19.0  234.0  799.0
1.023  19.0  234.0  799.0
1.023  20.0  263.0  798.0
1.023  20.0  281.0  799.0
1.023  19.0  309.0  798.0
1.023  19.0  309.0  798.0
1.023  19.0  309.0  798.0
1.023  19.0  309.0  798.0
1.023  19.0  328.0  799.0
1.023  19.0  328.0  799.0
1.023  19.0  431.0  798.0
1.023  20.0  449.0  798.0
1.023  20.0  449.0  798.0
1.023  20.0  468.0  798.0
1.023  19.0  487.0  798.0
1.023  19.0  515.0  798.0
1.023  19.0  534.0  798.0
1.023  19.0  534.0  798.0
1.023  20.0  552.0  799.0
1.023  19.0  571.0  799.0
1.023  19.0  600.0  799.0
1.023  19.0  618.0  798.0
1.023  20.0  618.0  798.0
1.023  20.0  636.0  799.0
1.023  20.0  665.0  798.0
1.023  19.0  684.0  798.0
1.023  19.0  684.0  798.0
1.023  20.0  702.0  798.0
1.023  20.0  720.0  799.0
1.023  20.0  749.0  799.0
1.023  19.0  758.0  798.0
1.023  19.0  768.0  797.0
1.023  19.0  786.0  799.0
1.023  20.0  805.0  798.0
1.023  19.0  833.0  798.0
1.023  19.0  833.0  798.0
1.023  19.0  851.0  798.0
1.023  19.0  871.0  799.0
1.023  20.0  927.0  798.0
1.023  19.0  946.0  799.0
1.023  19.0  946.0  799.0
1.023  19.0  973.0  799.0
1.023  20.0  993.0  798.0
1.023  19.0  1012.0  798.0
1.023  19.0  1012.0  798.0
1.023  19.0  1033.0  799.0
1.023  19.0  1053.0  798.0
1.023  20.0  1075.0  798.0
1.023  20.0  1095.0  799.0
1.023  19.0  1095.0  799.0
1.023  19.0  1116.0  798.0
1.023  20.0  1137.0  798.0
1.023  20.0  1158.0  798.0
1.023  20.0  1178.0  799.0
1.023  19.0  1178.0  799.0
1.023  19.0  1200.0  799.0
1.023  19.0  1230.0  798.0
1.023  20.0  1251.0  798.0
1.023  20.0  1272.0  799.0
1.023  19.0  1272.0  799.0
1.023  19.0  1293.0  798.0
1.023  19.0  1303.0  798.0
1.023  20.0  1325.0  798.0
1.023  20.0  1355.0  798.0
1.023  20.0  1355.0  798.0
1.023  20.0  1376.0  798.0
1.023  19.0  1397.0  797.0
1.023  19.0  1418.0  799.0
1.023  20.0  1418.0  799.0
1.023  19.0  1438.0  799.0
1.023  19.0  1460.0  798.0
1.023  19.0  1480.0  798.0
1.023  19.0  1480.0  798.0
1.023  20.0  1501.0  798.0
1.023  20.0  1522.0  798.0
1.023  20.0  1543.0  797.0
1.023  19.0  1563.0  798.0
1.023  20.0  1563.0  798.0
1.023  20.0  1584.0  798.0
1.023  20.0  1605.0  799.0
1.023  20.0  1626.0  798.0
1.023  19.0  1646.0  798.0
1.023  19.0  1646.0  798.0
1.023  19.0  1668.0  799.0
1.023  19.0  1698.0  799.0
1.023  20.0  1719.0  798.0
1.023  19.0  1730.0  798.0
1.023  19.0  1740.0  798.0
1.023  20.0  1761.0  798.0
1.023  20.0  1781.0  799.0
1.023  20.0  1803.0  799.0
