0.0  1.0  1.0  1.0
0.0  1.0  1.0  1.0
0.0  1.0  1.0  1.0
0.0  1.0  1.0  1.0
0.0  1.0  1.0  1.0
0.0  1.0  1.0  1.0
0.0  1.0  1.0  1.0
0.0  1.0  1.0  1.0
0.0  1.0  1.0  1.0
0.0  1.0  1.0  1.0
0.0  1.0  1.0  1.0
0.0  1.0  1.0  1.0
0.0  1.0  1.0  1.0
0.0  1.0  1.0  1.0
0.0  1.0  1.0  1.0
0.0  1.0  1.0  1.0
0.0  1.0  1.0  1.0
0.0  1.0  1.0  1.0
0.0  1.0  1.0  1.0
0.0  1.0  1.0  1.0
0.0  1.0  1.0  1.0
0.0  1.0  1.0  1.0
0.0  1.0  1.0  1.0
0.0  1.0  1.0  1.0
0.0  1.0  1.0  1.0
0.0  1.0  1.0  1.0
0.0  1.0  1.0  1.0
0.0  1.0  1.0  1.0
0.0  1.0  1.0  1.0
0.0  1.0  1.0  1.0
0.0  1.0  1.0  1.0
0.0  1.0  1.0  1.0
0.0  1.0  1.0  1.0
0.0  1.0  1.0  1.0
0.0  882.0  1.0  1.0
0.0  882.0  1.0  1.0
0.0010  882.0  1023.0  22.0
0.0020  881.0  1023.0  22.0
0.0050  882.0  1023.0  21.0
0.02  882.0  1023.0  21.0
0.045  882.0  1023.0  22.0
0.045  882.0  1023.0  22.0
0.07  882.0  1023.0  22.0
0.087  882.0  1023.0  21.0
0.087  882.0  1023.0  21.0
0.103  883.0  1023.0  22.0
0.132  883.0  1023.0  22.0
0.15  883.0  1023.0  22.0
0.168  883.0  1023.0  21.0
0.168  883.0  1023.0  21.0
0.197  883.0  1023.0  22.0
0.216  882.0  1023.0  22.0
0.234  883.0  1023.0  22.0
0.252  882.0  1023.0  22.0
0.252  882.0  1023.0  21.0
0.272  882.0  1023.0  22.0
0.3  883.0  1023.0  22.0
0.318  883.0  1023.0  22.0
0.318  883.0  1023.0  21.0
0.337  883.0  1023.0  21.0
0.365  883.0  1023.0  21.0
0.384  882.0  1023.0  21.0
0.384  882.0  1023.0  22.0
0.412  883.0  1023.0  21.0
0.44  882.0  1023.0  21.0
0.459  883.0  1023.0  21.0
0.459  883.0  1023.0  21.0
0.487  883.0  1023.0  22.0
0.505  883.0  1023.0  22.0
0.525  882.0  1023.0  21.0
0.525  882.0  1023.0  21.0
0.543  884.0  1023.0  22.0
0.571  883.0  1023.0  22.0
0.59  882.0  1023.0  22.0
0.609  882.0  1023.0  21.0
0.609  882.0  1023.0  21.0
0.627  883.0  1023.0  21.0
0.656  883.0  1023.0  22.0
0.674  884.0  1023.0  22.0
0.674  884.0  1023.0  22.0
0.693  884.0  1023.0  22.0
0.711  883.0  1023.0  21.0
0.74  883.0  1023.0  22.0
0.758  884.0  1023.0  22.0
0.758  884.0  1023.0  22.0
0.777  884.0  1023.0  21.0
0.805  884.0  1023.0  21.0
0.824  883.0  1023.0  21.0
0.842  883.0  1023.0  22.0
0.842  883.0  1023.0  22.0
0.862  884.0  1023.0  21.0
0.88  884.0  1023.0  21.0
0.908  882.0  1023.0  22.0
0.927  883.0  1023.0  22.0
0.927  883.0  1023.0  22.0
0.946  883.0  1023.0  22.0
0.973  883.0  1023.0  21.0
0.993  883.0  1023.0  22.0
0.993  883.0  1023.0  22.0
1.064  883.0  1023.0  21.0
1.085  883.0  1023.0  22.0
1.105  884.0  1023.0  22.0
1.105  884.0  1023.0  22.0
1.137  883.0  1023.0  21.0
1.158  884.0  1023.0  21.0
1.178  883.0  1023.0  22.0
1.178  883.0  1023.0  22.0
1.2  883.0  1023.0  22.0
1.21  884.0  1023.0  21.0
1.23  884.0  1023.0  21.0
1.251  883.0  1023.0  22.0
1.251  883.0  1023.0  22.0
1.283  884.0  1023.0  22.0
1.303  882.0  1023.0  21.0
1.325  882.0  1023.0  21.0
1.345  883.0  1023.0  21.0
1.366  884.0  1023.0  22.0
1.366  884.0  1023.0  22.0
1.386  883.0  1023.0  22.0
1.408  883.0  1023.0  21.0
1.408  883.0  1023.0  21.0
1.428  883.0  1023.0  22.0
1.448  884.0  1023.0  22.0
1.47  884.0  1023.0  22.0
1.49  884.0  1023.0  21.0
1.501  884.0  1023.0  21.0
1.522  884.0  1023.0  22.0
1.543  882.0  1023.0  22.0
1.563  884.0  1023.0  21.0
1.563  884.0  1023.0  21.0
1.584  884.0  1023.0  21.0
1.605  883.0  1023.0  22.0
1.626  883.0  1023.0  22.0
1.646  884.0  1023.0  22.0
1.646  884.0  1023.0  22.0
1.668  884.0  1023.0  21.0
1.688  884.0  1023.0  22.0
1.709  884.0  1023.0  22.0
1.709  884.0  1023.0  22.0
1.73  883.0  1023.0  22.0
1.751  884.0  1023.0  21.0
1.771  884.0  1023.0  21.0
1.793  884.0  1023.0  22.0
1.793  884.0  1023.0  22.0
1.813  884.0  1023.0  21.0
1.833  884.0  1023.0  21.0
1.855  883.0  1023.0  21.0
1.875  883.0  1023.0  22.0
1.896  884.0  1023.0  22.0
1.896  884.0  1023.0  22.0
1.916  883.0  1023.0  21.0
1.938  884.0  1023.0  21.0
1.958  883.0  1023.0  22.0
1.958  883.0  1023.0  22.0
1.979  884.0  1023.0  22.0
2.0  882.0  1023.0  21.0
2.021  884.0  1023.0  21.0
2.041  883.0  1023.0  21.0
2.041  883.0  1023.0  21.0
2.073  884.0  1023.0  22.0
2.094  884.0  1023.0  21.0
2.114  884.0  1023.0  21.0
2.136  883.0  1023.0  22.0
2.136  883.0  1023.0  22.0
2.156  884.0  1023.0  22.0
2.177  884.0  1023.0  22.0
2.188  883.0  1023.0  21.0
2.188  883.0  1023.0  21.0
2.219  884.0  1023.0  21.0
2.239  884.0  1023.0  22.0
2.26  884.0  1023.0  21.0
2.281  884.0  1023.0  21.0
2.281  884.0  1023.0  21.0
2.301  883.0  1023.0  21.0
2.323  884.0  1023.0  22.0
2.343  883.0  1023.0  22.0
2.343  883.0  1023.0  22.0
2.364  884.0  1023.0  21.0
2.384  883.0  1023.0  22.0
2.406  883.0  1023.0  22.0
2.426  884.0  1023.0  22.0
2.426  884.0  1023.0  22.0
2.447  883.0  1023.0  21.0
2.468  883.0  1023.0  21.0
2.489  884.0  1023.0  22.0
2.509  884.0  1023.0  22.0
2.509  884.0  1023.0  22.0
2.541  884.0  1023.0  21.0
2.562  883.0  1023.0  21.0
2.582  884.0  1023.0  22.0
2.604  883.0  1023.0  22.0
2.604  883.0  1023.0  22.0
2.624  884.0  1023.0  21.0
2.676  884.0  1023.0  22.0
2.676  884.0  1023.0  22.0
2.697  883.0  1023.0  22.0
2.717  883.0  1023.0  21.0
2.717  883.0  1023.0  21.0
2.739  882.0  1023.0  21.0
2.759  884.0  1023.0  22.0
2.78  883.0  1023.0  22.0
2.801  883.0  1023.0  21.0
2.801  883.0  1023.0  21.0
2.822  884.0  1023.0  22.0
2.842  883.0  1023.0  22.0
2.864  883.0  1023.0  22.0
2.884  884.0  1023.0  22.0
2.884  884.0  1023.0  21.0
2.905  884.0  1023.0  22.0
2.926  884.0  1023.0  22.0
2.947  883.0  1023.0  22.0
2.967  883.0  1023.0  21.0
2.967  883.0  1023.0  21.0
2.989  884.0  1023.0  21.0
3.009  884.0  1023.0  21.0
3.03  883.0  1023.0  22.0
3.03  883.0  1023.0  21.0
3.05  883.0  1023.0  21.0
3.072  884.0  1023.0  21.0
3.092  884.0  1023.0  21.0
3.112  884.0  1023.0  22.0
3.112  884.0  1023.0  22.0
3.134  882.0  1023.0  21.0
3.154  883.0  1023.0  22.0
3.175  884.0  1023.0  22.0
3.175  884.0  1023.0  22.0
3.207  884.0  1023.0  22.0
3.227  884.0  1023.0  21.0
3.248  883.0  1023.0  21.0
3.269  883.0  1023.0  21.0
3.269  883.0  1023.0  23.0
3.29  884.0  1023.0  22.0
3.31  882.0  1023.0  22.0
3.31  882.0  1023.0  22.0
3.342  884.0  1023.0  21.0
3.362  882.0  1023.0  22.0
3.362  882.0  1023.0  22.0
3.383  883.0  1023.0  22.0
3.404  882.0  1023.0  21.0
3.425  884.0  1023.0  22.0
3.457  883.0  1023.0  22.0
3.457  883.0  1023.0  22.0
3.477  884.0  1023.0  22.0
3.497  883.0  1023.0  21.0
3.519  883.0  1023.0  21.0
3.519  883.0  1023.0  21.0
3.539  882.0  1023.0  22.0
3.56  884.0  1023.0  22.0
3.58  884.0  1023.0  22.0
3.602  883.0  1023.0  21.0
3.602  883.0  1023.0  22.0
3.622  884.0  1023.0  22.0
3.643  884.0  1023.0  22.0
3.664  884.0  1023.0  21.0
3.685  884.0  1023.0  21.0
3.685  884.0  1023.0  21.0
3.705  884.0  1023.0  21.0
3.727  883.0  1023.0  23.0
3.747  883.0  1023.0  22.0
3.768  882.0  1023.0  21.0
3.768  882.0  1023.0  21.0
3.789  884.0  1023.0  21.0
3.81  884.0  1023.0  22.0
3.83  883.0  1023.0  22.0
3.852  883.0  1023.0  21.0
3.852  883.0  1023.0  22.0
3.872  882.0  1023.0  22.0
3.893  883.0  1023.0  22.0
3.913  883.0  1023.0  22.0
3.913  883.0  1023.0  22.0
3.945  884.0  1023.0  21.0
3.965  883.0  1023.0  21.0
3.987  882.0  1023.0  22.0
4.007  883.0  1023.0  22.0
4.007  883.0  1023.0  22.0
4.028  884.0  1023.0  21.0
4.048  883.0  1023.0  21.0
4.07  883.0  1023.0  22.0
4.09  883.0  1023.0  22.0
4.09  883.0  1023.0  22.0
4.111  883.0  1023.0  21.0
4.132  883.0  1023.0  22.0
4.153  884.0  1023.0  22.0
4.153  884.0  1023.0  22.0
4.173  882.0  1023.0  22.0
4.195  882.0  1023.0  21.0
4.215  882.0  1023.0  22.0
4.236  883.0  1023.0  22.0
4.236  883.0  1023.0  22.0
4.257  884.0  1023.0  22.0
4.278  882.0  1023.0  22.0
4.298  883.0  1023.0  22.0
4.32  883.0  1023.0  22.0
4.32  883.0  1023.0  22.0
4.34  884.0  1023.0  22.0
4.361  884.0  1023.0  22.0
4.381  883.0  1023.0  21.0
4.403  882.0  1023.0  22.0
4.403  882.0  1023.0  22.0
4.423  883.0  1023.0  23.0
4.444  884.0  1023.0  21.0
4.465  883.0  1023.0  21.0
4.486  884.0  1023.0  21.0
4.486  884.0  1023.0  22.0
4.506  883.0  1023.0  22.0
4.538  884.0  1023.0  22.0
4.538  884.0  1023.0  22.0
4.558  883.0  1023.0  21.0
4.579  884.0  1023.0  22.0
4.6  883.0  1023.0  22.0
4.621  884.0  1023.0  21.0
4.621  884.0  1023.0  21.0
4.641  883.0  1023.0  21.0
4.663  882.0  1023.0  21.0
4.663  882.0  1023.0  21.0
4.694  883.0  1023.0  22.0
4.714  883.0  1023.0  22.0
4.736  883.0  1023.0  21.0
4.756  882.0  1023.0  22.0
4.756  882.0  1023.0  22.0
4.776  883.0  1023.0  22.0
4.798  884.0  1023.0  22.0
4.818  884.0  1023.0  22.0
4.818  884.0  1023.0  22.0
4.85  883.0  1023.0  22.0
4.871  884.0  1023.0  22.0
4.871  884.0  1023.0  22.0
4.891  884.0  1023.0  21.0
4.923  884.0  1023.0  21.0
4.943  883.0  1023.0  22.0
4.943  883.0  1023.0  22.0
4.964  884.0  1023.0  21.0
4.985  884.0  1023.0  21.0
5.006  883.0  1023.0  21.0
5.006  883.0  1023.0  21.0
5.026  883.0  1023.0  22.0
5.047  884.0  1023.0  22.0
5.068  882.0  1023.0  21.0
5.068  882.0  1023.0  22.0
5.089  884.0  1023.0  22.0
5.121  884.0  1023.0  22.0
5.141  884.0  1023.0  22.0
5.161  882.0  1023.0  22.0
5.161  882.0  1023.0  21.0
5.183  882.0  1023.0  21.0
5.203  884.0  1023.0  22.0
5.224  884.0  1023.0  22.0
5.224  884.0  1023.0  22.0
5.244  882.0  1023.0  22.0
5.266  884.0  1023.0  21.0
5.286  882.0  1023.0  22.0
5.307  884.0  1023.0  22.0
5.307  884.0  1023.0  22.0
5.328  882.0  1023.0  22.0
5.349  884.0  1023.0  21.0
5.369  884.0  1023.0  22.0
5.391  883.0  1023.0  22.0
5.391  883.0  1023.0  22.0
5.411  884.0  1023.0  21.0
5.432  884.0  1023.0  21.0
5.453  884.0  1023.0  21.0
5.474  883.0  1023.0  22.0
5.474  883.0  1023.0  22.0
5.494  883.0  1023.0  22.0
5.516  884.0  1023.0  22.0
5.536  884.0  1023.0  22.0
5.557  883.0  1023.0  22.0
5.557  883.0  1023.0  22.0
5.577  884.0  1023.0  22.0
5.599  882.0  1023.0  21.0
5.619  882.0  1023.0  22.0
5.64  883.0  1023.0  23.0
5.64  883.0  1023.0  23.0
5.661  882.0  1023.0  22.0
5.692  883.0  1023.0  22.0
5.702  884.0  1023.0  22.0
5.702  884.0  1023.0  22.0
5.724  883.0  1023.0  22.0
5.744  883.0  1023.0  22.0
5.765  884.0  1023.0  22.0
5.786  884.0  1023.0  22.0
5.786  884.0  1023.0  22.0
5.817  884.0  1023.0  22.0
5.837  883.0  1023.0  22.0
5.859  882.0  1023.0  21.0
5.879  882.0  1023.0  21.0
5.879  882.0  1023.0  22.0
5.9  883.0  1023.0  22.0
5.921  884.0  1023.0  22.0
5.942  884.0  1023.0  22.0
5.942  884.0  1023.0  21.0
5.962  884.0  1023.0  21.0
5.984  883.0  1023.0  22.0
6.004  884.0  1023.0  22.0
6.025  884.0  1023.0  22.0
6.025  884.0  1023.0  21.0
6.045  883.0  1023.0  21.0
6.067  884.0  1023.0  22.0
6.087  884.0  1023.0  22.0
6.108  884.0  1023.0  21.0
6.108  884.0  1023.0  21.0
6.129  883.0  1023.0  21.0
6.15  884.0  1023.0  21.0
6.17  883.0  1023.0  22.0
6.17  883.0  1023.0  22.0
6.192  883.0  1023.0  22.0
6.212  884.0  1023.0  22.0
6.233  884.0  1023.0  22.0
6.233  884.0  1023.0  22.0
6.264  883.0  1023.0  22.0
6.285  884.0  1023.0  23.0
6.305  882.0  1023.0  21.0
6.317  883.0  1023.0  22.0
6.327  883.0  1023.0  22.0
6.347  883.0  1023.0  23.0
6.368  884.0  1023.0  22.0
6.368  884.0  1023.0  22.0
6.4  884.0  1023.0  22.0
6.42  884.0  1023.0  22.0
6.44  883.0  1023.0  22.0
6.44  883.0  1023.0  22.0
6.462  884.0  1023.0  22.0
6.482  883.0  1023.0  22.0
6.503  883.0  1023.0  22.0
6.503  883.0  1023.0  23.0
6.524  883.0  1023.0  21.0
6.545  883.0  1023.0  21.0
6.565  884.0  1023.0  21.0
6.597  884.0  1023.0  22.0
6.618  883.0  1023.0  23.0
6.618  883.0  1023.0  23.0
6.638  884.0  1023.0  22.0
6.66  884.0  1023.0  22.0
6.68  882.0  1023.0  22.0
6.68  882.0  1023.0  23.0
6.701  883.0  1023.0  23.0
6.722  883.0  1023.0  22.0
6.743  884.0  1023.0  22.0
6.763  884.0  1023.0  22.0
6.763  884.0  1023.0  22.0
6.785  883.0  1023.0  22.0
6.805  883.0  1023.0  23.0
6.825  884.0  1023.0  21.0
6.825  884.0  1023.0  21.0
6.847  882.0  1023.0  21.0
6.867  882.0  1023.0  22.0
6.888  884.0  1023.0  22.0
6.908  884.0  1023.0  22.0
6.908  884.0  1023.0  21.0
6.93  883.0  1023.0  21.0
6.95  884.0  1023.0  22.0
6.971  883.0  1023.0  22.0
6.992  883.0  1023.0  21.0
6.992  883.0  1023.0  21.0
7.013  883.0  1023.0  21.0
7.033  884.0  1023.0  22.0
7.055  884.0  1023.0  23.0
7.055  884.0  1023.0  21.0
7.086  883.0  1023.0  22.0
7.106  884.0  1023.0  22.0
7.128  884.0  1023.0  22.0
7.148  883.0  1023.0  23.0
7.148  883.0  1023.0  22.0
7.169  883.0  1023.0  22.0
7.19  884.0  1023.0  22.0
7.211  884.0  1023.0  22.0
7.211  884.0  1023.0  23.0
7.231  883.0  1023.0  23.0
7.252  883.0  1023.0  23.0
7.273  882.0  1023.0  21.0
7.293  882.0  1023.0  21.0
7.293  882.0  1023.0  23.0
7.315  883.0  1023.0  23.0
7.335  884.0  1023.0  22.0
7.356  884.0  1023.0  21.0
7.376  882.0  1023.0  21.0
7.376  882.0  1023.0  22.0
7.408  883.0  1023.0  22.0
7.429  883.0  1023.0  22.0
7.45  883.0  1023.0  22.0
7.45  883.0  1023.0  22.0
7.471  884.0  1023.0  22.0
7.481  882.0  1023.0  22.0
7.501  884.0  1023.0  22.0
7.533  884.0  1023.0  21.0
7.533  884.0  1023.0  22.0
7.554  884.0  1023.0  23.0
7.574  884.0  1023.0  23.0
7.596  883.0  1023.0  23.0
7.596  883.0  1023.0  22.0
7.616  884.0  1023.0  21.0
7.636  882.0  1023.0  21.0
7.658  883.0  1023.0  22.0
7.658  883.0  1023.0  22.0
7.678  883.0  1023.0  21.0
7.699  883.0  1023.0  21.0
7.72  882.0  1023.0  21.0
7.72  882.0  1023.0  22.0
7.751  882.0  1023.0  22.0
7.772  882.0  1023.0  22.0
7.793  884.0  1023.0  21.0
7.793  884.0  1023.0  21.0
7.814  883.0  1023.0  22.0
7.834  882.0  1023.0  22.0
7.856  884.0  1023.0  22.0
7.876  882.0  1023.0  22.0
7.876  882.0  1023.0  21.0
7.907  884.0  1023.0  22.0
7.928  882.0  1023.0  22.0
7.949  883.0  1023.0  22.0
7.949  883.0  1023.0  22.0
7.969  884.0  1023.0  21.0
7.991  884.0  1023.0  22.0
8.011  883.0  1023.0  22.0
8.032  883.0  1023.0  22.0
8.053  882.0  1023.0  21.0
8.053  882.0  1023.0  22.0
8.074  884.0  1023.0  22.0
8.094  882.0  1023.0  23.0
8.116  883.0  1023.0  23.0
8.116  883.0  1023.0  22.0
8.136  883.0  1023.0  22.0
8.167  882.0  1023.0  22.0
8.188  884.0  1023.0  22.0
8.188  884.0  1023.0  22.0
8.209  883.0  1023.0  22.0
8.229  884.0  1023.0  21.0
8.251  884.0  1023.0  22.0
8.251  884.0  1023.0  22.0
8.271  884.0  1023.0  23.0
8.292  884.0  1023.0  22.0
8.313  884.0  1023.0  22.0
8.334  882.0  1023.0  22.0
8.334  882.0  1023.0  22.0
8.354  884.0  1023.0  23.0
8.386  884.0  1023.0  23.0
8.407  884.0  1023.0  22.0
8.407  884.0  1023.0  22.0
