1180.658  979.0  210.0  979.0
1180.658  979.0  210.0  979.0
1180.658  979.0  210.0  979.0
1180.658  979.0  210.0  979.0
1180.658  979.0  210.0  979.0
1180.658  979.0  210.0  979.0
1180.658  979.0  210.0  979.0
1180.658  979.0  210.0  979.0
1180.658  979.0  210.0  979.0
1180.658  979.0  210.0  979.0
1180.658  979.0  210.0  979.0
1180.658  979.0  210.0  979.0
1180.658  979.0  210.0  979.0
1180.658  979.0  210.0  979.0
1180.658  979.0  210.0  979.0
1180.658  979.0  210.0  979.0
1180.658  979.0  210.0  979.0
1180.658  979.0  210.0  979.0
1180.658  979.0  210.0  979.0
1180.658  979.0  210.0  979.0
1180.658  979.0  210.0  979.0
1180.658  979.0  210.0  979.0
1180.658  979.0  210.0  979.0
1180.658  979.0  210.0  979.0
1180.658  979.0  210.0  979.0
1180.658  979.0  210.0  979.0
1180.658  979.0  210.0  979.0
1180.658  979.0  210.0  979.0
1180.658  979.0  210.0  979.0
1180.658  979.0  210.0  979.0
1180.658  979.0  210.0  979.0
1180.658  979.0  210.0  979.0
1180.658  979.0  210.0  979.0
1180.658  979.0  210.0  979.0
1180.658  979.0  210.0  979.0
1180.658  979.0  210.0  979.0
1180.658  979.0  210.0  979.0
1180.658  979.0  210.0  979.0
1180.658  979.0  210.0  979.0
1180.658  979.0  210.0  979.0
0.0  979.0  210.0  979.0
0.0020  979.0  210.0  979.0
0.0030  979.0  212.0  979.0
0.0030  979.0  209.0  979.0
0.012  978.0  209.0  979.0
0.028  979.0  209.0  979.0
0.045  979.0  209.0  979.0
0.045  979.0  211.0  979.0
0.07  979.0  209.0  979.0
0.095  979.0  209.0  979.0
0.112  979.0  209.0  979.0
0.132  979.0  209.0  979.0
0.132  979.0  211.0  979.0
0.15  979.0  210.0  979.0
0.178  978.0  210.0  978.0
0.197  980.0  210.0  978.0
0.197  980.0  211.0  980.0
0.216  980.0  211.0  980.0
0.243  979.0  211.0  979.0
0.263  979.0  209.0  979.0
0.281  979.0  209.0  979.0
0.281  979.0  210.0  979.0
0.309  978.0  210.0  979.0
0.328  979.0  211.0  979.0
0.347  978.0  209.0  978.0
0.347  978.0  209.0  978.0
0.374  979.0  210.0  978.0
0.394  979.0  211.0  979.0
0.421  979.0  209.0  979.0
0.421  979.0  209.0  979.0
0.44  979.0  209.0  979.0
0.459  979.0  209.0  979.0
0.478  979.0  211.0  979.0
0.496  979.0  210.0  979.0
0.496  979.0  210.0  979.0
0.525  979.0  210.0  979.0
0.543  979.0  209.0  979.0
0.562  979.0  211.0  979.0
0.562  979.0  210.0  979.0
0.59  979.0  209.0  979.0
0.618  979.0  209.0  979.0
0.636  977.0  209.0  979.0
0.636  977.0  211.0  977.0
0.656  979.0  211.0  979.0
0.674  978.0  210.0  978.0
0.702  979.0  210.0  978.0
0.702  979.0  211.0  979.0
0.72  979.0  211.0  979.0
0.74  979.0  211.0  979.0
0.758  979.0  211.0  979.0
0.786  979.0  210.0  979.0
0.786  979.0  210.0  979.0
0.805  979.0  211.0  979.0
0.833  979.0  211.0  979.0
0.833  979.0  209.0  979.0
0.862  979.0  209.0  979.0
0.88  979.0  210.0  979.0
0.899  978.0  211.0  979.0
0.899  978.0  210.0  978.0
0.927  979.0  210.0  978.0
0.993  979.0  211.0  979.0
0.993  979.0  211.0  979.0
1.002  979.0  210.0  979.0
1.033  977.0  209.0  979.0
1.033  977.0  209.0  979.0
1.053  979.0  211.0  977.0
1.075  978.0  211.0  979.0
1.095  979.0  211.0  979.0
1.116  979.0  209.0  979.0
1.116  979.0  209.0  979.0
1.137  978.0  211.0  979.0
1.158  979.0  211.0  978.0
1.178  979.0  210.0  979.0
1.2  978.0  210.0  979.0
1.2  978.0  210.0  979.0
1.22  979.0  210.0  978.0
1.241  979.0  211.0  979.0
1.262  979.0  209.0  979.0
1.283  980.0  210.0  979.0
1.283  980.0  210.0  979.0
1.303  979.0  210.0  979.0
1.325  979.0  211.0  979.0
1.345  979.0  209.0  979.0
1.345  979.0  209.0  979.0
1.366  979.0  209.0  979.0
1.386  979.0  209.0  979.0
1.408  978.0  211.0  979.0
1.428  980.0  210.0  978.0
1.428  980.0  209.0  980.0
1.46  980.0  209.0  980.0
1.47  979.0  211.0  980.0
1.49  979.0  211.0  980.0
1.511  978.0  210.0  979.0
1.511  978.0  208.0  978.0
1.532  979.0  208.0  978.0
1.563  979.0  211.0  979.0
1.584  979.0  211.0  979.0
1.584  979.0  211.0  979.0
1.605  978.0  209.0  978.0
1.626  979.0  209.0  978.0
1.646  979.0  211.0  979.0
1.668  979.0  211.0  979.0
1.668  979.0  209.0  979.0
1.688  979.0  209.0  979.0
1.709  980.0  209.0  979.0
1.73  979.0  210.0  980.0
1.751  980.0  211.0  979.0
1.751  980.0  209.0  980.0
1.771  979.0  209.0  979.0
1.793  979.0  209.0  979.0
1.813  979.0  209.0  979.0
1.833  978.0  211.0  979.0
1.833  978.0  210.0  978.0
1.855  979.0  209.0  979.0
1.875  979.0  209.0  979.0
1.896  979.0  209.0  979.0
1.896  979.0  211.0  979.0
1.916  979.0  210.0  979.0
1.938  979.0  209.0  979.0
1.958  979.0  209.0  979.0
1.979  979.0  211.0  979.0
1.979  979.0  211.0  979.0
2.0  979.0  211.0  979.0
2.021  979.0  209.0  979.0
2.041  979.0  209.0  979.0
2.063  979.0  210.0  979.0
2.063  979.0  211.0  979.0
2.083  978.0  210.0  978.0
2.114  979.0  210.0  978.0
2.136  979.0  210.0  978.0
2.156  980.0  210.0  979.0
2.156  980.0  211.0  980.0
2.177  980.0  210.0  980.0
2.198  979.0  210.0  980.0
2.219  978.0  210.0  979.0
2.239  977.0  210.0  979.0
2.239  977.0  211.0  977.0
2.26  979.0  209.0  979.0
2.281  979.0  209.0  979.0
2.301  978.0  209.0  979.0
2.301  978.0  209.0  979.0
2.323  979.0  211.0  979.0
2.343  979.0  210.0  979.0
2.364  979.0  210.0  979.0
2.384  979.0  209.0  979.0
2.384  979.0  211.0  979.0
2.406  978.0  210.0  978.0
2.426  979.0  210.0  978.0
2.447  979.0  210.0  978.0
2.468  979.0  210.0  979.0
2.489  979.0  210.0  979.0
2.489  979.0  211.0  979.0
2.509  979.0  211.0  979.0
2.531  979.0  211.0  979.0
2.551  979.0  209.0  979.0
2.582  979.0  210.0  979.0
2.593  978.0  211.0  979.0
2.604  979.0  209.0  979.0
2.624  979.0  209.0  979.0
2.644  979.0  210.0  979.0
2.666  979.0  211.0  979.0
2.666  979.0  211.0  979.0
2.686  979.0  209.0  979.0
2.707  978.0  210.0  978.0
2.728  980.0  210.0  978.0
2.749  979.0  211.0  980.0
2.749  979.0  209.0  979.0
2.769  980.0  209.0  979.0
2.791  979.0  209.0  979.0
2.811  979.0  209.0  979.0
2.832  979.0  211.0  979.0
2.832  979.0  208.0  979.0
2.853  979.0  208.0  979.0
2.874  979.0  208.0  979.0
2.894  979.0  208.0  979.0
2.894  979.0  209.0  979.0
2.915  979.0  209.0  979.0
2.936  979.0  208.0  979.0
2.957  979.0  208.0  979.0
2.977  979.0  209.0  979.0
2.977  979.0  209.0  979.0
2.999  979.0  210.0  979.0
3.019  977.0  210.0  979.0
3.04  979.0  208.0  977.0
3.061  979.0  209.0  979.0
3.061  979.0  210.0  979.0
3.092  979.0  210.0  979.0
3.112  979.0  210.0  979.0
3.134  979.0  208.0  979.0
3.134  979.0  208.0  979.0
3.154  979.0  210.0  979.0
3.175  978.0  208.0  978.0
3.196  979.0  208.0  978.0
3.217  979.0  208.0  978.0
3.217  979.0  208.0  979.0
3.237  979.0  209.0  979.0
3.259  979.0  209.0  979.0
3.279  979.0  209.0  979.0
3.3  979.0  208.0  979.0
3.3  979.0  208.0  979.0
3.321  979.0  210.0  979.0
3.342  978.0  209.0  978.0
3.362  979.0  209.0  978.0
3.383  979.0  208.0  979.0
3.383  979.0  209.0  979.0
3.404  978.0  209.0  979.0
3.425  979.0  210.0  979.0
3.445  979.0  210.0  979.0
3.467  979.0  208.0  979.0
3.467  979.0  209.0  979.0
3.487  979.0  210.0  979.0
3.508  979.0  210.0  979.0
3.529  979.0  210.0  979.0
3.529  979.0  208.0  979.0
3.55  979.0  208.0  979.0
3.57  979.0  210.0  979.0
3.592  979.0  210.0  979.0
3.612  979.0  208.0  979.0
3.612  979.0  208.0  979.0
3.633  979.0  208.0  979.0
3.654  978.0  210.0  978.0
3.685  979.0  210.0  978.0
3.705  979.0  208.0  979.0
3.705  979.0  208.0  979.0
3.716  979.0  208.0  979.0
3.737  979.0  209.0  979.0
3.758  979.0  209.0  979.0
3.778  979.0  209.0  979.0
3.778  979.0  208.0  979.0
3.8  979.0  209.0  979.0
3.82  978.0  209.0  979.0
3.852  979.0  209.0  979.0
3.872  979.0  210.0  979.0
3.872  979.0  208.0  979.0
3.893  979.0  209.0  979.0
3.913  979.0  210.0  979.0
3.935  980.0  210.0  979.0
3.955  979.0  210.0  979.0
3.955  979.0  208.0  979.0
3.976  979.0  208.0  979.0
3.997  979.0  210.0  979.0
4.018  978.0  210.0  979.0
4.018  978.0  208.0  978.0
4.038  978.0  208.0  978.0
4.06  979.0  208.0  979.0
4.08  979.0  210.0  979.0
4.101  978.0  210.0  979.0
4.101  978.0  208.0  978.0
4.122  979.0  208.0  979.0
4.143  979.0  208.0  979.0
4.163  979.0  209.0  979.0
4.185  979.0  209.0  979.0
4.185  979.0  209.0  979.0
4.205  979.0  208.0  979.0
4.226  979.0  210.0  979.0
4.246  979.0  210.0  979.0
4.268  979.0  210.0  979.0
4.268  979.0  210.0  979.0
4.288  979.0  208.0  979.0
4.308  979.0  209.0  979.0
4.33  979.0  210.0  979.0
4.33  979.0  210.0  979.0
4.35  978.0  210.0  979.0
4.371  979.0  208.0  979.0
4.392  979.0  209.0  979.0
4.423  979.0  209.0  979.0
4.423  979.0  210.0  979.0
4.444  980.0  209.0  980.0
4.465  979.0  209.0  980.0
4.486  979.0  208.0  979.0
4.506  979.0  208.0  979.0
4.506  979.0  210.0  979.0
4.517  980.0  209.0  980.0
4.538  979.0  209.0  980.0
4.558  979.0  208.0  979.0
4.59  979.0  208.0  979.0
4.59  979.0  210.0  979.0
4.6  979.0  210.0  979.0
4.631  979.0  209.0  979.0
4.653  979.0  209.0  979.0
4.673  979.0  209.0  979.0
4.673  979.0  209.0  979.0
4.694  979.0  210.0  979.0
4.714  979.0  208.0  979.0
4.736  979.0  209.0  979.0
4.756  979.0  209.0  979.0
4.756  979.0  209.0  979.0
4.776  979.0  209.0  979.0
4.798  980.0  208.0  979.0
4.818  979.0  209.0  979.0
4.818  979.0  209.0  979.0
4.839  979.0  210.0  979.0
4.86  979.0  210.0  979.0
4.881  978.0  208.0  979.0
4.901  980.0  208.0  978.0
4.901  980.0  208.0  978.0
4.923  979.0  209.0  980.0
4.943  979.0  208.0  979.0
4.964  978.0  208.0  979.0
4.985  979.0  208.0  978.0
4.985  979.0  208.0  978.0
5.006  979.0  209.0  979.0
5.026  978.0  209.0  979.0
5.047  979.0  208.0  978.0
5.068  978.0  208.0  978.0
5.068  978.0  208.0  978.0
5.089  979.0  210.0  978.0
5.121  978.0  210.0  979.0
5.141  979.0  209.0  978.0
5.141  979.0  209.0  979.0
5.161  979.0  209.0  979.0
5.183  979.0  209.0  979.0
5.203  979.0  210.0  979.0
5.224  979.0  208.0  979.0
5.224  979.0  209.0  979.0
5.244  979.0  209.0  979.0
5.266  979.0  209.0  979.0
5.286  980.0  210.0  979.0
5.286  980.0  209.0  980.0
5.307  979.0  209.0  979.0
5.328  979.0  209.0  979.0
5.349  979.0  211.0  979.0
5.369  978.0  209.0  979.0
5.369  978.0  209.0  979.0
5.391  978.0  208.0  978.0
5.411  979.0  208.0  978.0
5.432  979.0  210.0  979.0
5.453  978.0  209.0  979.0
5.453  978.0  208.0  978.0
5.474  979.0  208.0  978.0
5.494  979.0  208.0  978.0
5.516  979.0  210.0  979.0
5.536  980.0  210.0  979.0
5.536  980.0  208.0  980.0
5.557  979.0  208.0  980.0
5.577  979.0  208.0  980.0
5.599  979.0  209.0  979.0
5.619  979.0  210.0  979.0
5.619  979.0  208.0  979.0
5.651  979.0  208.0  979.0
5.671  979.0  208.0  979.0
5.692  979.0  208.0  979.0
5.692  979.0  210.0  979.0
5.712  980.0  209.0  980.0
5.734  978.0  209.0  980.0
5.754  978.0  209.0  978.0
5.775  979.0  211.0  978.0
5.775  979.0  209.0  979.0
5.786  980.0  209.0  979.0
5.817  980.0  209.0  979.0
5.837  979.0  208.0  980.0
5.859  978.0  210.0  979.0
5.859  978.0  210.0  978.0
5.879  978.0  210.0  978.0
5.9  979.0  209.0  978.0
5.921  978.0  209.0  978.0
5.932  979.0  210.0  978.0
5.942  979.0  210.0  979.0
5.962  979.0  210.0  979.0
5.984  979.0  208.0  979.0
6.004  979.0  208.0  979.0
6.004  979.0  210.0  979.0
6.025  979.0  210.0  979.0
6.045  979.0  210.0  979.0
6.067  978.0  209.0  979.0
6.087  979.0  209.0  978.0
6.087  979.0  210.0  979.0
6.108  978.0  210.0  979.0
6.129  978.0  210.0  979.0
6.15  979.0  209.0  978.0
6.181  979.0  209.0  979.0
6.181  979.0  210.0  979.0
6.202  979.0  210.0  979.0
6.222  979.0  208.0  979.0
6.243  978.0  208.0  979.0
6.243  978.0  208.0  978.0
6.264  978.0  210.0  978.0
6.285  979.0  210.0  978.0
6.305  979.0  208.0  979.0
6.327  984.0  206.0  979.0
6.327  984.0  206.0  979.0
6.347  999.0  208.0  999.0
6.369  1008.0  208.0  999.0
6.381  1014.0  208.0  1008.0
6.404  1020.0  207.0  1014.0
6.404  1020.0  210.0  1020.0
6.426  1020.0  210.0  1020.0
6.45  1019.0  212.0  1019.0
6.472  1006.0  212.0  1019.0
6.494  981.0  212.0  1006.0
6.494  981.0  215.0  981.0
6.515  953.0  218.0  953.0
6.536  926.0  218.0  953.0
6.556  897.0  218.0  953.0
6.556  897.0  216.0  897.0
6.577  856.0  231.0  856.0
6.598  816.0  241.0  816.0
6.619  773.0  241.0  816.0
6.639  727.0  240.0  773.0
6.639  727.0  240.0  773.0
6.661  685.0  247.0  685.0
6.681  637.0  250.0  637.0
6.702  594.0  250.0  637.0
6.723  552.0  250.0  594.0
6.723  552.0  250.0  594.0
6.744  508.0  255.0  508.0
6.764  468.0  255.0  508.0
6.786  432.0  257.0  468.0
6.806  398.0  260.0  432.0
6.806  398.0  258.0  398.0
6.827  368.0  264.0  368.0
6.848  341.0  264.0  368.0
6.879  306.0  264.0  368.0
6.899  288.0  268.0  306.0
6.899  288.0  260.0  288.0
6.921  272.0  265.0  272.0
6.941  260.0  265.0  272.0
6.962  253.0  265.0  272.0
6.962  253.0  263.0  253.0
6.983  250.0  253.0  250.0
6.993  249.0  253.0  249.0
7.014  248.0  253.0  249.0
7.034  249.0  253.0  248.0
7.034  249.0  244.0  249.0
7.066  247.0  244.0  249.0
7.087  246.0  231.0  246.0
7.107  261.0  231.0  246.0
7.129  286.0  226.0  261.0
7.129  286.0  224.0  286.0
7.149  308.0  224.0  286.0
7.17  338.0  224.0  338.0
7.191  371.0  224.0  338.0
7.212  408.0  216.0  371.0
7.212  408.0  212.0  408.0
7.232  449.0  212.0  449.0
7.254  494.0  212.0  449.0
7.274  539.0  212.0  449.0
7.294  586.0  212.0  539.0
7.294  586.0  210.0  586.0
7.316  637.0  209.0  637.0
7.336  682.0  210.0  682.0
7.357  731.0  210.0  682.0
7.378  778.0  210.0  682.0
7.378  778.0  210.0  778.0
7.399  820.0  208.0  820.0
7.419  864.0  209.0  864.0
7.44  897.0  209.0  864.0
7.461  934.0  209.0  897.0
7.461  934.0  209.0  897.0
7.482  961.0  206.0  961.0
7.502  986.0  208.0  986.0
7.524  1003.0  208.0  986.0
7.524  1003.0  209.0  1003.0
7.546  1015.0  208.0  1015.0
7.569  1021.0  208.0  1015.0
7.592  1022.0  211.0  1022.0
7.604  1022.0  211.0  1022.0
7.604  1022.0  214.0  1022.0
7.626  1012.0  212.0  1012.0
7.66  974.0  215.0  974.0
7.681  944.0  215.0  974.0
7.681  944.0  215.0  974.0
7.701  915.0  216.0  915.0
7.723  884.0  216.0  884.0
7.743  844.0  226.0  866.0
7.743  844.0  226.0  866.0
7.763  801.0  226.0  866.0
7.785  757.0  238.0  801.0
7.805  711.0  240.0  757.0
7.826  666.0  248.0  711.0
7.826  666.0  252.0  666.0
7.847  619.0  252.0  666.0
7.868  578.0  252.0  666.0
7.888  532.0  248.0  578.0
7.909  491.0  247.0  532.0
7.909  491.0  252.0  491.0
7.93  454.0  252.0  491.0
7.951  417.0  251.0  454.0
7.971  385.0  251.0  454.0
7.993  356.0  259.0  385.0
7.993  356.0  260.0  356.0
8.013  332.0  260.0  356.0
8.034  311.0  266.0  332.0
8.055  290.0  266.0  311.0
8.076  273.0  266.0  311.0
8.076  273.0  266.0  311.0
8.096  260.0  263.0  273.0
8.128  251.0  262.0  260.0
8.148  249.0  253.0  251.0
8.169  249.0  249.0  249.0
8.169  249.0  249.0  249.0
8.18  249.0  249.0  249.0
8.201  249.0  250.0  249.0
8.221  249.0  225.0  249.0
8.242  248.0  224.0  249.0
8.242  248.0  221.0  248.0
8.273  275.0  221.0  248.0
8.294  296.0  221.0  248.0
8.315  324.0  221.0  296.0
8.315  324.0  221.0  324.0
8.336  354.0  221.0  324.0
8.356  389.0  221.0  354.0
8.378  428.0  221.0  354.0
8.398  472.0  216.0  428.0
8.398  472.0  213.0  472.0
8.419  520.0  212.0  520.0
8.439  565.0  212.0  520.0
8.461  611.0  212.0  565.0
8.481  657.0  212.0  565.0
8.481  657.0  210.0  657.0
8.502  702.0  211.0  702.0
8.523  749.0  211.0  702.0
8.544  783.0  212.0  749.0
8.564  813.0  210.0  783.0
8.564  813.0  210.0  783.0
8.586  842.0  210.0  783.0
8.606  861.0  209.0  842.0
8.627  877.0  211.0  861.0
8.637  884.0  210.0  877.0
8.658  895.0  209.0  895.0
8.669  899.0  209.0  895.0
8.689  905.0  209.0  895.0
8.711  909.0  211.0  905.0
8.711  909.0  211.0  909.0
8.731  909.0  209.0  909.0
8.752  909.0  209.0  909.0
8.783  909.0  211.0  909.0
8.794  909.0  211.0  909.0
8.794  909.0  211.0  909.0
8.824  909.0  210.0  909.0
8.846  908.0  210.0  909.0
8.866  909.0  210.0  908.0
8.866  909.0  211.0  909.0
8.887  909.0  211.0  909.0
8.907  909.0  209.0  909.0
8.929  909.0  209.0  909.0
8.949  909.0  210.0  909.0
8.97  909.0  211.0  909.0
8.97  909.0  209.0  909.0
8.991  909.0  209.0  909.0
9.012  909.0  209.0  909.0
9.032  909.0  209.0  909.0
9.054  910.0  211.0  909.0
9.054  910.0  210.0  910.0
9.074  910.0  210.0  910.0
9.095  909.0  210.0  910.0
9.116  909.0  211.0  909.0
9.116  909.0  211.0  909.0
9.137  909.0  210.0  909.0
9.157  908.0  210.0  909.0
9.179  909.0  209.0  908.0
9.199  908.0  211.0  909.0
9.199  908.0  211.0  909.0
9.22  909.0  210.0  909.0
9.24  910.0  210.0  909.0
9.262  908.0  209.0  910.0
9.282  910.0  210.0  908.0
9.282  910.0  211.0  910.0
9.303  910.0  211.0  910.0
9.324  909.0  211.0  910.0
9.345  909.0  209.0  909.0
9.345  909.0  209.0  909.0
9.365  910.0  211.0  910.0
9.387  909.0  209.0  909.0
9.417  910.0  209.0  909.0
9.438  910.0  209.0  909.0
9.438  910.0  208.0  910.0
9.459  909.0  211.0  909.0
9.469  909.0  211.0  909.0
9.49  910.0  209.0  909.0
9.511  908.0  209.0  910.0
9.511  908.0  209.0  910.0
9.532  908.0  210.0  908.0
9.552  910.0  210.0  908.0
9.584  909.0  210.0  910.0
9.605  908.0  209.0  909.0
9.605  908.0  210.0  908.0
9.625  910.0  210.0  908.0
9.647  909.0  210.0  908.0
9.667  910.0  211.0  909.0
9.688  910.0  209.0  910.0
9.688  910.0  210.0  910.0
9.709  909.0  211.0  909.0
9.73  909.0  211.0  909.0
9.75  909.0  211.0  909.0
9.771  909.0  209.0  909.0
9.771  909.0  210.0  909.0
9.792  910.0  211.0  910.0
9.812  909.0  211.0  910.0
9.833  909.0  211.0  910.0
9.833  909.0  209.0  909.0
9.854  908.0  209.0  908.0
9.875  908.0  211.0  908.0
9.895  909.0  209.0  909.0
9.917  909.0  209.0  909.0
9.917  909.0  209.0  909.0
9.937  909.0  209.0  909.0
9.958  909.0  211.0  909.0
9.979  910.0  211.0  909.0
10.0  909.0  210.0  910.0
10.0  909.0  209.0  909.0
10.022  909.0  211.0  909.0
10.034  909.0  211.0  909.0
10.068  909.0  211.0  909.0
10.08  910.0  211.0  909.0
10.08  910.0  210.0  910.0
10.102  909.0  211.0  909.0
10.126  909.0  211.0  909.0
10.148  909.0  211.0  909.0
10.171  909.0  211.0  909.0
10.171  909.0  209.0  909.0
10.183  909.0  210.0  909.0
10.206  909.0  210.0  909.0
10.228  910.0  211.0  909.0
10.252  909.0  209.0  910.0
10.252  909.0  209.0  910.0
