22.283  305.0  97.0  305.0
22.283  305.0  97.0  305.0
22.283  305.0  97.0  305.0
22.283  305.0  97.0  305.0
22.283  305.0  97.0  305.0
22.283  305.0  97.0  305.0
22.283  305.0  97.0  305.0
22.283  305.0  97.0  305.0
22.283  305.0  97.0  305.0
22.283  305.0  97.0  305.0
22.283  305.0  97.0  305.0
22.283  305.0  97.0  305.0
22.283  305.0  97.0  305.0
22.283  305.0  97.0  305.0
22.283  305.0  97.0  305.0
22.283  305.0  97.0  305.0
22.283  305.0  97.0  305.0
22.283  305.0  97.0  305.0
22.283  305.0  97.0  305.0
22.283  305.0  97.0  305.0
22.283  305.0  97.0  305.0
22.283  305.0  97.0  305.0
22.283  305.0  97.0  305.0
22.283  305.0  97.0  305.0
22.283  305.0  97.0  305.0
22.283  305.0  97.0  305.0
22.283  305.0  97.0  305.0
22.283  305.0  97.0  305.0
22.283  305.0  97.0  305.0
22.283  305.0  97.0  305.0
22.283  305.0  97.0  305.0
22.283  305.0  97.0  305.0
22.283  305.0  97.0  305.0
22.283  305.0  97.0  305.0
22.283  305.0  97.0  305.0
22.283  305.0  97.0  305.0
22.283  305.0  97.0  305.0
22.283  305.0  97.0  305.0
22.283  305.0  97.0  305.0
0.0  305.0  97.0  305.0
0.0010  305.0  97.0  305.0
0.0020  305.0  97.0  305.0
0.0050  305.0  97.0  305.0
0.0050  305.0  97.0  305.0
0.028  305.0  97.0  305.0
0.045  304.0  97.0  305.0
0.07  305.0  97.0  304.0
0.07  305.0  97.0  305.0
0.095  305.0  97.0  305.0
0.112  305.0  97.0  305.0
0.112  305.0  97.0  305.0
0.141  305.0  97.0  305.0
0.159  305.0  97.0  305.0
0.178  305.0  97.0  305.0
0.178  305.0  97.0  305.0
0.225  305.0  97.0  305.0
0.225  305.0  97.0  305.0
0.243  305.0  97.0  305.0
0.272  305.0  97.0  305.0
0.272  305.0  97.0  305.0
0.29  305.0  97.0  305.0
0.309  305.0  97.0  305.0
0.328  304.0  97.0  304.0
0.347  304.0  97.0  304.0
0.347  304.0  97.0  304.0
0.374  305.0  97.0  305.0
0.394  305.0  97.0  305.0
0.412  305.0  97.0  305.0
0.412  305.0  97.0  305.0
0.44  305.0  97.0  305.0
0.459  305.0  97.0  305.0
0.478  305.0  97.0  305.0
0.505  305.0  97.0  305.0
0.505  305.0  97.0  305.0
0.525  305.0  97.0  305.0
0.543  305.0  97.0  305.0
0.571  305.0  97.0  305.0
0.571  305.0  97.0  305.0
0.59  305.0  97.0  305.0
0.609  305.0  97.0  305.0
0.636  305.0  97.0  305.0
0.636  305.0  97.0  305.0
0.656  304.0  97.0  304.0
0.674  305.0  97.0  305.0
0.702  305.0  97.0  305.0
0.702  305.0  97.0  305.0
0.72  304.0  97.0  305.0
0.74  305.0  97.0  304.0
0.768  305.0  97.0  304.0
0.786  305.0  97.0  305.0
0.786  305.0  97.0  305.0
0.805  305.0  97.0  305.0
0.833  305.0  97.0  305.0
0.851  305.0  97.0  305.0
0.871  305.0  97.0  305.0
0.871  305.0  97.0  305.0
0.889  304.0  97.0  305.0
0.973  305.0  97.0  305.0
0.993  305.0  97.0  305.0
0.993  305.0  97.0  305.0
1.012  305.0  97.0  305.0
1.033  305.0  97.0  305.0
1.053  305.0  97.0  305.0
1.053  305.0  97.0  305.0
1.075  305.0  97.0  305.0
1.095  305.0  97.0  305.0
1.116  305.0  97.0  305.0
1.137  304.0  97.0  305.0
1.158  305.0  97.0  304.0
1.158  305.0  97.0  304.0
1.178  305.0  97.0  304.0
1.2  305.0  97.0  305.0
1.22  305.0  97.0  305.0
1.241  305.0  97.0  305.0
1.241  305.0  97.0  305.0
1.262  305.0  97.0  305.0
1.283  305.0  97.0  305.0
1.303  305.0  97.0  305.0
1.325  305.0  97.0  305.0
1.325  305.0  97.0  305.0
1.345  304.0  97.0  305.0
1.366  305.0  97.0  305.0
1.386  305.0  97.0  305.0
1.408  305.0  97.0  305.0
1.428  305.0  97.0  305.0
1.448  305.0  97.0  305.0
1.49  305.0  97.0  305.0
1.543  305.0  97.0  305.0
1.584  305.0  97.0  305.0
1.605  305.0  97.0  305.0
1.636  305.0  97.0  305.0
1.657  305.0  98.0  305.0
1.678  305.0  98.0  305.0
1.698  305.0  97.0  305.0
1.74  305.0  97.0  305.0
1.781  305.0  97.0  305.0
1.823  305.0  97.0  305.0
1.865  305.0  97.0  305.0
1.886  305.0  97.0  305.0
1.938  304.0  97.0  305.0
1.958  305.0  97.0  305.0
2.0  305.0  97.0  305.0
2.0  305.0  97.0  305.0
2.021  305.0  97.0  305.0
2.041  305.0  97.0  305.0
2.063  305.0  97.0  305.0
2.083  305.0  97.0  305.0
2.083  305.0  97.0  305.0
2.104  304.0  97.0  305.0
2.125  305.0  97.0  304.0
2.146  304.0  97.0  304.0
2.166  305.0  97.0  304.0
2.166  305.0  97.0  305.0
2.188  305.0  97.0  305.0
2.208  305.0  97.0  305.0
2.229  305.0  97.0  305.0
2.249  305.0  97.0  305.0
2.271  305.0  97.0  305.0
2.291  304.0  97.0  305.0
2.312  305.0  97.0  304.0
2.333  305.0  97.0  305.0
2.333  305.0  97.0  305.0
2.374  305.0  97.0  304.0
2.416  305.0  97.0  305.0
2.437  305.0  97.0  305.0
2.479  305.0  97.0  305.0
2.499  305.0  97.0  305.0
2.541  304.0  97.0  305.0
2.562  305.0  97.0  305.0
2.582  305.0  97.0  305.0
2.614  305.0  97.0  305.0
2.634  305.0  97.0  305.0
2.676  304.0  97.0  304.0
2.697  306.0  97.0  306.0
2.739  305.0  97.0  305.0
2.78  305.0  97.0  305.0
2.78  305.0  97.0  305.0
2.801  305.0  97.0  305.0
2.842  304.0  97.0  304.0
2.884  305.0  97.0  304.0
2.905  305.0  97.0  304.0
2.926  305.0  97.0  305.0
2.947  305.0  97.0  305.0
2.967  305.0  97.0  305.0
3.009  305.0  97.0  304.0
3.03  305.0  97.0  305.0
3.082  305.0  97.0  304.0
3.144  305.0  97.0  305.0
3.186  304.0  97.0  304.0
3.227  305.0  97.0  305.0
3.29  305.0  97.0  304.0
3.373  305.0  97.0  305.0
3.445  305.0  97.0  305.0
3.508  305.0  97.0  305.0
3.55  305.0  97.0  305.0
3.622  305.0  97.0  305.0
3.675  305.0  97.0  305.0
3.716  305.0  97.0  305.0
3.778  305.0  97.0  305.0
3.778  305.0  97.0  305.0
3.8  305.0  97.0  305.0
3.82  305.0  97.0  305.0
3.872  305.0  97.0  305.0
3.893  305.0  97.0  305.0
3.945  305.0  97.0  305.0
3.997  305.0  97.0  305.0
4.018  305.0  97.0  305.0
4.038  305.0  97.0  305.0
4.06  305.0  97.0  305.0
4.08  305.0  97.0  305.0
4.101  305.0  97.0  305.0
4.143  304.0  97.0  305.0
4.143  304.0  97.0  304.0
4.185  305.0  97.0  304.0
4.205  304.0  97.0  305.0
4.226  305.0  97.0  304.0
4.226  305.0  97.0  304.0
4.246  304.0  97.0  304.0
4.268  305.0  97.0  304.0
4.298  305.0  97.0  305.0
4.32  305.0  97.0  305.0
4.34  305.0  97.0  305.0
4.361  305.0  97.0  305.0
4.381  305.0  97.0  305.0
4.403  305.0  97.0  305.0
4.413  304.0  97.0  305.0
4.444  305.0  97.0  304.0
4.465  305.0  97.0  305.0
4.465  305.0  97.0  305.0
4.486  305.0  97.0  305.0
4.506  305.0  97.0  305.0
4.528  304.0  97.0  305.0
4.548  304.0  97.0  304.0
4.548  304.0  97.0  304.0
4.569  305.0  97.0  304.0
4.59  304.0  97.0  304.0
4.611  304.0  97.0  304.0
4.611  304.0  97.0  304.0
4.631  305.0  97.0  305.0
4.653  304.0  97.0  304.0
4.673  305.0  97.0  304.0
4.694  305.0  97.0  304.0
4.694  305.0  97.0  305.0
4.714  304.0  97.0  304.0
4.736  305.0  97.0  304.0
4.756  305.0  97.0  305.0
4.788  305.0  97.0  305.0
4.788  305.0  97.0  305.0
4.808  305.0  97.0  305.0
4.829  305.0  97.0  305.0
4.85  305.0  97.0  305.0
4.85  305.0  97.0  305.0
4.871  305.0  97.0  305.0
4.891  305.0  97.0  305.0
4.912  305.0  97.0  305.0
4.933  305.0  97.0  305.0
4.933  305.0  97.0  305.0
4.954  305.0  97.0  305.0
4.974  305.0  97.0  305.0
4.996  305.0  97.0  305.0
5.016  305.0  97.0  305.0
5.016  305.0  97.0  305.0
5.037  305.0  97.0  305.0
5.058  305.0  97.0  305.0
5.079  305.0  97.0  305.0
5.099  305.0  97.0  305.0
5.099  305.0  97.0  305.0
5.121  305.0  97.0  305.0
5.141  305.0  97.0  305.0
5.161  305.0  97.0  305.0
5.172  305.0  97.0  305.0
