47.817  800.0  1023.0  22.0
47.817  800.0  1023.0  22.0
47.817  800.0  1023.0  22.0
47.817  800.0  1023.0  22.0
47.817  800.0  1023.0  22.0
47.817  800.0  1023.0  22.0
47.817  800.0  1023.0  22.0
47.817  800.0  1023.0  22.0
47.817  800.0  1023.0  22.0
47.817  800.0  1023.0  22.0
47.817  800.0  1023.0  22.0
47.817  800.0  1023.0  22.0
47.817  800.0  1023.0  22.0
47.817  800.0  1023.0  22.0
47.817  800.0  1023.0  22.0
47.817  800.0  1023.0  22.0
47.817  800.0  1023.0  22.0
47.817  800.0  1023.0  22.0
47.817  800.0  1023.0  22.0
47.817  800.0  1023.0  22.0
47.817  800.0  1023.0  22.0
47.817  800.0  1023.0  22.0
47.817  800.0  1023.0  22.0
47.817  800.0  1023.0  22.0
47.817  800.0  1023.0  22.0
47.817  800.0  1023.0  22.0
47.817  800.0  1023.0  22.0
47.817  800.0  1023.0  22.0
47.817  800.0  1023.0  22.0
47.817  800.0  1023.0  22.0
47.817  800.0  1023.0  22.0
47.817  800.0  1023.0  22.0
47.817  800.0  1023.0  22.0
47.817  800.0  1023.0  22.0
47.817  800.0  1023.0  22.0
47.817  800.0  1023.0  22.0
47.817  800.0  1023.0  22.0
47.817  800.0  1023.0  22.0
47.817  800.0  1023.0  22.0
47.817  800.0  1023.0  22.0
47.817  800.0  1023.0  22.0
47.817  800.0  1023.0  22.0
47.817  800.0  1023.0  22.0
0.0  800.0  1023.0  22.0
0.0020  800.0  1023.0  22.0
0.0030  800.0  1023.0  1023.0
0.0030  800.0  1023.0  23.0
0.012  799.0  1023.0  23.0
0.028  800.0  1023.0  23.0
0.053  799.0  1023.0  21.0
0.053  799.0  1023.0  22.0
0.07  800.0  1023.0  23.0
0.095  800.0  1023.0  22.0
0.112  800.0  1023.0  22.0
0.132  799.0  1023.0  22.0
0.132  799.0  1023.0  22.0
0.159  800.0  1023.0  22.0
0.178  800.0  1023.0  22.0
0.197  800.0  1023.0  22.0
0.197  800.0  1023.0  21.0
0.225  800.0  1023.0  22.0
0.243  799.0  1023.0  22.0
0.263  800.0  1023.0  23.0
0.29  800.0  1023.0  23.0
0.29  800.0  1023.0  22.0
0.309  800.0  1023.0  22.0
0.328  800.0  1023.0  22.0
0.356  800.0  1023.0  22.0
0.356  800.0  1023.0  22.0
0.374  800.0  1023.0  22.0
0.394  800.0  1023.0  21.0
0.412  800.0  1023.0  21.0
0.421  800.0  1023.0  22.0
0.431  799.0  1023.0  23.0
0.459  800.0  1023.0  21.0
0.478  800.0  1023.0  21.0
0.496  800.0  1023.0  21.0
0.496  800.0  1023.0  21.0
0.525  800.0  1023.0  23.0
0.543  800.0  1023.0  22.0
0.571  800.0  1023.0  22.0
0.571  800.0  1023.0  22.0
0.59  799.0  1023.0  22.0
0.609  800.0  1023.0  22.0
0.636  800.0  1023.0  22.0
0.636  800.0  1023.0  22.0
0.665  800.0  1023.0  21.0
0.684  799.0  1023.0  22.0
0.702  800.0  1023.0  23.0
0.702  800.0  1023.0  23.0
0.72  800.0  1023.0  22.0
0.74  800.0  1023.0  22.0
0.768  800.0  1023.0  22.0
0.786  800.0  1023.0  23.0
0.805  801.0  1023.0  22.0
0.833  800.0  1023.0  22.0
0.833  800.0  1023.0  23.0
0.899  799.0  1023.0  22.0
0.899  799.0  1023.0  22.0
0.917  800.0  1023.0  22.0
0.936  800.0  1023.0  22.0
0.964  798.0  1023.0  22.0
0.983  800.0  1023.0  22.0
0.983  800.0  1023.0  22.0
1.002  799.0  1023.0  22.0
1.022  800.0  1023.0  22.0
1.043  800.0  1023.0  22.0
1.043  800.0  1023.0  23.0
1.064  800.0  1023.0  22.0
1.085  801.0  1023.0  22.0
1.105  800.0  1023.0  23.0
1.127  800.0  1023.0  23.0
1.127  800.0  1023.0  23.0
1.147  800.0  1023.0  23.0
1.168  800.0  1023.0  22.0
1.189  800.0  1023.0  22.0
1.21  799.0  1023.0  22.0
1.21  799.0  1023.0  23.0
1.23  800.0  1023.0  22.0
1.251  800.0  1023.0  22.0
1.283  800.0  1023.0  22.0
1.283  800.0  1023.0  22.0
1.303  800.0  1023.0  22.0
1.325  800.0  1023.0  23.0
1.345  799.0  1023.0  23.0
1.366  800.0  1023.0  23.0
1.366  800.0  1023.0  22.0
1.386  800.0  1023.0  22.0
1.408  800.0  1023.0  23.0
1.428  800.0  1023.0  22.0
1.448  800.0  1023.0  22.0
1.448  800.0  1023.0  22.0
1.47  800.0  1023.0  23.0
1.49  800.0  1023.0  23.0
1.511  800.0  1023.0  22.0
1.532  799.0  1023.0  22.0
1.532  799.0  1023.0  22.0
1.553  800.0  1023.0  22.0
1.573  800.0  1023.0  22.0
1.595  800.0  1023.0  22.0
1.615  800.0  1023.0  22.0
1.615  800.0  1023.0  21.0
1.636  800.0  1023.0  22.0
1.657  800.0  1023.0  23.0
1.678  800.0  1023.0  22.0
1.698  800.0  1023.0  22.0
1.698  800.0  1023.0  22.0
1.719  800.0  1023.0  22.0
1.74  800.0  1023.0  22.0
1.761  800.0  1023.0  22.0
1.761  800.0  1023.0  22.0
1.781  800.0  1023.0  21.0
1.803  800.0  1023.0  21.0
1.833  800.0  1023.0  22.0
1.855  800.0  1023.0  23.0
1.855  800.0  1023.0  23.0
1.875  800.0  1023.0  22.0
1.896  800.0  1023.0  22.0
1.916  800.0  1023.0  22.0
1.928  800.0  1023.0  23.0
1.928  800.0  1023.0  23.0
1.958  800.0  1023.0  22.0
1.979  800.0  1023.0  22.0
2.0  799.0  1023.0  23.0
2.0  799.0  1023.0  23.0
2.021  800.0  1023.0  23.0
2.041  800.0  1023.0  23.0
2.063  800.0  1023.0  22.0
2.083  800.0  1023.0  22.0
2.083  800.0  1023.0  22.0
2.104  799.0  1023.0  23.0
2.125  799.0  1023.0  23.0
2.146  800.0  1023.0  22.0
2.166  797.0  1023.0  22.0
2.166  797.0  1023.0  22.0
2.188  799.0  1023.0  22.0
2.208  800.0  1023.0  22.0
2.229  800.0  1023.0  22.0
2.249  800.0  1023.0  22.0
2.249  800.0  1023.0  22.0
2.271  800.0  1023.0  22.0
2.291  801.0  1023.0  23.0
2.312  799.0  1023.0  22.0
2.333  800.0  1023.0  22.0
2.333  800.0  1023.0  22.0
2.354  800.0  1023.0  22.0
2.384  800.0  1023.0  23.0
2.396  800.0  1023.0  22.0
2.396  800.0  1023.0  22.0
2.416  800.0  1023.0  22.0
2.437  800.0  1023.0  23.0
2.499  800.0  1023.0  22.0
2.499  800.0  1023.0  22.0
2.521  800.0  1023.0  22.0
2.541  799.0  1023.0  22.0
2.562  800.0  1023.0  23.0
2.562  800.0  1023.0  23.0
2.572  800.0  1023.0  22.0
2.604  800.0  1023.0  22.0
2.624  800.0  1023.0  23.0
2.624  800.0  1023.0  23.0
2.644  800.0  1023.0  23.0
2.666  800.0  1023.0  22.0
2.686  800.0  1023.0  22.0
2.707  800.0  1023.0  23.0
2.707  800.0  1023.0  23.0
2.728  800.0  1023.0  23.0
2.749  799.0  1023.0  23.0
2.769  800.0  1023.0  22.0
2.791  800.0  1023.0  22.0
2.791  800.0  1023.0  22.0
2.811  800.0  1023.0  23.0
2.832  800.0  1023.0  22.0
2.853  800.0  1023.0  22.0
2.874  800.0  1023.0  22.0
2.874  800.0  1023.0  22.0
2.894  800.0  1023.0  22.0
2.915  800.0  1023.0  22.0
2.936  800.0  1023.0  22.0
2.957  800.0  1023.0  22.0
2.957  800.0  1023.0  22.0
2.989  800.0  1023.0  22.0
3.009  799.0  1023.0  23.0
3.009  799.0  1023.0  22.0
3.03  800.0  1023.0  22.0
3.05  800.0  1023.0  22.0
3.072  800.0  1023.0  23.0
3.092  800.0  1023.0  23.0
3.092  800.0  1023.0  22.0
3.112  800.0  1023.0  22.0
3.134  800.0  1023.0  22.0
3.165  800.0  1023.0  22.0
3.165  800.0  1023.0  23.0
3.186  799.0  1023.0  23.0
3.207  800.0  1023.0  23.0
3.217  800.0  1023.0  22.0
3.237  800.0  1023.0  22.0
3.237  800.0  1023.0  23.0
3.259  799.0  1023.0  22.0
3.29  800.0  1023.0  22.0
3.3  800.0  1023.0  22.0
3.332  800.0  1023.0  22.0
3.332  800.0  1023.0  23.0
3.352  800.0  1023.0  22.0
3.373  800.0  1023.0  22.0
3.394  800.0  1023.0  22.0
3.415  800.0  1023.0  22.0
3.415  800.0  1023.0  22.0
3.435  800.0  1023.0  23.0
3.457  800.0  1023.0  21.0
3.477  799.0  1023.0  21.0
3.487  800.0  1023.0  22.0
3.497  800.0  1023.0  23.0
3.519  800.0  1023.0  23.0
3.539  800.0  1023.0  23.0
3.56  800.0  1023.0  22.0
3.56  800.0  1023.0  22.0
3.58  799.0  1023.0  22.0
3.602  800.0  1023.0  23.0
3.622  799.0  1023.0  23.0
3.643  800.0  1023.0  21.0
3.643  800.0  1023.0  21.0
3.675  800.0  1023.0  22.0
3.695  800.0  1023.0  23.0
3.705  800.0  1023.0  23.0
3.705  800.0  1023.0  22.0
3.727  800.0  1023.0  22.0
3.747  800.0  1023.0  22.0
3.768  800.0  1023.0  22.0
3.789  799.0  1023.0  23.0
3.789  799.0  1023.0  22.0
3.81  799.0  1023.0  22.0
3.83  800.0  1023.0  22.0
3.852  800.0  1023.0  22.0
3.883  800.0  1023.0  22.0
3.883  800.0  1023.0  23.0
3.903  800.0  1023.0  22.0
3.924  800.0  1023.0  22.0
3.945  800.0  1023.0  22.0
3.965  800.0  1023.0  23.0
3.965  800.0  1023.0  23.0
3.987  800.0  1023.0  22.0
4.007  800.0  1023.0  22.0
4.018  800.0  1023.0  22.0
4.018  800.0  1023.0  23.0
4.048  800.0  1023.0  22.0
4.07  800.0  1023.0  22.0
4.09  800.0  1023.0  22.0
4.111  800.0  1023.0  22.0
4.111  800.0  1023.0  22.0
4.132  800.0  1023.0  23.0
4.153  800.0  1023.0  21.0
4.173  799.0  1023.0  21.0
4.195  800.0  1023.0  21.0
4.195  800.0  1023.0  21.0
4.215  799.0  1023.0  23.0
4.236  800.0  1023.0  22.0
4.257  800.0  1023.0  22.0
4.278  800.0  1023.0  21.0
4.278  800.0  1023.0  23.0
4.298  800.0  1023.0  23.0
4.32  799.0  1023.0  23.0
4.34  799.0  1023.0  23.0
4.361  800.0  1023.0  21.0
4.361  800.0  1023.0  22.0
4.381  800.0  1023.0  23.0
4.403  800.0  1023.0  23.0
4.433  800.0  1023.0  21.0
4.433  800.0  1023.0  21.0
4.455  800.0  1023.0  21.0
4.475  800.0  1023.0  23.0
4.496  800.0  1023.0  23.0
4.506  799.0  1023.0  22.0
4.506  799.0  1023.0  21.0
4.538  800.0  1023.0  21.0
4.558  800.0  1023.0  23.0
4.579  800.0  1023.0  23.0
4.6  800.0  1023.0  23.0
4.6  800.0  1023.0  20.0
4.621  800.0  1023.0  21.0
4.641  800.0  1023.0  21.0
4.663  800.0  1023.0  21.0
4.663  800.0  1023.0  23.0
4.683  800.0  1023.0  22.0
4.704  800.0  1023.0  22.0
4.725  800.0  1023.0  23.0
4.725  800.0  1023.0  23.0
4.746  800.0  1023.0  23.0
4.776  799.0  1023.0  23.0
4.798  800.0  1023.0  22.0
4.818  800.0  1023.0  23.0
4.818  800.0  1023.0  23.0
4.839  800.0  1023.0  25.0
4.86  800.0  1023.0  24.0
4.881  799.0  1023.0  24.0
4.901  800.0  1023.0  24.0
4.901  800.0  1023.0  24.0
4.923  800.0  1023.0  25.0
4.943  800.0  1023.0  24.0
4.964  800.0  1023.0  24.0
4.985  799.0  1023.0  24.0
4.985  799.0  1023.0  22.0
5.006  800.0  1023.0  23.0
5.026  799.0  1023.0  24.0
5.047  800.0  1023.0  24.0
5.047  800.0  1023.0  24.0
5.068  800.0  1023.0  28.0
5.089  800.0  1023.0  39.0
5.109  800.0  1023.0  39.0
5.131  800.0  1023.0  55.0
5.151  800.0  1023.0  83.0
5.151  800.0  1023.0  83.0
5.172  800.0  1023.0  127.0
5.193  799.0  1023.0  127.0
5.214  798.0  1023.0  167.0
5.214  798.0  1023.0  167.0
5.234  799.0  1023.0  192.0
5.256  799.0  1023.0  211.0
5.276  799.0  1023.0  212.0
5.297  799.0  1023.0  212.0
5.297  799.0  1023.0  212.0
5.318  799.0  1023.0  190.0
5.349  800.0  1023.0  155.0
5.369  798.0  1023.0  105.0
5.391  799.0  1023.0  73.0
5.391  799.0  1023.0  73.0
5.411  799.0  1023.0  73.0
5.432  798.0  1023.0  61.0
5.453  798.0  1023.0  58.0
5.464  799.0  1023.0  62.0
5.464  799.0  1023.0  62.0
5.484  799.0  1023.0  90.0
5.505  799.0  1023.0  90.0
5.536  799.0  1023.0  150.0
5.557  799.0  1023.0  191.0
5.557  799.0  1023.0  261.0
5.577  799.0  1023.0  261.0
5.599  798.0  1023.0  261.0
5.599  798.0  1023.0  349.0
5.619  800.0  1023.0  387.0
5.64  798.0  1023.0  387.0
5.661  799.0  1023.0  391.0
5.682  800.0  1023.0  356.0
5.682  800.0  1023.0  281.0
5.702  799.0  1023.0  281.0
5.724  799.0  1023.0  281.0
5.744  799.0  1023.0  195.0
5.765  799.0  1023.0  134.0
5.765  799.0  1023.0  116.0
5.786  799.0  1023.0  153.0
5.807  799.0  1023.0  153.0
5.827  799.0  1023.0  153.0
5.859  798.0  1023.0  238.0
5.859  798.0  1023.0  337.0
5.879  799.0  1023.0  337.0
5.9  799.0  1023.0  395.0
5.921  799.0  1023.0  459.0
5.921  799.0  1023.0  459.0
5.932  798.0  1023.0  493.0
5.952  799.0  1023.0  493.0
5.972  799.0  1023.0  461.0
5.994  799.0  1023.0  380.0
6.025  798.0  1023.0  380.0
6.025  798.0  1023.0  290.0
6.045  799.0  1023.0  290.0
6.067  799.0  1023.0  226.0
6.087  799.0  1023.0  180.0
6.087  799.0  1023.0  148.0
6.108  798.0  1023.0  148.0
6.129  799.0  1023.0  148.0
6.15  799.0  1023.0  122.0
6.17  799.0  1023.0  98.0
6.17  799.0  1023.0  89.0
6.192  799.0  1023.0  82.0
6.212  799.0  1023.0  82.0
6.233  798.0  1023.0  72.0
6.254  799.0  1023.0  72.0
6.254  799.0  1023.0  63.0
6.275  798.0  1023.0  54.0
6.295  798.0  1023.0  54.0
6.317  799.0  1023.0  40.0
6.337  798.0  1023.0  36.0
6.337  798.0  1023.0  34.0
6.358  799.0  1023.0  34.0
6.378  798.0  1023.0  35.0
6.4  798.0  1023.0  35.0
6.4  798.0  1023.0  35.0
6.42  799.0  1023.0  33.0
6.44  798.0  1023.0  33.0
6.462  798.0  1023.0  33.0
6.482  799.0  1023.0  33.0
6.482  799.0  1023.0  36.0
6.503  798.0  1023.0  45.0
6.524  799.0  1023.0  45.0
6.545  798.0  1023.0  66.0
6.565  799.0  1023.0  121.0
6.565  799.0  1023.0  121.0
6.587  799.0  1023.0  206.0
6.618  799.0  1023.0  262.0
6.628  798.0  1023.0  262.0
6.66  799.0  1023.0  349.0
6.66  799.0  1023.0  440.0
6.68  799.0  1023.0  440.0
6.701  799.0  1023.0  440.0
6.722  799.0  1023.0  493.0
6.732  799.0  1023.0  531.0
6.732  799.0  1023.0  570.0
6.753  799.0  1023.0  570.0
6.773  799.0  1023.0  570.0
6.795  799.0  1023.0  610.0
6.815  798.0  1023.0  636.0
6.815  798.0  1023.0  617.0
6.847  799.0  1023.0  560.0
6.867  798.0  1023.0  560.0
6.888  799.0  1023.0  560.0
6.908  799.0  1023.0  508.0
6.908  799.0  1023.0  434.0
6.93  799.0  1023.0  348.0
6.95  799.0  1023.0  348.0
6.971  799.0  1023.0  294.0
6.971  799.0  1023.0  239.0
6.992  798.0  1023.0  239.0
7.013  799.0  1023.0  210.0
7.033  798.0  1023.0  210.0
7.055  799.0  1023.0  237.0
7.055  799.0  1023.0  316.0
7.075  799.0  1023.0  472.0
7.096  799.0  1023.0  472.0
7.128  799.0  1023.0  472.0
7.128  799.0  1023.0  621.0
7.148  799.0  1023.0  774.0
7.169  799.0  1023.0  912.0
7.19  798.0  1023.0  912.0
7.211  799.0  1023.0  912.0
7.211  799.0  1023.0  992.0
7.221  799.0  1023.0  1023.0
7.241  798.0  1023.0  1023.0
7.263  799.0  1023.0  1023.0
7.283  799.0  1023.0  1023.0
7.283  799.0  1023.0  1023.0
7.304  798.0  1023.0  1023.0
7.325  799.0  1023.0  1023.0
7.356  799.0  1023.0  1023.0
7.376  798.0  1023.0  1023.0
7.376  798.0  1023.0  1023.0
7.398  798.0  1023.0  1023.0
7.418  799.0  1023.0  1023.0
7.439  799.0  1023.0  1023.0
7.439  799.0  1023.0  1023.0
7.46  799.0  1023.0  1023.0
7.481  799.0  1023.0  1023.0
7.501  799.0  1023.0  1023.0
7.523  799.0  1023.0  967.0
7.523  799.0  1023.0  967.0
7.543  799.0  1023.0  967.0
7.564  800.0  1023.0  678.0
7.585  799.0  1023.0  430.0
7.606  799.0  1023.0  430.0
7.606  799.0  1023.0  284.0
7.626  800.0  1023.0  177.0
7.648  799.0  1023.0  98.0
7.668  798.0  1023.0  98.0
7.668  798.0  1023.0  98.0
7.699  799.0  1023.0  61.0
7.709  798.0  1023.0  36.0
7.731  799.0  1023.0  31.0
7.751  799.0  1023.0  26.0
7.751  799.0  1023.0  26.0
7.772  798.0  1023.0  26.0
7.793  799.0  1023.0  25.0
7.824  798.0  1023.0  21.0
7.845  798.0  1023.0  20.0
7.845  798.0  1023.0  20.0
7.866  799.0  1023.0  20.0
7.886  798.0  1023.0  22.0
7.907  798.0  1023.0  21.0
7.928  798.0  1023.0  20.0
7.928  798.0  1023.0  20.0
7.949  798.0  1023.0  20.0
7.969  799.0  1023.0  21.0
7.991  798.0  1023.0  21.0
8.011  798.0  1023.0  20.0
8.011  798.0  1023.0  20.0
8.032  799.0  1023.0  20.0
8.053  798.0  1023.0  22.0
8.074  798.0  1023.0  22.0
8.094  799.0  1023.0  22.0
8.094  799.0  1023.0  22.0
8.116  798.0  1023.0  23.0
8.136  798.0  1023.0  29.0
8.157  798.0  1023.0  29.0
8.178  799.0  1023.0  29.0
8.178  799.0  1023.0  29.0
8.199  797.0  1023.0  29.0
8.219  799.0  1023.0  45.0
8.24  798.0  1023.0  72.0
8.24  798.0  1023.0  101.0
8.261  798.0  1023.0  101.0
8.282  798.0  1023.0  101.0
8.302  798.0  1023.0  138.0
8.302  798.0  1023.0  189.0
8.324  798.0  1023.0  189.0
8.344  799.0  1023.0  201.0
8.375  799.0  1023.0  201.0
8.375  799.0  1023.0  183.0
8.396  799.0  1023.0  157.0
8.417  798.0  1023.0  157.0
8.437  798.0  1023.0  157.0
8.449  799.0  1023.0  136.0
8.459  799.0  1023.0  119.0
8.479  799.0  1023.0  119.0
8.5  799.0  1023.0  82.0
8.521  798.0  1023.0  52.0
8.521  798.0  1023.0  52.0
8.542  799.0  1023.0  32.0
8.562  799.0  1023.0  32.0
8.584  799.0  1023.0  26.0
8.604  799.0  1023.0  24.0
8.604  799.0  1023.0  22.0
8.635  799.0  1023.0  22.0
8.656  798.0  1023.0  22.0
8.667  799.0  1023.0  25.0
8.687  798.0  1023.0  43.0
8.687  798.0  1023.0  63.0
8.708  799.0  1023.0  93.0
8.729  798.0  1023.0  93.0
8.75  798.0  1023.0  93.0
8.781  798.0  1023.0  126.0
8.781  798.0  1023.0  181.0
8.802  798.0  1023.0  226.0
8.822  799.0  1023.0  226.0
8.844  798.0  1023.0  226.0
8.864  799.0  1023.0  251.0
8.864  799.0  1023.0  273.0
8.885  799.0  1023.0  269.0
8.905  799.0  1023.0  269.0
8.927  799.0  1023.0  244.0
8.927  799.0  1023.0  192.0
8.947  799.0  1023.0  192.0
8.968  799.0  1023.0  192.0
8.989  798.0  1023.0  122.0
9.01  798.0  1023.0  76.0
9.01  798.0  1023.0  47.0
9.03  798.0  1023.0  32.0
9.052  798.0  1023.0  32.0
9.072  799.0  1023.0  28.0
9.093  799.0  1023.0  28.0
9.093  799.0  1023.0  30.0
9.114  797.0  1023.0  30.0
9.135  797.0  1023.0  31.0
9.155  799.0  1023.0  32.0
9.177  798.0  1023.0  34.0
9.177  798.0  1023.0  39.0
9.197  798.0  1023.0  39.0
9.218  798.0  1023.0  39.0
9.238  798.0  1023.0  51.0
9.238  798.0  1023.0  69.0
9.26  797.0  1023.0  86.0
9.28  798.0  1023.0  86.0
9.3  798.0  1023.0  86.0
9.322  798.0  1023.0  96.0
9.322  798.0  1023.0  104.0
9.353  798.0  1023.0  91.0
9.373  796.0  1023.0  91.0
9.395  798.0  1023.0  74.0
9.415  797.0  1023.0  52.0
9.415  797.0  1023.0  52.0
9.436  797.0  1023.0  39.0
9.457  798.0  1023.0  39.0
9.478  798.0  1023.0  32.0
9.478  798.0  1023.0  26.0
9.498  797.0  1023.0  24.0
9.52  798.0  1023.0  22.0
9.54  797.0  1023.0  22.0
9.561  798.0  1023.0  22.0
9.561  798.0  1023.0  19.0
9.582  797.0  1023.0  18.0
9.603  798.0  1023.0  18.0
9.623  798.0  1023.0  19.0
9.645  797.0  1023.0  19.0
9.645  797.0  1023.0  17.0
9.665  796.0  1023.0  16.0
9.686  798.0  1023.0  16.0
9.706  798.0  1023.0  18.0
9.728  798.0  1023.0  18.0
9.728  798.0  1023.0  16.0
9.748  798.0  1023.0  16.0
9.768  798.0  1023.0  16.0
9.79  798.0  1023.0  16.0
9.79  798.0  1023.0  18.0
9.81  797.0  1023.0  17.0
9.831  797.0  1023.0  17.0
9.852  796.0  1023.0  16.0
9.883  798.0  1023.0  18.0
9.883  798.0  1023.0  18.0
9.904  798.0  1023.0  18.0
9.925  798.0  1023.0  18.0
9.935  796.0  1023.0  17.0
9.956  798.0  1023.0  21.0
9.956  798.0  1023.0  27.0
9.977  797.0  1023.0  27.0
9.998  797.0  1023.0  27.0
10.019  798.0  1023.0  44.0
10.043  797.0  1023.0  71.0
10.043  797.0  1023.0  97.0
10.065  798.0  1023.0  97.0
10.088  797.0  1023.0  116.0
10.112  798.0  1023.0  116.0
10.123  798.0  1023.0  149.0
10.123  798.0  1023.0  161.0
10.145  798.0  1023.0  161.0
10.168  797.0  1023.0  158.0
10.191  796.0  1023.0  139.0
10.214  798.0  1023.0  139.0
10.214  798.0  1023.0  114.0
10.236  798.0  1023.0  114.0
10.26  798.0  1023.0  84.0
10.271  798.0  1023.0  58.0
10.294  798.0  1023.0  38.0
10.294  798.0  1023.0  38.0
10.317  798.0  1023.0  38.0
10.34  798.0  1023.0  35.0
10.362  796.0  1023.0  51.0
10.362  796.0  1023.0  51.0
10.386  798.0  1023.0  78.0
10.408  798.0  1023.0  109.0
10.42  798.0  1023.0  137.0
10.443  798.0  1023.0  137.0
10.443  798.0  1023.0  137.0
10.466  798.0  1023.0  163.0
10.488  798.0  1023.0  198.0
10.512  798.0  1023.0  222.0
10.523  798.0  1023.0  224.0
10.523  798.0  1023.0  224.0
10.546  798.0  1023.0  224.0
10.568  798.0  1023.0  205.0
10.592  798.0  1023.0  165.0
10.614  798.0  1023.0  108.0
10.614  798.0  1023.0  108.0
10.637  797.0  1023.0  74.0
10.66  798.0  1023.0  51.0
10.683  798.0  1023.0  51.0
10.683  798.0  1023.0  51.0
10.694  798.0  1023.0  44.0
10.729  798.0  1023.0  62.0
10.74  797.0  1023.0  99.0
10.763  796.0  1023.0  138.0
10.763  796.0  1023.0  138.0
10.786  798.0  1023.0  138.0
10.809  797.0  1023.0  188.0
10.82  798.0  1023.0  219.0
10.82  798.0  1023.0  232.0
10.855  798.0  1023.0  232.0
10.866  797.0  1023.0  233.0
10.889  796.0  1023.0  233.0
10.912  797.0  1023.0  217.0
10.912  797.0  1023.0  181.0
10.935  797.0  1023.0  181.0
10.957  797.0  1023.0  127.0
10.981  797.0  1023.0  88.0
10.981  797.0  1023.0  88.0
11.003  796.0  1023.0  63.0
11.026  797.0  1023.0  63.0
11.049  797.0  1023.0  42.0
11.049  797.0  1023.0  29.0
11.072  798.0  1023.0  27.0
11.083  796.0  1023.0  24.0
11.107  797.0  1023.0  24.0
11.129  797.0  1023.0  24.0
11.129  797.0  1023.0  21.0
11.152  797.0  1023.0  21.0
11.175  797.0  1023.0  23.0
11.187  797.0  1023.0  23.0
11.209  797.0  1023.0  20.0
11.209  797.0  1023.0  20.0
11.232  797.0  1023.0  19.0
11.255  796.0  1023.0  20.0
11.278  797.0  1023.0  20.0
11.3  798.0  1023.0  20.0
11.3  798.0  1023.0  19.0
11.324  797.0  1023.0  19.0
11.335  798.0  1023.0  20.0
11.358  798.0  1023.0  20.0
11.381  798.0  1023.0  21.0
11.381  798.0  1023.0  20.0
11.404  797.0  1023.0  19.0
11.426  798.0  1023.0  19.0
11.45  798.0  1023.0  19.0
11.461  797.0  1023.0  21.0
11.461  797.0  1023.0  20.0
11.484  798.0  1023.0  20.0
11.507  798.0  1023.0  21.0
11.53  798.0  1023.0  21.0
11.53  798.0  1023.0  21.0
11.552  797.0  1023.0  21.0
11.576  798.0  1023.0  19.0
11.598  798.0  1023.0  20.0
11.61  798.0  1023.0  20.0
11.61  798.0  1023.0  21.0
11.632  798.0  1023.0  21.0
11.656  797.0  1023.0  20.0
11.678  798.0  1023.0  20.0
11.701  798.0  1023.0  20.0
11.701  798.0  1023.0  21.0
11.724  798.0  1023.0  21.0
11.747  798.0  1023.0  20.0
11.769  798.0  1023.0  20.0
11.769  798.0  1023.0  20.0
11.782  798.0  1023.0  20.0
11.804  798.0  1023.0  21.0
11.827  798.0  1023.0  20.0
11.85  798.0  1023.0  20.0
11.85  798.0  1023.0  20.0
11.873  798.0  1023.0  20.0
11.895  798.0  1023.0  21.0
11.919  798.0  1023.0  21.0
11.919  798.0  1023.0  21.0
11.93  799.0  1023.0  20.0
11.953  798.0  1023.0  20.0
11.976  798.0  1023.0  21.0
11.999  798.0  1023.0  21.0
11.999  798.0  1023.0  21.0
12.021  798.0  1023.0  20.0
12.045  798.0  1023.0  20.0
12.067  798.0  1023.0  21.0
12.079  798.0  1023.0  21.0
12.079  798.0  1023.0  21.0
12.101  798.0  1023.0  21.0
12.125  798.0  1023.0  20.0
12.147  798.0  1023.0  21.0
12.171  798.0  1023.0  21.0
12.171  798.0  1023.0  21.0
12.182  798.0  1023.0  20.0
12.205  797.0  1023.0  20.0
12.227  798.0  1023.0  20.0
12.251  799.0  1023.0  21.0
12.251  799.0  1023.0  21.0
12.273  798.0  1023.0  20.0
