118.385  196.0  286.0  293.0
118.385  196.0  286.0  293.0
118.385  196.0  286.0  293.0
118.385  196.0  286.0  293.0
118.385  196.0  286.0  293.0
118.385  196.0  286.0  293.0
118.385  196.0  286.0  293.0
118.385  196.0  286.0  293.0
118.385  196.0  286.0  293.0
118.385  196.0  286.0  293.0
118.385  196.0  286.0  293.0
118.385  196.0  286.0  293.0
118.385  196.0  286.0  293.0
118.385  196.0  286.0  293.0
118.385  196.0  286.0  293.0
118.385  196.0  286.0  293.0
118.385  196.0  286.0  293.0
118.385  196.0  286.0  293.0
118.385  196.0  286.0  293.0
118.385  196.0  286.0  293.0
118.385  196.0  286.0  293.0
118.385  196.0  286.0  293.0
118.385  196.0  286.0  293.0
118.385  196.0  286.0  293.0
118.385  196.0  286.0  293.0
118.385  196.0  286.0  293.0
118.385  196.0  286.0  293.0
118.385  196.0  286.0  293.0
118.385  196.0  286.0  293.0
118.385  196.0  286.0  293.0
118.385  196.0  286.0  293.0
118.385  196.0  286.0  293.0
118.385  196.0  286.0  293.0
118.385  196.0  286.0  293.0
118.385  196.0  286.0  293.0
118.385  196.0  286.0  293.0
118.385  196.0  286.0  293.0
118.385  196.0  286.0  293.0
118.385  196.0  286.0  293.0
118.385  196.0  286.0  293.0
118.385  196.0  286.0  293.0
118.385  196.0  286.0  293.0
118.385  196.0  286.0  293.0
118.385  196.0  286.0  293.0
118.385  196.0  286.0  293.0
118.385  196.0  286.0  293.0
118.385  196.0  286.0  293.0
118.385  196.0  286.0  293.0
11.399  205.0  298.0  290.0
11.399  205.0  298.0  290.0
0.0020  329.0  317.0  309.0
0.0030  265.0  247.0  258.0
0.0070  250.0  232.0  239.0
0.022  332.0  470.0  352.0
0.022  332.0  470.0  352.0
0.039  207.0  337.0  373.0
0.072  322.0  148.0  239.0
0.089  406.0  278.0  224.0
0.089  406.0  278.0  224.0
0.106  378.0  406.0  272.0
0.123  288.0  432.0  329.0
0.141  206.0  388.0  358.0
0.177  195.0  172.0  312.0
0.177  195.0  172.0  312.0
0.194  263.0  133.0  252.0
0.211  336.0  151.0  208.0
0.229  379.0  245.0  203.0
0.229  379.0  245.0  203.0
0.265  315.0  410.0  283.0
0.282  234.0  411.0  333.0
0.3  177.0  340.0  346.0
0.318  164.0  230.0  328.0
0.318  164.0  230.0  328.0
0.335  200.0  143.0  277.0
0.353  277.0  121.0  219.0
0.389  369.0  272.0  192.0
0.406  345.0  370.0  230.0
0.406  345.0  370.0  230.0
0.423  274.0  402.0  287.0
0.442  198.0  380.0  326.0
0.477  159.0  176.0  301.0
0.477  159.0  176.0  301.0
0.494  214.0  116.0  243.0
0.513  291.0  114.0  189.0
0.53  349.0  189.0  176.0
0.547  354.0  296.0  192.0
0.635  167.0  140.0  281.0
0.635  167.0  140.0  281.0
0.654  238.0  104.0  222.0
0.671  311.0  128.0  181.0
0.671  311.0  128.0  181.0
0.689  353.0  224.0  177.0
0.707  346.0  333.0  206.0
0.742  208.0  386.0  312.0
0.759  163.0  317.0  326.0
0.759  163.0  317.0  326.0
0.778  148.0  209.0  308.0
0.795  187.0  122.0  257.0
0.83  334.0  152.0  171.0
0.83  334.0  152.0  171.0
0.848  353.0  261.0  176.0
0.866  326.0  360.0  217.0
0.883  255.0  389.0  273.0
0.901  185.0  368.0  314.0
0.901  185.0  368.0  314.0
0.919  152.0  276.0  318.0
0.954  208.0  104.0  231.0
0.972  284.0  105.0  179.0
0.99  340.0  184.0  168.0
0.99  340.0  184.0  168.0
1.007  345.0  290.0  185.0
1.026  315.0  354.0  216.0
1.045  273.0  369.0  251.0
1.045  273.0  369.0  251.0
1.082  217.0  374.0  309.0
1.1  195.0  343.0  319.0
1.12  176.0  306.0  322.0
1.138  166.0  238.0  312.0
1.138  166.0  238.0  312.0
1.157  176.0  190.0  295.0
1.176  191.0  137.0  269.0
1.195  225.0  120.0  235.0
1.213  257.0  122.0  210.0
1.213  257.0  122.0  210.0
1.251  317.0  167.0  175.0
1.269  326.0  206.0  176.0
1.288  328.0  268.0  184.0
1.288  328.0  268.0  184.0
1.307  314.0  315.0  203.0
1.326  294.0  357.0  228.0
1.344  262.0  374.0  261.0
1.382  214.0  371.0  315.0
1.382  214.0  371.0  315.0
1.4  187.0  334.0  322.0
1.419  173.0  289.0  320.0
1.438  168.0  226.0  311.0
1.438  168.0  226.0  311.0
1.457  178.0  170.0  286.0
1.475  200.0  135.0  261.0
1.513  268.0  124.0  201.0
1.531  293.0  131.0  178.0
1.531  293.0  131.0  178.0
1.55  324.0  174.0  174.0
1.569  327.0  223.0  178.0
1.588  325.0  278.0  186.0
1.588  325.0  278.0  186.0
1.606  311.0  335.0  211.0
1.625  284.0  357.0  236.0
1.644  255.0  377.0  269.0
1.662  227.0  371.0  294.0
1.662  227.0  371.0  294.0
1.699  181.0  327.0  324.0
1.719  171.0  270.0  317.0
1.737  170.0  217.0  306.0
1.756  180.0  153.0  280.0
1.756  180.0  153.0  280.0
1.775  209.0  132.0  253.0
1.794  240.0  114.0  219.0
1.812  277.0  124.0  192.0
1.85  326.0  182.0  172.0
1.85  326.0  182.0  172.0
1.868  328.0  242.0  182.0
1.887  320.0  287.0  191.0
1.906  307.0  349.0  217.0
1.943  247.0  374.0  274.0
1.943  247.0  374.0  274.0
1.961  221.0  373.0  303.0
1.961  221.0  373.0  303.0
1.981  202.0  352.0  317.0
1.999  177.0  318.0  324.0
2.037  174.0  204.0  300.0
2.037  174.0  204.0  300.0
2.056  184.0  141.0  274.0
2.074  218.0  127.0  243.0
2.093  248.0  118.0  215.0
2.112  284.0  120.0  185.0
2.112  284.0  120.0  185.0
2.149  327.0  195.0  173.0
2.168  329.0  259.0  183.0
2.205  301.0  354.0  222.0
2.205  301.0  354.0  222.0
2.224  267.0  368.0  254.0
2.243  240.0  372.0  279.0
2.262  217.0  374.0  311.0
2.28  193.0  340.0  319.0
2.28  193.0  340.0  319.0
2.298  175.0  303.0  322.0
2.318  165.0  234.0  312.0
2.336  177.0  186.0  292.0
2.336  177.0  186.0  292.0
2.355  192.0  136.0  266.0
2.393  258.0  121.0  207.0
2.411  289.0  124.0  179.0
2.429  318.0  168.0  175.0
2.429  318.0  168.0  175.0
2.449  326.0  209.0  176.0
2.467  328.0  270.0  184.0
2.486  314.0  318.0  204.0
2.505  292.0  356.0  229.0
2.505  292.0  356.0  229.0
2.524  261.0  373.0  263.0
2.561  213.0  369.0  314.0
2.58  185.0  333.0  322.0
2.58  185.0  333.0  322.0
2.598  173.0  287.0  319.0
2.617  167.0  224.0  310.0
2.636  178.0  166.0  285.0
2.655  202.0  136.0  259.0
2.655  202.0  136.0  259.0
2.692  269.0  124.0  200.0
2.711  295.0  133.0  178.0
2.729  324.0  175.0  174.0
2.729  324.0  175.0  174.0
2.748  327.0  226.0  179.0
2.766  323.0  279.0  187.0
2.786  311.0  337.0  212.0
2.804  283.0  357.0  237.0
2.804  283.0  357.0  237.0
2.823  253.0  376.0  269.0
2.861  207.0  360.0  316.0
2.879  180.0  325.0  323.0
2.897  170.0  265.0  316.0
2.897  170.0  265.0  316.0
2.917  170.0  213.0  305.0
2.935  181.0  149.0  278.0
2.954  212.0  131.0  251.0
2.992  278.0  122.0  190.0
2.992  278.0  122.0  190.0
3.01  302.0  146.0  177.0
3.028  326.0  183.0  172.0
3.048  328.0  246.0  181.0
3.048  328.0  246.0  181.0
3.066  319.0  289.0  191.0
3.085  306.0  351.0  217.0
3.104  272.0  364.0  246.0
3.123  246.0  374.0  275.0
3.123  246.0  374.0  275.0
3.16  200.0  350.0  317.0
3.179  176.0  314.0  324.0
3.197  167.0  245.0  313.0
3.216  174.0  200.0  298.0
3.216  174.0  200.0  298.0
3.235  186.0  139.0  272.0
3.254  220.0  124.0  240.0
3.272  251.0  119.0  212.0
3.291  285.0  121.0  183.0
3.291  285.0  121.0  183.0
3.329  326.0  198.0  174.0
3.347  329.0  262.0  183.0
3.366  315.0  304.0  199.0
3.366  315.0  304.0  199.0
3.385  299.0  355.0  223.0
3.403  264.0  369.0  256.0
3.422  238.0  371.0  280.0
3.441  216.0  373.0  312.0
3.441  216.0  373.0  312.0
3.46  191.0  336.0  320.0
3.478  175.0  298.0  321.0
3.516  177.0  181.0  290.0
3.516  177.0  181.0  290.0
3.534  194.0  136.0  265.0
3.553  226.0  119.0  230.0
3.572  260.0  124.0  205.0
3.591  290.0  127.0  178.0
3.591  290.0  127.0  178.0
3.609  320.0  170.0  175.0
3.647  326.0  272.0  185.0
3.665  312.0  324.0  206.0
3.684  289.0  356.0  231.0
3.684  289.0  356.0  231.0
3.703  258.0  374.0  265.0
3.722  230.0  369.0  288.0
3.74  211.0  367.0  314.0
3.759  183.0  330.0  321.0
3.759  183.0  330.0  321.0
3.778  171.0  280.0  317.0
3.815  178.0  161.0  282.0
3.834  203.0  135.0  256.0
3.834  203.0  135.0  256.0
3.853  234.0  114.0  221.0
3.871  271.0  124.0  197.0
3.89  295.0  136.0  177.0
3.909  324.0  177.0  173.0
3.909  324.0  177.0  173.0
3.928  326.0  232.0  180.0
3.946  321.0  281.0  188.0
3.984  279.0  358.0  238.0
4.002  250.0  374.0  270.0
4.002  250.0  374.0  270.0
4.021  222.0  371.0  297.0
4.04  206.0  358.0  315.0
4.059  179.0  322.0  323.0
4.077  168.0  260.0  314.0
4.077  168.0  260.0  314.0
4.096  171.0  210.0  303.0
4.115  181.0  146.0  276.0
4.152  243.0  116.0  216.0
4.171  279.0  121.0  188.0
4.171  279.0  121.0  188.0
4.19  303.0  149.0  177.0
4.208  325.0  186.0  172.0
4.227  327.0  251.0  182.0
4.227  327.0  251.0  182.0
4.246  317.0  291.0  193.0
4.283  270.0  364.0  248.0
4.302  244.0  372.0  276.0
4.321  218.0  373.0  305.0
4.321  218.0  373.0  305.0
4.339  198.0  345.0  317.0
4.358  176.0  310.0  322.0
4.377  166.0  243.0  312.0
4.377  166.0  243.0  312.0
4.396  174.0  197.0  296.0
4.414  187.0  139.0  271.0
4.433  221.0  124.0  238.0
4.47  284.0  123.0  181.0
4.47  284.0  123.0  181.0
4.489  312.0  161.0  176.0
4.508  325.0  199.0  174.0
4.527  327.0  263.0  183.0
4.545  313.0  305.0  200.0
4.545  313.0  305.0  200.0
4.564  297.0  354.0  224.0
4.583  263.0  369.0  257.0
4.601  236.0  369.0  281.0
4.639  189.0  335.0  319.0
4.639  189.0  335.0  319.0
4.658  175.0  294.0  319.0
4.676  165.0  229.0  310.0
4.695  176.0  178.0  288.0
4.695  176.0  178.0  288.0
4.714  195.0  137.0  263.0
4.732  227.0  118.0  227.0
4.751  262.0  123.0  204.0
4.789  320.0  169.0  174.0
4.789  320.0  169.0  174.0
4.807  326.0  215.0  177.0
4.826  325.0  273.0  184.0
4.845  310.0  325.0  207.0
4.864  286.0  355.0  231.0
4.864  286.0  355.0  231.0
4.882  257.0  374.0  265.0
4.901  228.0  368.0  288.0
4.92  210.0  365.0  314.0
4.938  182.0  328.0  321.0
4.938  182.0  328.0  321.0
4.976  169.0  219.0  307.0
4.995  178.0  158.0  281.0
5.013  205.0  135.0  255.0
5.032  235.0  114.0  220.0
5.032  235.0  114.0  220.0
5.051  272.0  123.0  195.0
5.069  296.0  138.0  177.0
5.088  324.0  177.0  172.0
5.107  326.0  233.0  180.0
5.107  326.0  233.0  180.0
5.126  320.0  281.0  188.0
5.163  277.0  359.0  239.0
5.182  249.0  373.0  271.0
5.2  222.0  371.0  298.0
5.2  222.0  371.0  298.0
5.219  204.0  355.0  315.0
5.238  178.0  320.0  323.0
5.257  168.0  255.0  314.0
5.275  171.0  208.0  302.0
5.275  171.0  208.0  302.0
5.294  181.0  144.0  275.0
5.331  244.0  116.0  215.0
5.35  280.0  121.0  186.0
5.35  280.0  121.0  186.0
5.369  304.0  151.0  177.0
5.388  325.0  188.0  172.0
5.406  327.0  252.0  182.0
5.425  316.0  293.0  194.0
5.425  316.0  293.0  194.0
5.444  302.0  352.0  219.0
5.463  269.0  365.0  250.0
5.5  217.0  373.0  306.0
5.519  196.0  344.0  317.0
5.519  196.0  344.0  317.0
5.537  176.0  307.0  322.0
5.556  166.0  238.0  311.0
5.575  175.0  193.0  294.0
5.575  175.0  193.0  294.0
5.594  188.0  138.0  269.0
5.632  253.0  120.0  209.0
5.65  286.0  122.0  180.0
5.668  314.0  163.0  175.0
5.668  314.0  163.0  175.0
5.687  325.0  203.0  174.0
5.706  327.0  266.0  183.0
5.725  313.0  310.0  201.0
5.743  295.0  356.0  225.0
5.743  295.0  356.0  225.0
5.762  262.0  371.0  259.0
5.799  213.0  370.0  312.0
5.818  187.0  333.0  319.0
5.818  187.0  333.0  319.0
5.837  173.0  292.0  318.0
5.856  166.0  228.0  309.0
5.874  177.0  173.0  286.0
5.893  197.0  137.0  261.0
5.893  197.0  137.0  261.0
5.931  264.0  124.0  202.0
5.949  291.0  129.0  177.0
5.968  321.0  172.0  173.0
5.987  326.0  218.0  177.0
5.987  326.0  218.0  177.0
6.005  324.0  273.0  184.0
6.024  311.0  329.0  209.0
6.043  284.0  356.0  233.0
6.043  284.0  356.0  233.0
6.062  255.0  375.0  266.0
6.099  210.0  362.0  315.0
6.118  181.0  326.0  322.0
6.136  171.0  271.0  315.0
6.136  171.0  271.0  315.0
6.155  169.0  217.0  306.0
6.174  179.0  154.0  279.0
6.193  208.0  134.0  253.0
6.211  237.0  114.0  219.0
6.211  237.0  114.0  219.0
6.231  275.0  124.0  193.0
6.249  298.0  141.0  177.0
6.286  327.0  239.0  180.0
6.305  320.0  285.0  190.0
6.305  320.0  285.0  190.0
6.324  307.0  345.0  215.0
6.342  275.0  361.0  242.0
6.362  248.0  373.0  272.0
6.362  248.0  373.0  272.0
6.38  221.0  371.0  301.0
6.398  203.0  352.0  316.0
6.417  177.0  317.0  323.0
6.455  173.0  205.0  300.0
6.455  173.0  205.0  300.0
6.473  184.0  142.0  273.0
6.492  217.0  128.0  244.0
6.511  246.0  118.0  214.0
6.53  282.0  121.0  185.0
6.53  282.0  121.0  185.0
6.548  306.0  154.0  177.0
6.586  327.0  255.0  182.0
6.604  316.0  297.0  195.0
6.623  301.0  353.0  220.0
6.623  301.0  353.0  220.0
6.642  268.0  366.0  252.0
6.661  242.0  369.0  277.0
6.679  217.0  373.0  308.0
6.679  217.0  373.0  308.0
6.699  194.0  341.0  318.0
6.717  175.0  304.0  321.0
6.754  176.0  189.0  293.0
6.773  190.0  138.0  268.0
6.773  190.0  138.0  268.0
6.792  223.0  121.0  234.0
6.81  255.0  121.0  209.0
6.83  287.0  123.0  180.0
6.848  316.0  165.0  175.0
6.848  316.0  165.0  175.0
6.866  325.0  204.0  175.0
6.885  327.0  267.0  183.0
6.923  293.0  355.0  226.0
6.941  261.0  370.0  260.0
6.941  261.0  370.0  260.0
6.961  234.0  368.0  283.0
6.979  213.0  370.0  313.0
6.998  187.0  333.0  320.0
6.998  187.0  333.0  320.0
7.016  173.0  290.0  319.0
7.035  166.0  227.0  310.0
7.054  177.0  172.0  286.0
7.054  177.0  172.0  286.0
7.091  230.0  115.0  225.0
7.11  265.0  123.0  202.0
7.129  292.0  128.0  177.0
7.147  322.0  172.0  173.0
7.147  322.0  172.0  173.0
7.166  326.0  220.0  177.0
7.185  324.0  275.0  185.0
7.222  285.0  356.0  233.0
7.222  285.0  356.0  233.0
7.241  255.0  375.0  267.0
7.26  227.0  369.0  291.0
7.278  209.0  363.0  315.0
7.298  181.0  327.0  322.0
7.298  181.0  327.0  322.0
7.316  170.0  272.0  316.0
7.334  169.0  217.0  305.0
7.353  178.0  154.0  279.0
7.391  237.0  114.0  219.0
7.391  237.0  114.0  219.0
7.409  274.0  124.0  194.0
7.429  298.0  141.0  177.0
7.447  324.0  179.0  173.0
7.465  327.0  239.0  181.0
7.465  327.0  239.0  181.0
7.484  320.0  284.0  189.0
7.503  307.0  344.0  214.0
7.54  247.0  373.0  271.0
7.54  247.0  373.0  271.0
7.56  221.0  372.0  300.0
7.578  204.0  353.0  316.0
7.597  177.0  319.0  323.0
7.615  168.0  253.0  313.0
7.615  168.0  253.0  313.0
7.634  172.0  206.0  300.0
7.653  183.0  143.0  274.0
7.69  245.0  117.0  215.0
7.69  245.0  117.0  215.0
7.709  281.0  121.0  185.0
7.728  306.0  152.0  177.0
7.746  325.0  191.0  173.0
7.746  325.0  191.0  173.0
7.766  327.0  255.0  182.0
7.784  315.0  296.0  195.0
7.821  267.0  366.0  252.0
7.84  241.0  371.0  277.0
7.84  241.0  371.0  277.0
7.859  216.0  374.0  308.0
7.877  195.0  343.0  318.0
7.897  175.0  304.0  321.0
7.915  166.0  236.0  312.0
7.915  166.0  236.0  312.0
7.933  176.0  190.0  294.0
7.971  223.0  123.0  234.0
7.99  255.0  119.0  209.0
7.99  255.0  119.0  209.0
8.008  287.0  122.0  180.0
8.028  316.0  164.0  175.0
8.046  325.0  204.0  175.0
8.065  326.0  267.0  183.0
8.065  326.0  267.0  183.0
8.083  312.0  312.0  201.0
8.102  293.0  354.0  226.0
8.139  234.0  367.0  283.0
8.139  234.0  367.0  283.0
8.159  213.0  370.0  312.0
8.177  186.0  332.0  319.0
8.196  172.0  291.0  318.0
8.214  166.0  227.0  310.0
8.214  166.0  227.0  310.0
8.233  177.0  172.0  286.0
8.27  229.0  116.0  225.0
8.27  229.0  116.0  225.0
8.289  265.0  123.0  201.0
8.308  291.0  128.0  177.0
8.327  322.0  172.0  173.0
8.345  326.0  220.0  177.0
8.345  326.0  220.0  177.0
8.365  323.0  275.0  184.0
8.401  284.0  355.0  233.0
8.42  255.0  374.0  267.0
8.42  255.0  374.0  267.0
8.439  227.0  367.0  291.0
8.458  209.0  363.0  314.0
8.476  180.0  327.0  322.0
8.496  170.0  271.0  315.0
8.496  170.0  271.0  315.0
8.532  179.0  154.0  279.0
8.551  208.0  133.0  252.0
8.57  238.0  113.0  219.0
8.57  238.0  113.0  219.0
8.589  275.0  121.0  192.0
8.607  299.0  141.0  177.0
8.627  325.0  180.0  172.0
8.645  327.0  240.0  180.0
8.645  327.0  240.0  180.0
8.664  320.0  286.0  190.0
8.701  274.0  362.0  242.0
8.72  247.0  374.0  272.0
8.72  247.0  374.0  272.0
8.738  220.0  372.0  301.0
8.758  202.0  352.0  316.0
8.776  177.0  318.0  323.0
8.795  167.0  251.0  313.0
8.795  167.0  251.0  313.0
8.833  184.0  141.0  274.0
8.851  218.0  127.0  243.0
8.869  247.0  118.0  213.0
8.888  282.0  122.0  184.0
8.888  282.0  122.0  184.0
8.907  308.0  155.0  176.0
8.926  325.0  192.0  173.0
8.944  327.0  256.0  183.0
8.944  327.0  256.0  183.0
8.964  315.0  299.0  196.0
9.0  267.0  366.0  253.0
9.019  241.0  369.0  278.0
9.038  216.0  373.0  309.0
9.038  216.0  373.0  309.0
9.057  193.0  341.0  318.0
9.075  175.0  303.0  321.0
9.095  166.0  235.0  311.0
9.095  166.0  235.0  311.0
9.132  191.0  138.0  267.0
9.15  224.0  121.0  232.0
9.169  256.0  121.0  208.0
9.188  288.0  124.0  179.0
9.188  288.0  124.0  179.0
9.206  316.0  167.0  175.0
9.226  324.0  207.0  175.0
9.244  327.0  268.0  183.0
9.244  327.0  268.0  183.0
9.281  292.0  355.0  228.0
9.3  260.0  372.0  262.0
9.319  233.0  369.0  285.0
9.337  213.0  369.0  314.0
9.337  213.0  369.0  314.0
9.357  185.0  332.0  321.0
9.375  173.0  286.0  318.0
9.394  167.0  225.0  309.0
9.394  167.0  225.0  309.0
9.432  201.0  136.0  259.0
9.45  232.0  114.0  224.0
9.468  268.0  124.0  200.0
9.487  293.0  132.0  177.0
9.487  293.0  132.0  177.0
9.506  323.0  174.0  173.0
9.525  327.0  224.0  178.0
9.543  323.0  277.0  186.0
9.543  323.0  277.0  186.0
9.563  310.0  336.0  210.0
9.6  254.0  375.0  269.0
9.618  226.0  370.0  294.0
9.618  226.0  370.0  294.0
9.637  208.0  361.0  315.0
9.656  179.0  326.0  322.0
9.674  169.0  267.0  316.0
9.694  170.0  215.0  305.0
9.712  180.0  150.0  279.0
9.712  180.0  150.0  279.0
9.749  241.0  114.0  218.0
9.768  277.0  123.0  191.0
9.787  300.0  145.0  176.0
9.787  300.0  145.0  176.0
9.805  325.0  184.0  172.0
9.825  327.0  245.0  181.0
9.843  319.0  288.0  191.0
9.862  306.0  349.0  216.0
9.862  306.0  349.0  216.0
9.88  272.0  364.0  244.0
9.918  220.0  373.0  304.0
9.936  201.0  350.0  317.0
9.936  201.0  350.0  317.0
9.955  176.0  314.0  324.0
9.974  167.0  247.0  313.0
9.993  173.0  201.0  298.0
10.011  186.0  140.0  272.0
10.011  186.0  140.0  272.0
10.032  205.0  144.0  263.0
10.051  213.0  146.0  256.0
10.071  217.0  146.0  252.0
10.11  223.0  141.0  239.0
10.11  223.0  141.0  239.0
10.13  224.0  140.0  232.0
10.149  224.0  137.0  225.0
10.17  226.0  134.0  220.0
10.189  229.0  131.0  215.0
10.189  229.0  131.0  215.0
10.209  233.0  134.0  212.0
10.229  235.0  134.0  208.0
10.249  240.0  135.0  205.0
10.249  240.0  135.0  205.0
10.268  246.0  134.0  200.0
10.289  251.0  135.0  195.0
10.308  255.0  135.0  188.0
10.328  257.0  134.0  181.0
10.328  257.0  134.0  181.0
10.347  259.0  138.0  177.0
10.368  260.0  141.0  175.0
10.387  262.0  144.0  174.0
10.406  265.0  149.0  175.0
10.406  265.0  149.0  175.0
10.446  274.0  161.0  174.0
10.466  279.0  167.0  173.0
10.485  283.0  171.0  172.0
10.506  286.0  176.0  171.0
10.506  286.0  176.0  171.0
10.525  286.0  181.0  169.0
10.545  286.0  190.0  169.0
10.565  285.0  198.0  171.0
10.585  285.0  206.0  173.0
10.585  285.0  206.0  173.0
10.604  285.0  215.0  175.0
10.625  286.0  226.0  176.0
10.644  285.0  238.0  178.0
10.663  284.0  247.0  179.0
10.663  284.0  247.0  179.0
10.683  284.0  255.0  179.0
10.703  281.0  262.0  180.0
10.723  279.0  269.0  182.0
10.742  277.0  275.0  185.0
10.742  277.0  275.0  185.0
10.782  275.0  289.0  192.0
10.802  275.0  300.0  198.0
10.822  273.0  311.0  203.0
10.822  273.0  311.0  203.0
10.842  271.0  319.0  207.0
10.861  270.0  327.0  210.0
10.881  268.0  330.0  214.0
10.901  265.0  333.0  219.0
10.901  265.0  333.0  219.0
10.92  264.0  334.0  225.0
10.94  264.0  337.0  230.0
10.96  262.0  341.0  238.0
10.96  262.0  341.0  238.0
10.98  263.0  345.0  246.0
10.999  264.0  349.0  254.0
11.019  265.0  353.0  261.0
11.059  263.0  358.0  273.0
11.059  263.0  358.0  273.0
11.078  261.0  357.0  278.0
11.099  258.0  358.0  282.0
11.118  253.0  358.0  286.0
11.138  249.0  359.0  292.0
11.138  249.0  359.0  292.0
11.158  244.0  360.0  300.0
11.177  242.0  361.0  307.0
11.197  240.0  361.0  313.0
11.216  239.0  358.0  317.0
11.216  239.0  358.0  317.0
11.237  237.0  354.0  318.0
11.256  233.0  349.0  318.0
11.276  227.0  343.0  317.0
11.316  213.0  329.0  317.0
11.316  213.0  329.0  317.0
11.335  207.0  323.0  317.0
11.356  201.0  317.0  316.0
11.375  199.0  312.0  316.0
11.375  199.0  312.0  316.0
11.395  197.0  304.0  317.0
11.414  197.0  296.0  314.0
11.435  196.0  286.0  311.0
11.454  194.0  275.0  308.0
11.454  194.0  275.0  308.0
11.473  193.0  263.0  305.0
11.494  192.0  252.0  302.0
11.513  191.0  239.0  300.0
11.513  191.0  239.0  300.0
11.533  190.0  229.0  298.0
11.553  190.0  221.0  297.0
11.573  192.0  215.0  295.0
11.592  194.0  209.0  293.0
11.612  195.0  203.0  290.0
11.612  195.0  203.0  290.0
11.652  197.0  184.0  281.0
11.671  198.0  172.0  275.0
11.692  199.0  162.0  271.0
11.692  199.0  162.0  271.0
11.711  202.0  154.0  266.0
11.73  205.0  149.0  263.0
11.75  208.0  147.0  259.0
11.77  211.0  145.0  254.0
11.77  211.0  145.0  254.0
11.79  215.0  146.0  249.0
11.809  218.0  142.0  244.0
11.83  221.0  139.0  237.0
11.83  221.0  139.0  237.0
11.849  222.0  137.0  230.0
11.869  224.0  134.0  223.0
11.909  228.0  131.0  213.0
11.928  232.0  132.0  210.0
11.928  232.0  132.0  210.0
11.948  235.0  133.0  206.0
11.968  239.0  133.0  203.0
11.987  245.0  134.0  198.0
11.987  245.0  134.0  198.0
12.007  250.0  133.0  193.0
12.027  255.0  134.0  186.0
12.047  256.0  133.0  180.0
12.066  258.0  136.0  175.0
12.087  260.0  140.0  173.0
12.087  260.0  140.0  173.0
12.106  261.0  143.0  173.0
12.126  264.0  149.0  173.0
12.145  268.0  155.0  173.0
12.145  268.0  155.0  173.0
12.166  273.0  160.0  173.0
12.205  282.0  171.0  171.0
12.225  285.0  176.0  169.0
12.244  285.0  180.0  168.0
12.244  285.0  180.0  168.0
12.264  285.0  189.0  168.0
12.283  284.0  197.0  169.0
12.304  284.0  206.0  172.0
12.323  284.0  215.0  174.0
12.323  284.0  215.0  174.0
12.343  283.0  227.0  176.0
12.363  284.0  238.0  177.0
12.383  283.0  247.0  178.0
12.383  283.0  247.0  178.0
12.402  282.0  256.0  178.0
12.423  280.0  262.0  179.0
12.442  278.0  267.0  182.0
12.462  276.0  274.0  184.0
12.462  276.0  274.0  184.0
12.481  275.0  281.0  188.0
12.502  274.0  289.0  193.0
12.54  273.0  311.0  203.0
12.561  271.0  320.0  207.0
12.561  271.0  320.0  207.0
12.58  268.0  327.0  210.0
12.6  266.0  331.0  215.0
12.62  265.0  331.0  220.0
12.64  264.0  335.0  225.0
12.64  264.0  335.0  225.0
12.659  262.0  337.0  232.0
12.679  262.0  341.0  239.0
12.699  263.0  346.0  247.0
12.719  264.0  349.0  255.0
12.719  264.0  349.0  255.0
12.738  264.0  354.0  262.0
12.759  264.0  357.0  269.0
12.778  262.0  358.0  273.0
12.778  262.0  358.0  273.0
12.797  260.0  358.0  278.0
12.818  256.0  358.0  283.0
12.837  252.0  359.0  288.0
12.876  243.0  360.0  302.0
12.876  243.0  360.0  302.0
12.897  241.0  361.0  309.0
12.916  240.0  361.0  314.0
12.936  238.0  357.0  318.0
12.956  236.0  352.0  319.0
12.956  236.0  352.0  319.0
12.976  231.0  348.0  318.0
12.995  226.0  341.0  317.0
13.015  219.0  334.0  317.0
13.015  219.0  334.0  317.0
13.035  211.0  326.0  316.0
13.054  206.0  320.0  316.0
13.074  201.0  315.0  316.0
13.094  198.0  309.0  316.0
13.094  198.0  309.0  316.0
13.133  196.0  290.0  313.0
13.154  195.0  281.0  310.0
13.173  194.0  271.0  306.0
13.193  193.0  257.0  303.0
13.193  193.0  257.0  303.0
13.212  192.0  246.0  301.0
13.233  190.0  234.0  299.0
13.252  190.0  224.0  297.0
13.252  190.0  224.0  297.0
13.272  191.0  217.0  296.0
13.292  193.0  212.0  294.0
13.312  194.0  206.0  291.0
13.331  196.0  198.0  288.0
13.331  196.0  198.0  288.0
13.351  196.0  190.0  284.0
13.371  198.0  178.0  278.0
13.39  198.0  166.0  272.0
13.43  203.0  150.0  264.0
13.43  203.0  150.0  264.0
13.45  206.0  148.0  261.0
13.469  210.0  146.0  257.0
13.49  214.0  146.0  251.0
13.509  216.0  144.0  247.0
13.509  216.0  144.0  247.0
13.529  220.0  140.0  239.0
13.548  222.0  138.0  232.0
13.569  223.0  134.0  225.0
13.569  223.0  134.0  225.0
13.588  224.0  132.0  219.0
13.607  227.0  131.0  214.0
13.628  230.0  132.0  210.0
13.647  234.0  132.0  207.0
13.647  234.0  132.0  207.0
13.667  237.0  133.0  204.0
13.687  243.0  133.0  199.0
13.707  249.0  133.0  194.0
13.726  254.0  132.0  187.0
13.726  254.0  132.0  187.0
13.766  259.0  135.0  176.0
13.786  259.0  137.0  174.0
13.805  261.0  142.0  172.0
13.826  263.0  148.0  173.0
13.826  263.0  148.0  173.0
13.845  267.0  153.0  173.0
13.864  272.0  159.0  172.0
13.885  277.0  164.0  171.0
13.885  277.0  164.0  171.0
13.904  281.0  170.0  171.0
13.924  285.0  173.0  169.0
13.943  286.0  179.0  168.0
13.964  285.0  188.0  168.0
13.964  285.0  188.0  168.0
13.983  284.0  195.0  169.0
14.003  283.0  203.0  171.0
14.043  283.0  225.0  175.0
14.062  284.0  236.0  177.0
14.062  284.0  236.0  177.0
14.083  283.0  247.0  178.0
14.102  282.0  254.0  178.0
14.121  280.0  260.0  179.0
14.141  278.0  268.0  181.0
14.141  278.0  268.0  181.0
14.161  276.0  272.0  184.0
14.181  275.0  280.0  188.0
14.2  274.0  289.0  192.0
14.2  274.0  289.0  192.0
14.221  273.0  300.0  197.0
14.24  272.0  312.0  203.0
14.26  270.0  320.0  207.0
14.3  266.0  329.0  215.0
14.3  266.0  329.0  215.0
14.319  264.0  332.0  220.0
14.339  263.0  333.0  225.0
14.359  262.0  335.0  232.0
14.379  260.0  339.0  239.0
14.379  260.0  339.0  239.0
14.398  261.0  343.0  247.0
14.418  263.0  347.0  255.0
14.438  263.0  352.0  262.0
14.438  263.0  352.0  262.0
14.457  262.0  354.0  268.0
14.477  260.0  355.0  273.0
14.497  259.0  354.0  277.0
14.517  254.0  355.0  281.0
14.517  254.0  355.0  281.0
14.536  248.0  356.0  287.0
14.557  245.0  356.0  293.0
14.576  241.0  358.0  300.0
14.596  239.0  359.0  307.0
14.596  239.0  359.0  307.0
14.636  236.0  353.0  316.0
14.655  233.0  349.0  316.0
14.674  229.0  343.0  315.0
14.695  223.0  336.0  313.0
14.695  223.0  336.0  313.0
14.714  216.0  331.0  313.0
14.734  208.0  322.0  313.0
14.754  203.0  315.0  313.0
14.754  203.0  315.0  313.0
14.774  198.0  311.0  313.0
14.793  197.0  305.0  313.0
14.813  196.0  296.0  312.0
14.833  195.0  287.0  309.0
14.833  195.0  287.0  309.0
14.853  195.0  277.0  306.0
14.872  193.0  266.0  303.0
14.893  193.0  253.0  299.0
14.931  190.0  231.0  295.0
14.931  190.0  231.0  295.0
14.952  190.0  222.0  293.0
14.971  192.0  215.0  292.0
14.991  193.0  208.0  289.0
14.991  193.0  208.0  289.0
15.01  194.0  203.0  286.0
15.031  196.0  195.0  282.0
15.05  196.0  185.0  277.0
15.07  196.0  174.0  271.0
15.07  196.0  174.0  271.0
15.09  198.0  165.0  266.0
15.11  200.0  158.0  262.0
15.129  202.0  154.0  259.0
15.15  204.0  151.0  257.0
15.15  204.0  151.0  257.0
15.169  207.0  151.0  253.0
15.188  210.0  151.0  249.0
15.228  215.0  147.0  239.0
15.248  217.0  142.0  232.0
15.248  217.0  142.0  232.0
15.267  217.0  140.0  224.0
15.288  218.0  137.0  218.0
15.307  221.0  135.0  214.0
15.307  221.0  135.0  214.0
15.327  223.0  136.0  212.0
15.347  227.0  135.0  208.0
15.367  231.0  136.0  205.0
15.386  237.0  136.0  200.0
15.386  237.0  136.0  200.0
15.406  242.0  135.0  194.0
15.426  246.0  134.0  188.0
15.446  249.0  133.0  182.0
15.465  250.0  135.0  177.0
15.465  250.0  135.0  177.0
15.485  252.0  137.0  174.0
15.524  256.0  146.0  175.0
15.544  260.0  151.0  175.0
15.544  260.0  151.0  175.0
15.564  265.0  156.0  174.0
15.584  271.0  162.0  173.0
15.603  275.0  167.0  172.0
15.624  278.0  171.0  170.0
15.624  278.0  171.0  170.0
15.643  279.0  176.0  170.0
15.663  279.0  184.0  170.0
15.683  278.0  192.0  171.0
15.703  277.0  199.0  173.0
15.703  277.0  199.0  173.0
15.722  279.0  209.0  174.0
15.741  279.0  221.0  176.0
15.762  279.0  231.0  177.0
15.781  278.0  241.0  178.0
15.781  278.0  241.0  178.0
15.821  275.0  254.0  179.0
15.841  273.0  260.0  181.0
15.86  271.0  266.0  183.0
15.86  271.0  266.0  183.0
15.881  270.0  272.0  187.0
15.9  270.0  281.0  191.0
15.92  269.0  292.0  196.0
15.939  268.0  303.0  201.0
15.939  268.0  303.0  201.0
15.96  266.0  310.0  204.0
15.979  264.0  316.0  207.0
15.998  261.0  318.0  210.0
15.998  261.0  318.0  210.0
16.019  258.0  319.0  215.0
16.038  256.0  319.0  219.0
16.077  252.0  325.0  230.0
16.098  252.0  328.0  237.0
16.098  252.0  328.0  237.0
16.117  253.0  331.0  244.0
16.137  254.0  335.0  251.0
16.157  252.0  338.0  256.0
16.177  250.0  338.0  259.0
16.177  250.0  338.0  259.0
16.196  248.0  338.0  263.0
16.217  245.0  339.0  267.0
16.236  239.0  339.0  272.0
16.256  235.0  341.0  278.0
16.256  235.0  341.0  278.0
16.275  232.0  342.0  286.0
16.295  230.0  343.0  293.0
16.315  229.0  342.0  298.0
16.315  229.0  342.0  298.0
16.334  228.0  339.0  301.0
16.355  225.0  336.0  301.0
16.374  221.0  331.0  300.0
16.414  208.0  320.0  300.0
16.414  208.0  320.0  300.0
16.434  201.0  313.0  300.0
16.453  197.0  309.0  301.0
16.473  192.0  305.0  302.0
16.473  192.0  305.0  302.0
16.493  191.0  298.0  302.0
16.513  191.0  289.0  301.0
16.532  190.0  282.0  299.0
16.552  189.0  273.0  296.0
16.552  189.0  273.0  296.0
16.572  188.0  262.0  294.0
16.591  187.0  249.0  291.0
16.631  186.0  229.0  288.0
16.651  186.0  223.0  288.0
16.651  186.0  223.0  288.0
16.67  187.0  216.0  287.0
16.691  189.0  209.0  284.0
16.71  190.0  204.0  281.0
16.73  191.0  195.0  277.0
16.73  191.0  195.0  277.0
16.75  191.0  184.0  272.0
16.77  191.0  173.0  267.0
16.789  192.0  161.0  262.0
16.789  192.0  161.0  262.0
16.808  193.0  154.0  258.0
16.829  196.0  148.0  255.0
16.848  199.0  148.0  252.0
16.848  199.0  148.0  252.0
16.868  203.0  146.0  249.0
16.888  207.0  146.0  244.0
16.908  209.0  143.0  239.0
16.948  214.0  138.0  226.0
16.948  214.0  138.0  226.0
16.967  215.0  135.0  220.0
16.987  216.0  133.0  214.0
17.006  219.0  132.0  210.0
17.027  221.0  130.0  207.0
17.027  221.0  130.0  207.0
17.046  225.0  131.0  204.0
17.065  229.0  132.0  200.0
17.086  235.0  132.0  195.0
17.086  235.0  132.0  195.0
17.105  240.0  131.0  190.0
17.125  244.0  131.0  184.0
17.145  246.0  132.0  178.0
17.184  250.0  137.0  172.0
17.184  250.0  137.0  172.0
17.204  252.0  141.0  171.0
17.224  254.0  146.0  173.0
17.244  259.0  151.0  173.0
17.263  264.0  156.0  172.0
17.263  264.0  156.0  172.0
17.284  270.0  161.0  171.0
17.303  273.0  164.0  170.0
17.323  276.0  169.0  168.0
17.342  276.0  174.0  167.0
17.342  276.0  174.0  167.0
17.362  276.0  182.0  167.0
17.382  275.0  189.0  169.0
17.401  275.0  198.0  169.0
17.401  275.0  198.0  169.0
17.422  274.0  206.0  172.0
17.441  275.0  217.0  174.0
17.461  275.0  228.0  175.0
17.481  275.0  237.0  175.0
17.481  275.0  237.0  175.0
17.52  273.0  250.0  175.0
17.54  270.0  256.0  177.0
17.56  268.0  261.0  180.0
17.58  268.0  268.0  184.0
17.58  268.0  268.0  184.0
17.599  267.0  277.0  188.0
17.619  267.0  287.0  192.0
17.639  266.0  299.0  197.0
17.639  266.0  299.0  197.0
17.658  265.0  307.0  201.0
17.679  262.0  312.0  204.0
17.698  259.0  316.0  207.0
17.718  257.0  315.0  211.0
17.718  257.0  315.0  211.0
17.737  255.0  316.0  216.0
17.758  253.0  318.0  221.0
17.777  251.0  322.0  227.0
17.817  252.0  328.0  241.0
17.817  252.0  328.0  241.0
17.837  252.0  333.0  247.0
17.856  252.0  335.0  252.0
17.876  250.0  336.0  256.0
17.896  247.0  336.0  260.0
17.896  247.0  336.0  260.0
17.915  244.0  337.0  264.0
17.935  239.0  338.0  270.0
17.955  235.0  340.0  276.0
17.975  232.0  342.0  283.0
17.975  232.0  342.0  283.0
17.994  230.0  342.0  290.0
18.015  229.0  343.0  295.0
18.034  228.0  340.0  299.0
18.034  228.0  340.0  299.0
18.073  222.0  332.0  300.0
18.094  217.0  326.0  298.0
18.113  209.0  321.0  299.0
18.132  203.0  314.0  299.0
18.132  203.0  314.0  299.0
18.153  198.0  309.0  300.0
18.172  194.0  306.0  301.0
18.192  192.0  300.0  301.0
18.212  191.0  292.0  301.0
18.212  191.0  292.0  301.0
18.232  190.0  284.0  299.0
18.251  189.0  275.0  296.0
18.271  188.0  266.0  294.0
18.271  188.0  266.0  294.0
18.291  187.0  253.0  291.0
18.311  186.0  242.0  288.0
18.33  185.0  232.0  287.0
18.37  185.0  217.0  286.0
18.37  185.0  217.0  286.0
18.39  186.0  211.0  284.0
18.41  187.0  204.0  281.0
18.429  189.0  197.0  278.0
18.429  189.0  197.0  278.0
18.449  190.0  189.0  273.0
18.468  189.0  179.0  269.0
18.489  190.0  167.0  263.0
18.508  191.0  157.0  259.0
18.508  191.0  157.0  259.0
18.528  193.0  152.0  256.0
18.548  196.0  147.0  253.0
18.568  199.0  146.0  250.0
18.568  199.0  146.0  250.0
18.587  203.0  145.0  245.0
18.627  208.0  140.0  234.0
18.647  211.0  138.0  228.0
18.666  211.0  136.0  222.0
18.666  211.0  136.0  222.0
18.686  213.0  132.0  216.0
18.706  215.0  130.0  211.0
18.725  218.0  131.0  208.0
18.746  221.0  131.0  206.0
18.746  221.0  131.0  206.0
18.765  226.0  132.0  202.0
18.785  231.0  132.0  198.0
18.804  237.0  133.0  193.0
18.825  241.0  131.0  188.0
18.825  241.0  131.0  188.0
18.844  245.0  131.0  181.0
18.864  247.0  132.0  176.0
18.884  249.0  134.0  173.0
18.884  249.0  134.0  173.0
18.904  250.0  137.0  172.0
18.944  255.0  147.0  172.0
18.963  259.0  151.0  173.0
18.982  266.0  155.0  171.0
18.982  266.0  155.0  171.0
19.002  271.0  161.0  170.0
19.022  273.0  166.0  169.0
19.042  275.0  169.0  167.0
19.061  275.0  175.0  167.0
19.061  275.0  175.0  167.0
19.082  275.0  184.0  167.0
19.101  274.0  190.0  169.0
19.121  275.0  198.0  171.0
19.121  275.0  198.0  171.0
19.161  275.0  219.0  173.0
19.161  275.0  219.0  173.0
19.18  275.0  228.0  174.0
19.22  273.0  245.0  175.0
19.279  268.0  262.0  180.0
19.299  267.0  269.0  184.0
19.318  267.0  278.0  187.0
19.338  266.0  290.0  193.0
19.338  266.0  290.0  193.0
19.358  265.0  299.0  198.0
19.378  264.0  306.0  201.0
19.397  262.0  312.0  203.0
19.418  259.0  315.0  207.0
19.418  259.0  315.0  207.0
19.437  256.0  315.0  211.0
19.457  254.0  316.0  216.0
19.477  252.0  319.0  221.0
19.477  252.0  319.0  221.0
19.496  250.0  322.0  228.0
19.516  251.0  324.0  235.0
19.535  252.0  328.0  241.0
19.556  253.0  333.0  247.0
19.556  253.0  333.0  247.0
19.575  252.0  336.0  252.0
19.615  248.0  336.0  261.0
19.635  243.0  337.0  264.0
19.654  240.0  338.0  269.0
19.675  235.0  339.0  276.0
19.675  235.0  339.0  276.0
19.694  232.0  342.0  283.0
19.714  230.0  344.0  290.0
19.733  229.0  342.0  295.0
19.733  229.0  342.0  295.0
19.753  229.0  340.0  299.0
19.773  226.0  337.0  300.0
19.792  222.0  333.0  300.0
19.813  217.0  327.0  299.0
19.813  217.0  327.0  299.0
19.832  210.0  321.0  299.0
19.852  204.0  316.0  299.0
19.871  198.0  311.0  300.0
19.871  198.0  311.0  300.0
19.911  191.0  302.0  301.0
19.931  191.0  293.0  301.0
19.951  190.0  285.0  299.0
19.971  190.0  277.0  296.0
19.971  190.0  277.0  296.0
19.99  188.0  266.0  294.0
20.011  187.0  255.0  291.0
20.03  186.0  244.0  289.0
20.049  185.0  233.0  288.0
20.049  185.0  233.0  288.0
20.069  184.0  224.0  286.0
20.089  185.0  218.0  286.0
20.109  187.0  210.0  284.0
20.128  188.0  205.0  281.0
20.128  188.0  205.0  281.0
20.168  190.0  190.0  274.0
20.168  190.0  190.0  274.0
20.188  190.0  181.0  269.0
20.208  190.0  169.0  264.0
20.228  191.0  159.0  260.0
20.247  193.0  153.0  257.0
20.247  193.0  153.0  257.0
20.287  198.0  145.0  250.0
20.306  202.0  144.0  246.0
20.326  205.0  144.0  241.0
20.326  205.0  144.0  241.0
20.346  207.0  141.0  236.0
20.366  210.0  138.0  229.0
20.385  211.0  136.0  222.0
20.385  211.0  136.0  222.0
20.406  212.0  134.0  217.0
20.425  214.0  130.0  212.0
20.445  217.0  131.0  209.0
20.464  219.0  131.0  205.0
20.464  219.0  131.0  205.0
20.485  224.0  131.0  204.0
20.504  228.0  132.0  200.0
20.524  235.0  133.0  195.0
20.544  239.0  131.0  189.0
20.544  239.0  131.0  189.0
20.563  243.0  131.0  183.0
20.602  246.0  131.0  174.0
20.623  248.0  136.0  171.0
20.623  248.0  136.0  171.0
20.642  249.0  139.0  171.0
20.662  253.0  143.0  172.0
20.682  257.0  148.0  172.0
20.682  257.0  148.0  172.0
20.702  263.0  153.0  171.0
20.742  271.0  165.0  169.0
20.761  274.0  167.0  168.0
20.761  274.0  167.0  168.0
20.781  275.0  171.0  166.0
20.8  275.0  179.0  166.0
20.82  274.0  187.0  168.0
20.84  274.0  193.0  169.0
20.84  274.0  193.0  169.0
20.859  275.0  204.0  171.0
20.88  275.0  215.0  173.0
20.899  275.0  224.0  174.0
20.919  275.0  234.0  175.0
20.919  275.0  234.0  175.0
20.939  274.0  243.0  174.0
20.959  273.0  248.0  175.0
20.978  271.0  254.0  177.0
20.998  269.0  259.0  178.0
20.998  269.0  259.0  178.0
21.018  269.0  266.0  182.0
21.038  267.0  273.0  187.0
21.078  267.0  294.0  196.0
21.078  265.0  304.0  200.0
21.097  265.0  304.0  200.0
21.116  264.0  310.0  203.0
21.136  261.0  314.0  206.0
21.156  258.0  316.0  209.0
21.156  258.0  316.0  209.0
21.176  256.0  318.0  215.0
21.195  255.0  318.0  220.0
21.216  253.0  323.0  226.0
21.235  253.0  326.0  233.0
21.235  253.0  326.0  233.0
21.255  253.0  329.0  240.0
21.275  254.0  333.0  246.0
21.295  253.0  336.0  252.0
21.314  252.0  337.0  256.0
21.314  252.0  337.0  256.0
21.334  250.0  337.0  259.0
21.354  247.0  337.0  263.0
21.373  242.0  338.0  267.0
21.393  238.0  339.0  273.0
21.393  238.0  339.0  273.0
21.413  234.0  341.0  279.0
21.452  230.0  343.0  293.0
21.473  230.0  341.0  297.0
21.492  228.0  339.0  300.0
21.492  228.0  339.0  300.0
21.512  225.0  336.0  300.0
21.531  220.0  331.0  300.0
21.552  215.0  326.0  299.0
21.571  207.0  320.0  300.0
21.571  207.0  320.0  300.0
21.591  201.0  312.0  300.0
21.611  197.0  309.0  300.0
21.63  193.0  305.0  301.0
21.63  193.0  305.0  301.0
21.65  191.0  299.0  301.0
21.669  190.0  290.0  301.0
21.709  189.0  273.0  296.0
21.709  189.0  273.0  296.0
21.729  187.0  264.0  293.0
21.749  186.0  252.0  290.0
21.769  185.0  241.0  289.0
21.788  184.0  230.0  287.0
21.788  184.0  230.0  287.0
21.809  184.0  222.0  286.0
21.828  185.0  214.0  285.0
21.848  187.0  209.0  283.0
21.867  188.0  203.0  281.0
21.867  188.0  203.0  281.0
21.888  189.0  197.0  277.0
21.907  189.0  188.0  273.0
21.926  190.0  176.0  268.0
21.947  191.0  165.0  263.0
21.947  191.0  165.0  263.0
21.966  192.0  156.0  259.0
21.986  194.0  149.0  256.0
22.006  197.0  146.0  253.0
22.026  200.0  144.0  249.0
22.045  204.0  143.0  245.0
22.065  206.0  143.0  240.0
22.085  209.0  139.0  234.0
22.105  211.0  138.0  228.0
22.105  211.0  138.0  228.0
22.124  212.0  135.0  222.0
22.145  213.0  132.0  216.0
22.164  215.0  128.0  211.0
22.183  219.0  130.0  208.0
22.183  219.0  130.0  208.0
22.204  222.0  131.0  205.0
22.223  226.0  131.0  202.0
22.243  231.0  132.0  198.0
22.262  237.0  133.0  193.0
22.262  237.0  133.0  193.0
22.283  241.0  132.0  188.0
22.302  245.0  131.0  182.0
22.342  249.0  134.0  173.0
22.342  249.0  134.0  173.0
22.362  250.0  137.0  172.0
22.381  252.0  141.0  171.0
22.381  252.0  141.0  171.0
22.401  255.0  147.0  172.0
22.421  260.0  150.0  172.0
22.44  265.0  158.0  171.0
22.44  265.0  158.0  171.0
22.48  274.0  167.0  169.0
22.5  276.0  170.0  168.0
22.519  276.0  176.0  166.0
22.519  276.0  176.0  166.0
22.54  276.0  183.0  167.0
22.559  275.0  191.0  169.0
22.579  275.0  199.0  170.0
22.598  276.0  209.0  172.0
22.598  276.0  209.0  172.0
22.619  276.0  220.0  174.0
22.638  276.0  230.0  174.0
22.658  276.0  239.0  175.0
22.678  274.0  246.0  176.0
22.678  274.0  246.0  176.0
22.697  272.0  251.0  176.0
22.737  270.0  264.0  181.0
22.757  268.0  270.0  185.0
22.776  268.0  279.0  189.0
22.776  268.0  279.0  189.0
22.796  267.0  290.0  194.0
22.816  267.0  301.0  198.0
22.836  264.0  308.0  202.0
22.836  264.0  308.0  202.0
22.855  262.0  314.0  205.0
22.876  260.0  317.0  209.0
22.876  260.0  317.0  209.0
22.895  257.0  319.0  214.0
22.935  254.0  321.0  224.0
22.955  252.0  326.0  230.0
22.974  252.0  328.0  237.0
22.974  252.0  328.0  237.0
22.993  253.0  331.0  244.0
23.014  253.0  337.0  251.0
23.033  252.0  338.0  255.0
23.053  251.0  339.0  260.0
23.053  251.0  339.0  260.0
23.073  248.0  339.0  263.0
23.093  244.0  338.0  267.0
23.112  240.0  339.0  272.0
23.132  236.0  341.0  277.0
23.132  236.0  341.0  277.0
23.152  232.0  341.0  285.0
23.172  230.0  343.0  292.0
23.191  229.0  342.0  297.0
23.212  228.0  340.0  300.0
23.212  228.0  340.0  300.0
23.25  222.0  331.0  301.0
23.271  216.0  325.0  300.0
23.29  209.0  320.0  300.0
23.29  209.0  320.0  300.0
23.31  202.0  314.0  300.0
23.329  198.0  308.0  300.0
23.35  194.0  305.0  301.0
23.369  191.0  301.0  302.0
23.369  191.0  301.0  302.0
23.389  190.0  291.0  302.0
23.409  190.0  283.0  299.0
23.429  190.0  274.0  296.0
23.448  188.0  264.0  294.0
23.448  188.0  264.0  294.0
23.469  187.0  251.0  291.0
23.507  185.0  230.0  288.0
23.527  184.0  221.0  287.0
23.527  184.0  221.0  287.0
23.547  185.0  216.0  285.0
23.567  187.0  210.0  283.0
23.586  189.0  204.0  281.0
23.607  189.0  198.0  277.0
23.607  189.0  198.0  277.0
23.626  190.0  188.0  273.0
23.646  190.0  177.0  269.0
23.665  191.0  166.0  263.0
23.665  191.0  166.0  263.0
23.686  192.0  158.0  259.0
23.705  194.0  150.0  257.0
23.725  197.0  148.0  254.0
23.745  200.0  145.0  250.0
23.745  200.0  145.0  250.0
23.764  204.0  145.0  245.0
23.804  209.0  140.0  235.0
23.824  211.0  138.0  228.0
23.843  212.0  136.0  222.0
23.843  212.0  136.0  222.0
23.863  213.0  132.0  216.0
23.883  215.0  130.0  211.0
23.903  219.0  130.0  208.0
23.903  219.0  130.0  208.0
23.922  222.0  132.0  205.0
23.962  231.0  131.0  199.0
23.982  236.0  133.0  194.0
23.982  236.0  133.0  194.0
24.002  241.0  131.0  188.0
24.022  244.0  130.0  182.0
24.041  246.0  131.0  176.0
24.041  246.0  131.0  176.0
24.06  248.0  133.0  172.0
24.081  249.0  137.0  172.0
24.1  251.0  140.0  172.0
24.12  255.0  146.0  172.0
24.12  255.0  146.0  172.0
24.14  259.0  150.0  172.0
24.16  265.0  155.0  171.0
24.179  270.0  161.0  170.0
24.179  270.0  161.0  170.0
24.219  275.0  169.0  167.0
24.239  275.0  173.0  166.0
24.258  275.0  181.0  166.0
24.258  275.0  181.0  166.0
24.279  274.0  189.0  168.0
24.317  274.0  207.0  172.0
24.317  274.0  207.0  172.0
24.317  274.0  207.0  172.0
24.357  275.0  228.0  174.0
24.377  275.0  237.0  174.0
24.377  275.0  237.0  174.0
24.396  274.0  244.0  174.0
24.417  272.0  249.0  176.0
24.436  270.0  256.0  177.0
24.456  269.0  261.0  180.0
24.456  269.0  261.0  180.0
24.476  268.0  268.0  184.0
24.496  266.0  276.0  188.0
24.515  267.0  287.0  192.0
24.536  266.0  297.0  198.0
24.536  266.0  297.0  198.0
24.555  264.0  305.0  201.0
24.574  263.0  311.0  204.0
24.614  258.0  317.0  211.0
24.634  255.0  317.0  215.0
24.634  255.0  317.0  215.0
24.653  253.0  317.0  220.0
24.674  251.0  322.0  225.0
24.693  251.0  324.0  233.0
24.693  251.0  324.0  233.0
24.713  253.0  328.0  239.0
24.733  252.0  332.0  246.0
24.753  253.0  335.0  252.0
24.772  251.0  336.0  256.0
24.772  251.0  336.0  256.0
24.792  249.0  336.0  260.0
24.812  246.0  338.0  264.0
24.832  241.0  338.0  268.0
24.851  237.0  339.0  273.0
24.851  237.0  339.0  273.0
24.871  233.0  341.0  280.0
24.891  230.0  341.0  288.0
24.93  229.0  340.0  297.0
24.95  226.0  338.0  299.0
24.95  226.0  338.0  299.0
24.97  223.0  334.0  300.0
24.989  219.0  329.0  299.0
25.01  213.0  323.0  298.0
25.01  213.0  323.0  298.0
25.029  205.0  317.0  299.0
25.049  200.0  311.0  299.0
25.069  195.0  307.0  300.0
25.089  192.0  303.0  301.0
25.089  192.0  303.0  301.0
25.108  191.0  296.0  301.0
25.127  190.0  287.0  300.0
25.148  190.0  280.0  297.0
25.167  188.0  270.0  295.0
25.167  188.0  270.0  295.0
25.187  187.0  260.0  292.0
25.207  186.0  248.0  290.0
25.246  184.0  226.0  287.0
25.246  184.0  226.0  287.0
25.267  185.0  219.0  286.0
25.286  186.0  214.0  284.0
25.306  186.0  208.0  282.0
25.325  188.0  201.0  280.0
25.325  188.0  201.0  280.0
25.346  189.0  193.0  276.0
25.365  189.0  183.0  271.0
25.384  190.0  172.0  265.0
25.405  191.0  161.0  260.0
25.405  191.0  161.0  260.0
25.424  192.0  155.0  257.0
25.444  195.0  147.0  255.0
25.464  198.0  147.0  251.0
25.484  201.0  145.0  247.0
25.484  201.0  145.0  247.0
25.503  204.0  144.0  243.0
25.543  209.0  140.0  231.0
25.563  211.0  137.0  225.0
25.563  211.0  137.0  225.0
25.582  211.0  134.0  218.0
25.603  214.0  131.0  213.0
25.622  216.0  131.0  210.0
25.641  219.0  131.0  207.0
25.641  219.0  131.0  207.0
25.661  222.0  133.0  204.0
25.681  227.0  132.0  200.0
25.701  233.0  131.0  196.0
25.701  233.0  131.0  196.0
25.72  239.0  131.0  191.0
25.741  243.0  130.0  184.0
25.76  245.0  130.0  178.0
25.8  248.0  135.0  171.0
25.8  248.0  135.0  171.0
25.82  250.0  139.0  171.0
25.839  253.0  144.0  172.0
25.859  257.0  149.0  173.0
25.859  257.0  149.0  173.0
25.879  263.0  153.0  171.0
25.899  268.0  160.0  170.0
25.918  272.0  163.0  169.0
25.938  274.0  166.0  168.0
25.938  274.0  166.0  168.0
25.958  275.0  172.0  166.0
25.977  275.0  180.0  167.0
25.998  274.0  188.0  168.0
26.017  273.0  196.0  170.0
26.017  273.0  196.0  170.0
26.037  274.0  204.0  171.0
26.056  275.0  215.0  173.0
26.096  275.0  235.0  175.0
26.116  274.0  243.0  174.0
26.116  274.0  243.0  174.0
26.136  272.0  250.0  176.0
26.156  270.0  255.0  177.0
26.175  269.0  261.0  179.0
26.175  269.0  261.0  179.0
26.194  268.0  269.0  183.0
26.215  267.0  276.0  188.0
26.234  267.0  288.0  193.0
26.234  267.0  288.0  193.0
26.254  266.0  298.0  197.0
26.274  264.0  305.0  201.0
26.294  262.0  312.0  204.0
26.313  260.0  314.0  207.0
26.313  260.0  314.0  207.0
26.353  254.0  317.0  216.0
26.373  253.0  318.0  221.0
26.392  251.0  322.0  227.0
26.413  251.0  325.0  234.0
26.413  251.0  325.0  234.0
26.432  252.0  328.0  242.0
26.451  253.0  332.0  248.0
26.472  252.0  335.0  252.0
26.491  250.0  335.0  256.0
26.491  250.0  335.0  256.0
26.511  248.0  335.0  260.0
26.531  244.0  337.0  264.0
26.551  239.0  338.0  270.0
26.551  239.0  338.0  270.0
26.57  235.0  339.0  276.0
26.59  232.0  342.0  283.0
26.61  230.0  343.0  290.0
26.649  228.0  340.0  299.0
26.649  228.0  340.0  299.0
26.67  226.0  337.0  299.0
26.689  221.0  333.0  299.0
26.708  216.0  326.0  299.0
26.728  209.0  321.0  298.0
26.728  209.0  321.0  298.0
26.748  202.0  313.0  299.0
26.768  197.0  309.0  299.0
26.787  192.0  305.0  300.0
26.808  191.0  300.0  301.0
26.808  191.0  300.0  301.0
26.827  190.0  291.0  300.0
26.847  189.0  284.0  298.0
26.867  189.0  275.0  295.0
26.887  187.0  265.0  293.0
26.887  187.0  265.0  293.0
26.906  186.0  253.0  291.0
26.926  185.0  241.0  288.0
26.946  184.0  231.0  287.0
26.966  184.0  222.0  287.0
26.966  184.0  222.0  287.0
26.985  185.0  216.0  285.0
27.025  187.0  204.0  281.0
27.044  188.0  197.0  277.0
27.065  189.0  188.0  272.0
27.065  189.0  188.0  272.0
27.084  189.0  177.0  267.0
27.104  190.0  166.0  263.0
27.123  191.0  157.0  259.0
27.123  191.0  157.0  259.0
27.144  193.0  150.0  256.0
27.163  196.0  147.0  253.0
27.183  199.0  145.0  249.0
27.203  203.0  144.0  244.0
27.203  203.0  144.0  244.0
27.223  205.0  144.0  240.0
27.262  210.0  137.0  227.0
27.262  210.0  137.0  227.0
27.301  213.0  133.0  215.0
27.301  213.0  133.0  215.0
27.321  216.0  130.0  211.0
27.341  218.0  131.0  207.0
27.361  222.0  131.0  205.0
27.38  226.0  132.0  202.0
27.38  226.0  132.0  202.0
27.401  231.0  132.0  198.0
27.42  236.0  131.0  193.0
27.44  241.0  131.0  186.0
27.44  241.0  131.0  186.0
27.459  244.0  130.0  180.0
27.48  246.0  131.0  176.0
27.499  247.0  135.0  172.0
27.518  248.0  137.0  171.0
27.518  248.0  137.0  171.0
27.539  251.0  140.0  171.0
27.558  254.0  146.0  172.0
27.598  265.0  156.0  171.0
27.618  270.0  163.0  170.0
27.618  270.0  163.0  170.0
27.637  273.0  166.0  169.0
27.657  275.0  170.0  168.0
27.677  275.0  175.0  166.0
27.697  274.0  184.0  167.0
27.697  274.0  184.0  167.0
27.716  274.0  191.0  169.0
27.737  274.0  197.0  171.0
27.756  275.0  208.0  172.0
27.756  275.0  208.0  172.0
27.776  276.0  220.0  173.0
27.796  276.0  231.0  175.0
27.815  276.0  241.0  176.0
27.835  274.0  248.0  176.0
27.835  274.0  248.0  176.0
27.854  273.0  252.0  177.0
27.894  270.0  263.0  182.0
27.914  269.0  270.0  186.0
27.914  269.0  270.0  186.0
27.934  268.0  280.0  190.0
27.954  267.0  291.0  194.0
27.973  267.0  300.0  199.0
27.994  264.0  308.0  202.0
27.994  264.0  308.0  202.0
28.013  261.0  314.0  205.0
28.033  259.0  315.0  208.0
28.052  256.0  315.0  212.0
28.072  254.0  316.0  217.0
28.072  254.0  316.0  217.0
28.092  252.0  318.0  222.0
28.132  251.0  324.0  235.0
28.151  252.0  329.0  242.0
28.151  252.0  329.0  242.0
28.171  252.0  332.0  248.0
28.19  250.0  335.0  253.0
28.211  249.0  335.0  257.0
28.23  246.0  335.0  261.0
28.23  246.0  335.0  261.0
28.25  242.0  336.0  265.0
28.27  237.0  337.0  270.0
28.29  233.0  338.0  277.0
28.309  231.0  340.0  284.0
28.309  231.0  340.0  284.0
28.329  229.0  342.0  290.0
28.349  229.0  341.0  295.0
28.368  227.0  338.0  298.0
28.368  227.0  338.0  298.0
28.388  224.0  335.0  299.0
28.408  219.0  331.0  299.0
28.447  207.0  318.0  298.0
28.468  201.0  313.0  298.0
28.468  201.0  313.0  298.0
28.487  195.0  307.0  299.0
28.507  192.0  303.0  300.0
28.527  191.0  298.0  300.0
28.547  190.0  289.0  299.0
28.547  190.0  289.0  299.0
28.566  189.0  281.0  297.0
28.585  189.0  272.0  294.0
28.606  187.0  262.0  292.0
28.625  186.0  249.0  289.0
28.625  186.0  249.0  289.0
28.645  185.0  238.0  288.0
28.665  184.0  227.0  286.0
28.685  184.0  221.0  285.0
28.685  184.0  221.0  285.0
28.704  186.0  214.0  284.0
28.744  187.0  202.0  279.0
28.764  189.0  193.0  275.0
28.783  188.0  185.0  271.0
28.783  188.0  185.0  271.0
28.804  190.0  174.0  265.0
28.823  190.0  162.0  261.0
28.843  192.0  155.0  257.0
28.843  192.0  155.0  257.0
28.863  193.0  149.0  254.0
28.882  197.0  145.0  251.0
28.902  200.0  144.0  247.0
28.921  204.0  143.0  242.0
28.921  204.0  143.0  242.0
28.942  206.0  142.0  237.0
28.961  209.0  139.0  231.0
29.001  212.0  134.0  218.0
29.001  212.0  134.0  218.0
29.021  214.0  132.0  213.0
29.04  216.0  130.0  209.0
29.061  220.0  131.0  206.0
29.08  223.0  131.0  204.0
29.08  223.0  131.0  204.0
29.1  228.0  132.0  200.0
29.119  233.0  132.0  196.0
29.139  239.0  130.0  191.0
29.159  243.0  130.0  184.0
29.159  243.0  130.0  184.0
29.178  245.0  131.0  178.0
29.199  247.0  132.0  174.0
29.218  248.0  135.0  172.0
29.238  250.0  139.0  171.0
29.238  250.0  139.0  171.0
29.278  257.0  148.0  172.0
29.297  263.0  153.0  171.0
29.317  268.0  160.0  171.0
29.317  268.0  160.0  171.0
29.337  272.0  164.0  169.0
29.357  274.0  167.0  168.0
29.376  275.0  172.0  166.0
29.396  274.0  180.0  167.0
29.396  274.0  180.0  167.0
29.416  274.0  188.0  167.0
29.435  274.0  195.0  169.0
29.455  274.0  204.0  171.0
29.475  275.0  215.0  173.0
29.475  275.0  215.0  173.0
29.495  275.0  226.0  174.0
29.514  275.0  235.0  175.0
29.554  272.0  249.0  175.0
29.554  272.0  249.0  175.0
29.574  270.0  254.0  177.0
29.594  269.0  260.0  180.0
29.614  268.0  268.0  183.0
29.633  267.0  276.0  188.0
29.633  267.0  276.0  188.0
29.652  267.0  286.0  192.0
29.673  266.0  298.0  197.0
29.692  265.0  305.0  200.0
29.712  263.0  312.0  204.0
29.712  263.0  312.0  204.0
29.732  260.0  314.0  207.0
29.752  257.0  317.0  210.0
29.771  255.0  316.0  216.0
29.771  255.0  316.0  216.0
29.792  254.0  318.0  221.0
29.811  252.0  322.0  227.0
29.831  252.0  325.0  234.0
29.831  252.0  325.0  234.0
29.871  253.0  333.0  248.0
29.89  253.0  338.0  254.0
29.91  251.0  338.0  258.0
29.93  248.0  338.0  262.0
29.93  248.0  338.0  262.0
29.949  245.0  338.0  266.0
29.969  240.0  339.0  271.0
29.988  236.0  340.0  277.0
30.009  233.0  342.0  284.0
30.009  233.0  342.0  284.0
30.028  230.0  344.0  291.0
30.048  230.0  344.0  296.0
30.068  228.0  341.0  300.0
30.068  228.0  341.0  300.0
30.107  222.0  334.0  301.0
30.128  218.0  327.0  301.0
30.147  211.0  322.0  300.0
30.167  204.0  315.0  300.0
30.167  204.0  315.0  300.0
30.186  198.0  309.0  301.0
30.206  194.0  305.0  301.0
30.226  191.0  300.0  302.0
30.245  190.0  293.0  301.0
30.245  190.0  293.0  301.0
30.266  189.0  285.0  300.0
30.285  189.0  276.0  297.0
30.305  187.0  266.0  295.0
30.305  187.0  266.0  295.0
30.345  186.0  243.0  289.0
30.364  184.0  231.0  288.0
30.384  184.0  223.0  286.0
30.384  184.0  223.0  286.0
30.404  185.0  215.0  286.0
30.424  186.0  209.0  284.0
30.443  187.0  204.0  281.0
30.464  188.0  197.0  279.0
30.464  188.0  197.0  279.0
30.483  189.0  190.0  274.0
30.502  189.0  180.0  270.0
30.523  191.0  168.0  265.0
30.542  192.0  159.0  261.0
30.542  192.0  159.0  261.0
30.562  193.0  152.0  257.0
30.581  196.0  146.0  254.0
30.602  199.0  144.0  251.0
30.621  203.0  144.0  247.0
30.621  203.0  144.0  247.0
30.661  208.0  142.0  237.0
30.681  211.0  139.0  230.0
30.7  212.0  137.0  225.0
30.7  212.0  137.0  225.0
30.72  214.0  133.0  218.0
30.74  215.0  131.0  213.0
30.759  218.0  131.0  210.0
30.779  221.0  132.0  207.0
30.779  221.0  132.0  207.0
30.799  225.0  133.0  205.0
30.819  229.0  133.0  201.0
30.838  234.0  133.0  196.0
30.859  240.0  132.0  190.0
30.859  240.0  132.0  190.0
30.878  243.0  132.0  184.0
30.898  245.0  131.0  178.0
30.917  247.0  132.0  174.0
30.938  248.0  135.0  172.0
30.938  248.0  135.0  172.0
30.957  250.0  139.0  171.0
30.997  257.0  148.0  172.0
31.016  263.0  154.0  171.0
31.036  268.0  159.0  170.0
31.036  268.0  159.0  170.0
31.056  272.0  163.0  169.0
31.076  274.0  166.0  167.0
31.095  275.0  172.0  166.0
31.095  275.0  172.0  166.0
31.115  275.0  179.0  166.0
31.135  274.0  186.0  167.0
31.155  274.0  194.0  169.0
31.174  274.0  203.0  171.0
31.174  274.0  203.0  171.0
31.195  275.0  216.0  173.0
31.214  275.0  225.0  174.0
31.253  274.0  243.0  175.0
31.253  274.0  243.0  175.0
31.273  272.0  248.0  175.0
31.293  270.0  254.0  177.0
31.312  269.0  260.0  180.0
31.333  268.0  267.0  183.0
31.333  268.0  267.0  183.0
31.352  267.0  276.0  186.0
31.372  267.0  287.0  192.0
31.392  266.0  297.0  196.0
31.412  264.0  305.0  200.0
31.412  264.0  305.0  200.0
31.431  263.0  311.0  203.0
31.451  259.0  315.0  207.0
31.471  257.0  316.0  211.0
31.491  256.0  315.0  216.0
31.491  256.0  315.0  216.0
31.51  253.0  318.0  220.0
31.55  251.0  324.0  233.0
31.569  252.0  328.0  240.0
31.569  252.0  328.0  240.0
31.59  252.0  333.0  247.0
31.609  252.0  335.0  252.0
31.629  251.0  337.0  257.0
31.648  248.0  336.0  260.0
31.648  248.0  336.0  260.0
31.669  245.0  337.0  264.0
31.688  240.0  337.0  269.0
31.708  236.0  339.0  275.0
31.728  232.0  341.0  282.0
31.728  232.0  341.0  282.0
31.748  230.0  343.0  289.0
31.767  229.0  342.0  295.0
31.787  228.0  341.0  298.0
31.787  228.0  341.0  298.0
31.807  226.0  337.0  300.0
31.826  223.0  333.0  300.0
31.846  217.0  327.0  299.0
31.886  204.0  315.0  300.0
31.886  204.0  315.0  300.0
31.905  198.0  311.0  299.0
31.926  194.0  305.0  300.0
31.945  192.0  301.0  301.0
31.965  190.0  294.0  301.0
31.965  190.0  294.0  301.0
31.984  190.0  285.0  299.0
32.005  189.0  276.0  297.0
32.024  187.0  267.0  293.0
32.044  187.0  255.0  291.0
32.044  187.0  255.0  291.0
32.064  185.0  243.0  289.0
32.083  185.0  233.0  288.0
32.103  184.0  224.0  287.0
32.123  185.0  217.0  286.0
32.123  185.0  217.0  286.0
32.143  186.0  211.0  284.0
32.162  187.0  205.0  281.0
32.182  188.0  198.0  278.0
32.222  189.0  179.0  269.0
32.222  189.0  179.0  269.0
32.241  190.0  168.0  263.0
32.262  190.0  157.0  260.0
32.281  193.0  152.0  256.0
32.281  193.0  152.0  256.0
32.301  196.0  148.0  254.0
32.321  199.0  144.0  250.0
32.34  203.0  145.0  246.0
32.36  205.0  145.0  241.0
32.36  205.0  145.0  241.0
32.379  208.0  140.0  235.0
32.4  210.0  138.0  229.0
32.419  212.0  136.0  222.0
32.439  212.0  131.0  216.0
32.459  215.0  129.0  211.0
32.459  215.0  129.0  211.0
32.498  221.0  130.0  206.0
32.498  221.0  130.0  206.0
32.538  230.0  132.0  198.0
32.538  230.0  132.0  198.0
32.558  235.0  132.0  194.0
32.577  240.0  130.0  188.0
32.598  243.0  131.0  182.0
32.617  245.0  132.0  177.0
32.617  245.0  132.0  177.0
32.636  247.0  133.0  174.0
32.657  249.0  138.0  172.0
32.676  251.0  141.0  172.0
32.676  251.0  141.0  172.0
32.696  254.0  145.0  172.0
32.715  258.0  149.0  172.0
32.736  264.0  155.0  170.0
32.755  269.0  161.0  170.0
32.755  269.0  161.0  170.0
32.795  275.0  167.0  167.0
32.795  275.0  167.0  167.0
32.834  274.0  181.0  166.0
32.855  274.0  188.0  168.0
32.855  274.0  188.0  168.0
32.874  274.0  195.0  169.0
32.893  275.0  205.0  171.0
32.913  275.0  216.0  173.0
32.913  275.0  216.0  173.0
32.933  275.0  225.0  174.0
32.953  275.0  235.0  174.0
32.972  274.0  244.0  174.0
32.993  272.0  248.0  175.0
32.993  272.0  248.0  175.0
33.012  270.0  254.0  176.0
33.032  269.0  260.0  179.0
33.052  267.0  268.0  183.0
33.052  267.0  268.0  183.0
33.091  267.0  287.0  191.0
33.111  266.0  297.0  196.0
33.131  264.0  305.0  200.0
33.15  263.0  312.0  204.0
33.15  263.0  312.0  204.0
33.17  260.0  314.0  206.0
33.19  257.0  316.0  210.0
33.21  255.0  317.0  215.0
33.229  254.0  318.0  220.0
33.229  254.0  318.0  220.0
33.249  252.0  321.0  225.0
33.269  251.0  325.0  232.0
33.289  252.0  328.0  239.0
33.308  253.0  333.0  246.0
33.308  253.0  333.0  246.0
33.329  252.0  337.0  252.0
33.348  252.0  337.0  257.0
33.368  250.0  337.0  260.0
33.388  246.0  338.0  263.0
33.388  246.0  338.0  263.0
33.427  238.0  340.0  275.0
33.446  233.0  343.0  282.0
33.467  231.0  344.0  289.0
33.467  231.0  344.0  289.0
33.486  230.0  344.0  296.0
33.506  230.0  343.0  299.0
33.526  228.0  340.0  302.0
33.546  225.0  335.0  302.0
33.546  225.0  335.0  302.0
33.565  220.0  330.0  301.0
33.586  214.0  325.0  300.0
33.605  207.0  319.0  301.0
33.625  200.0  311.0  302.0
33.625  200.0  311.0  302.0
33.644  196.0  309.0  302.0
33.665  193.0  304.0  303.0
33.684  191.0  297.0  304.0
33.703  191.0  288.0  302.0
33.703  191.0  288.0  302.0
33.724  190.0  280.0  300.0
33.763  187.0  259.0  295.0
33.782  187.0  247.0  292.0
33.782  187.0  247.0  292.0
33.803  186.0  236.0  290.0
33.822  185.0  226.0  288.0
33.842  185.0  217.0  287.0
33.862  186.0  210.0  285.0
33.862  186.0  210.0  285.0
33.882  187.0  204.0  284.0
33.901  188.0  198.0  281.0
33.922  190.0  189.0  277.0
33.941  191.0  180.0  272.0
33.941  191.0  180.0  272.0
33.98  193.0  160.0  262.0
34.0  194.0  151.0  258.0
34.02  197.0  145.0  255.0
34.039  201.0  142.0  251.0
34.039  201.0  142.0  251.0
34.06  204.0  142.0  247.0
34.079  206.0  143.0  242.0
34.099  209.0  141.0  238.0
34.119  212.0  137.0  232.0
34.119  212.0  137.0  232.0
34.139  214.0  136.0  225.0
34.158  216.0  133.0  219.0
34.178  217.0  130.0  213.0
34.178  217.0  130.0  213.0
34.198  219.0  129.0  209.0
34.217  221.0  131.0  206.0
34.237  224.0  132.0  204.0
34.257  229.0  131.0  201.0
34.257  229.0  131.0  201.0
34.277  234.0  132.0  197.0
34.317  243.0  131.0  186.0
34.336  247.0  132.0  180.0
34.336  247.0  132.0  180.0
34.356  248.0  133.0  175.0
34.375  249.0  136.0  173.0
34.396  250.0  139.0  172.0
34.415  252.0  142.0  172.0
34.415  252.0  142.0  172.0
34.435  256.0  148.0  173.0
34.455  261.0  153.0  173.0
34.475  267.0  158.0  171.0
34.494  271.0  162.0  171.0
34.494  271.0  162.0  171.0
34.513  274.0  167.0  169.0
34.534  276.0  169.0  167.0
34.553  276.0  177.0  167.0
34.573  275.0  185.0  167.0
34.573  275.0  185.0  167.0
34.593  274.0  191.0  169.0
34.613  275.0  199.0  171.0
34.653  275.0  220.0  173.0
34.672  275.0  231.0  174.0
34.672  275.0  231.0  174.0
34.692  275.0  240.0  174.0
34.711  274.0  246.0  175.0
34.732  272.0  251.0  176.0
34.751  270.0  257.0  178.0
34.751  270.0  257.0  178.0
34.77  268.0  263.0  181.0
34.791  268.0  270.0  185.0
34.81  268.0  279.0  189.0
34.83  267.0  290.0  194.0
34.83  267.0  290.0  194.0
34.85  266.0  300.0  198.0
34.87  265.0  308.0  202.0
34.889  263.0  313.0  205.0
34.889  263.0  313.0  205.0
34.909  260.0  316.0  208.0
34.929  257.0  316.0  212.0
34.968  254.0  320.0  222.0
34.989  252.0  323.0  228.0
34.989  252.0  323.0  228.0
35.008  252.0  326.0  235.0
35.027  253.0  330.0  242.0
35.047  253.0  333.0  248.0
35.067  253.0  337.0  253.0
35.067  253.0  337.0  253.0
35.087  251.0  337.0  257.0
35.106  249.0  337.0  261.0
35.127  246.0  338.0  265.0
35.146  241.0  339.0  270.0
35.146  241.0  339.0  270.0
35.166  237.0  340.0  275.0
35.186  233.0  342.0  283.0
35.206  232.0  343.0  290.0
35.225  230.0  344.0  295.0
35.225  230.0  344.0  295.0
35.245  229.0  342.0  299.0
35.265  227.0  338.0  301.0
35.304  219.0  330.0  300.0
35.304  219.0  330.0  300.0
35.324  213.0  325.0  300.0
35.344  206.0  318.0  300.0
35.363  200.0  312.0  301.0
35.384  196.0  309.0  301.0
35.384  196.0  309.0  301.0
35.403  192.0  304.0  302.0
35.423  192.0  297.0  302.0
35.442  191.0  289.0  301.0
35.463  190.0  281.0  298.0
35.463  190.0  281.0  298.0
35.482  189.0  271.0  296.0
35.502  188.0  261.0  293.0
35.522  186.0  248.0  290.0
35.561  185.0  228.0  288.0
35.561  185.0  228.0  288.0
35.581  185.0  219.0  287.0
35.601  186.0  215.0  285.0
35.62  187.0  208.0  283.0
35.62  187.0  208.0  283.0
35.64  189.0  203.0  281.0
35.66  189.0  196.0  277.0
35.68  190.0  187.0  272.0
35.699  190.0  175.0  267.0
35.699  190.0  175.0  267.0
35.72  191.0  165.0  263.0
35.739  192.0  157.0  259.0
35.759  195.0  149.0  256.0
35.778  198.0  146.0  253.0
35.778  198.0  146.0  253.0
35.799  200.0  146.0  249.0
35.818  203.0  146.0  244.0
35.858  209.0  140.0  234.0
35.858  209.0  140.0  234.0
35.877  211.0  138.0  227.0
35.897  212.0  135.0  221.0
35.917  213.0  132.0  216.0
35.937  215.0  130.0  211.0
35.937  215.0  130.0  211.0
35.956  218.0  130.0  208.0
35.976  221.0  131.0  206.0
35.996  225.0  132.0  202.0
36.016  230.0  132.0  198.0
36.016  230.0  132.0  198.0
36.035  235.0  132.0  194.0
36.056  240.0  131.0  188.0
36.075  244.0  130.0  182.0
36.075  244.0  130.0  182.0
36.094  245.0  130.0  177.0
36.115  247.0  132.0  173.0
36.154  250.0  140.0  171.0
36.154  250.0  140.0  171.0
36.154  250.0  140.0  171.0
36.194  257.0  149.0  172.0
36.213  264.0  153.0  170.0
36.233  269.0  159.0  170.0
36.253  272.0  163.0  169.0
36.253  272.0  163.0  169.0
36.273  275.0  167.0  167.0
36.292  275.0  172.0  166.0
36.312  274.0  180.0  166.0
36.332  274.0  187.0  167.0
36.332  274.0  187.0  167.0
36.352  274.0  194.0  169.0
36.371  275.0  204.0  171.0
36.391  275.0  215.0  172.0
36.411  275.0  225.0  174.0
36.411  275.0  225.0  174.0
36.43  275.0  235.0  174.0
36.47  273.0  248.0  175.0
36.49  270.0  255.0  176.0
36.49  270.0  255.0  176.0
36.509  268.0  260.0  179.0
36.53  268.0  265.0  182.0
36.549  268.0  274.0  186.0
36.569  267.0  284.0  191.0
36.569  267.0  284.0  191.0
36.589  267.0  294.0  196.0
36.609  266.0  303.0  200.0
36.628  263.0  312.0  203.0
36.628  263.0  312.0  203.0
36.648  260.0  313.0  206.0
36.668  258.0  316.0  210.0
36.687  256.0  317.0  214.0
36.707  254.0  317.0  218.0
36.707  254.0  317.0  218.0
36.747  252.0  323.0  231.0
36.766  252.0  327.0  237.0
36.787  253.0  330.0  244.0
36.806  253.0  335.0  250.0
36.806  253.0  335.0  250.0
36.826  251.0  337.0  254.0
36.846  249.0  336.0  258.0
36.866  246.0  336.0  262.0
36.866  246.0  336.0  262.0
36.885  242.0  338.0  267.0
36.904  238.0  338.0  272.0
36.925  234.0  340.0  279.0
36.944  231.0  342.0  286.0
36.944  231.0  342.0  286.0
36.964  230.0  343.0  292.0
36.984  229.0  342.0  297.0
37.023  224.0  335.0  299.0
37.043  220.0  330.0  299.0
37.043  220.0  330.0  299.0
37.063  214.0  325.0  299.0
37.083  207.0  318.0  299.0
37.102  201.0  312.0  299.0
37.123  196.0  308.0  300.0
37.123  196.0  308.0  300.0
37.142  192.0  304.0  300.0
37.161  191.0  298.0  301.0
37.182  190.0  289.0  300.0
37.182  190.0  289.0  300.0
37.201  190.0  281.0  298.0
37.221  189.0  271.0  295.0
37.24  187.0  262.0  293.0
37.261  186.0  248.0  290.0
37.261  186.0  248.0  290.0
37.3  185.0  228.0  287.0
37.32  184.0  219.0  286.0
37.34  185.0  214.0  285.0
37.359  187.0  208.0  283.0
37.359  187.0  208.0  283.0
37.38  188.0  202.0  280.0
37.399  189.0  194.0  276.0
37.419  189.0  184.0  272.0
37.419  189.0  184.0  272.0
37.438  189.0  172.0  267.0
37.458  190.0  163.0  261.0
37.478  192.0  155.0  258.0
37.497  195.0  148.0  255.0
37.497  195.0  148.0  255.0
37.518  198.0  147.0  252.0
37.537  200.0  144.0  248.0
37.557  204.0  144.0  243.0
37.576  207.0  142.0  238.0
37.576  207.0  142.0  238.0
37.597  210.0  139.0  232.0
37.636  212.0  134.0  220.0
37.656  213.0  132.0  215.0
37.676  216.0  131.0  210.0
37.676  216.0  131.0  210.0
37.695  220.0  131.0  207.0
37.715  223.0  131.0  204.0
37.735  227.0  133.0  201.0
37.735  227.0  133.0  201.0
37.774  238.0  131.0  192.0
37.774  238.0  131.0  192.0
37.814  245.0  131.0  179.0
37.854  248.0  135.0  172.0
37.873  250.0  139.0  171.0
37.873  250.0  139.0  171.0
37.893  253.0  142.0  172.0
37.913  257.0  148.0  172.0
37.933  262.0  154.0  172.0
37.952  267.0  159.0  171.0
37.952  267.0  159.0  171.0
37.971  271.0  164.0  170.0
37.992  274.0  167.0  168.0
38.011  275.0  171.0  167.0
38.031  275.0  178.0  167.0
38.031  275.0  178.0  167.0
38.051  275.0  185.0  168.0
38.071  274.0  193.0  169.0
38.09  275.0  203.0  171.0
38.11  275.0  214.0  173.0
38.11  275.0  214.0  173.0
38.13  275.0  224.0  174.0
38.15  276.0  233.0  174.0
38.19  273.0  248.0  175.0
38.19  273.0  248.0  175.0
38.209  271.0  254.0  176.0
38.228  269.0  259.0  179.0
38.249  269.0  266.0  183.0
38.268  268.0  274.0  187.0
38.268  268.0  274.0  187.0
38.288  268.0  286.0  191.0
38.307  267.0  297.0  197.0
38.328  265.0  304.0  201.0
38.347  264.0  312.0  203.0
38.347  264.0  312.0  203.0
38.367  261.0  314.0  207.0
38.387  259.0  316.0  211.0
38.407  255.0  316.0  214.0
38.426  254.0  317.0  219.0
38.426  254.0  317.0  219.0
38.447  252.0  321.0  226.0
38.466  251.0  324.0  232.0
38.486  251.0  328.0  239.0
38.525  252.0  336.0  251.0
38.525  252.0  336.0  251.0
38.545  251.0  336.0  255.0
38.564  248.0  337.0  260.0
38.585  245.0  337.0  264.0
38.604  241.0  338.0  269.0
38.604  241.0  338.0  269.0
38.624  237.0  339.0  274.0
38.644  233.0  342.0  281.0
38.664  231.0  343.0  288.0
38.664  231.0  343.0  288.0
38.683  230.0  342.0  294.0
38.703  229.0  341.0  298.0
38.723  227.0  338.0  300.0
38.743  224.0  333.0  300.0
38.743  224.0  333.0  300.0
38.762  219.0  328.0  299.0
38.782  212.0  324.0  299.0
38.802  205.0  316.0  299.0
38.841  195.0  308.0  300.0
38.841  195.0  308.0  300.0
38.861  192.0  303.0  301.0
38.881  190.0  294.0  301.0
38.9  190.0  287.0  299.0
38.9  190.0  287.0  299.0
38.921  190.0  278.0  297.0
38.94  188.0  268.0  294.0
38.96  187.0  256.0  291.0
38.98  186.0  246.0  289.0
38.98  186.0  246.0  289.0
39.0  185.0  234.0  288.0
39.019  184.0  226.0  286.0
39.038  185.0  219.0  286.0
39.059  186.0  212.0  284.0
39.059  186.0  212.0  284.0
39.078  188.0  205.0  282.0
39.098  188.0  200.0  278.0
39.118  189.0  191.0  274.0
39.138  189.0  181.0  270.0
39.138  189.0  181.0  270.0
39.178  192.0  160.0  260.0
39.197  192.0  153.0  257.0
39.217  195.0  148.0  254.0
39.217  195.0  148.0  254.0
39.236  199.0  145.0  251.0
39.257  202.0  146.0  246.0
39.276  205.0  145.0  242.0
39.296  208.0  140.0  236.0
39.296  208.0  140.0  236.0
39.316  211.0  140.0  229.0
39.335  211.0  136.0  222.0
39.355  213.0  133.0  217.0
39.375  215.0  131.0  212.0
39.375  215.0  131.0  212.0
39.395  218.0  131.0  209.0
39.414  221.0  130.0  206.0
39.454  230.0  131.0  199.0
39.474  235.0  132.0  194.0
39.474  235.0  132.0  194.0
39.493  240.0  132.0  188.0
39.514  243.0  130.0  182.0
39.533  246.0  131.0  176.0
39.553  247.0  134.0  173.0
39.553  247.0  134.0  173.0
39.572  249.0  137.0  172.0
39.592  250.0  140.0  172.0
39.612  254.0  145.0  172.0
39.612  254.0  145.0  172.0
39.631  259.0  150.0  172.0
39.652  265.0  155.0  171.0
39.671  270.0  160.0  170.0
39.691  273.0  165.0  169.0
39.691  273.0  165.0  169.0
39.731  275.0  174.0  166.0
39.75  275.0  182.0  167.0
39.77  274.0  190.0  168.0
39.79  274.0  200.0  170.0
39.79  274.0  200.0  170.0
39.81  274.0  209.0  172.0
39.829  274.0  220.0  173.0
39.849  275.0  229.0  174.0
39.869  275.0  238.0  174.0
39.869  275.0  238.0  174.0
39.888  273.0  245.0  175.0
39.909  272.0  251.0  176.0
39.909  272.0  251.0  176.0
39.928  270.0  257.0  178.0
39.948  269.0  263.0  181.0
39.967  267.0  272.0  185.0
40.007  267.0  292.0  194.0
40.007  267.0  292.0  194.0
40.027  266.0  302.0  199.0
40.047  264.0  308.0  202.0
40.067  261.0  313.0  206.0
40.067  261.0  313.0  206.0
40.086  259.0  315.0  209.0
40.105  256.0  316.0  213.0
40.126  254.0  317.0  218.0
40.145  252.0  320.0  224.0
40.145  252.0  320.0  224.0
40.165  251.0  324.0  230.0
40.185  251.0  326.0  237.0
40.205  253.0  331.0  243.0
40.224  253.0  335.0  250.0
40.224  253.0  335.0  250.0
40.245  251.0  335.0  254.0
40.284  245.0  337.0  262.0
40.303  241.0  338.0  268.0
40.324  237.0  338.0  273.0
40.324  237.0  338.0  273.0
40.343  232.0  341.0  280.0
40.363  230.0  342.0  287.0
40.383  229.0  342.0  294.0
40.402  228.0  341.0  297.0
40.402  228.0  341.0  297.0
40.422  225.0  338.0  300.0
40.442  223.0  332.0  300.0
40.462  217.0  327.0  299.0
40.462  217.0  327.0  299.0
40.481  211.0  323.0  298.0
40.501  203.0  316.0  299.0
40.521  198.0  311.0  299.0
40.541  193.0  306.0  300.0
40.541  193.0  306.0  300.0
40.56  191.0  301.0  301.0
40.6  189.0  284.0  299.0
40.62  189.0  275.0  296.0
40.62  189.0  275.0  296.0
40.64  187.0  265.0  293.0
40.659  186.0  253.0  291.0
40.679  185.0  241.0  288.0
40.698  184.0  232.0  287.0
40.698  184.0  232.0  287.0
40.719  182.0  223.0  286.0
40.738  184.0  216.0  285.0
40.758  186.0  209.0  283.0
40.758  186.0  209.0  283.0
40.778  186.0  203.0  280.0
40.798  188.0  195.0  277.0
40.837  189.0  175.0  267.0
40.857  190.0  164.0  262.0
40.857  190.0  164.0  262.0
40.877  191.0  156.0  258.0
40.896  193.0  149.0  255.0
40.916  197.0  147.0  252.0
40.916  197.0  147.0  252.0
40.936  200.0  145.0  248.0
40.955  203.0  146.0  243.0
40.976  206.0  142.0  238.0
40.995  210.0  139.0  232.0
40.995  210.0  139.0  232.0
41.015  211.0  137.0  225.0
41.034  212.0  134.0  219.0
41.074  216.0  130.0  210.0
41.074  216.0  130.0  210.0
41.094  220.0  130.0  206.0
41.114  224.0  132.0  204.0
41.134  229.0  132.0  200.0
41.153  234.0  131.0  195.0
41.153  234.0  131.0  195.0
41.174  239.0  131.0  189.0
41.193  243.0  131.0  183.0
41.212  246.0  130.0  178.0
41.232  248.0  132.0  173.0
41.232  248.0  132.0  173.0
41.252  249.0  137.0  171.0
41.272  251.0  140.0  170.0
41.291  254.0  146.0  172.0
41.312  259.0  149.0  172.0
41.312  259.0  149.0  172.0
41.331  265.0  155.0  171.0
41.351  270.0  161.0  170.0
41.391  275.0  169.0  167.0
41.41  275.0  174.0  166.0
41.41  275.0  174.0  166.0
41.43  275.0  183.0  166.0
41.45  274.0  190.0  169.0
41.469  275.0  199.0  170.0
41.469  275.0  199.0  170.0
41.489  275.0  210.0  172.0
41.509  275.0  221.0  173.0
41.529  276.0  232.0  174.0
41.548  275.0  240.0  174.0
41.548  275.0  240.0  174.0
41.568  273.0  246.0  175.0
41.588  271.0  252.0  176.0
41.608  270.0  259.0  179.0
41.608  270.0  259.0  179.0
41.627  269.0  265.0  182.0
41.667  267.0  284.0  191.0
41.687  267.0  295.0  196.0
41.707  265.0  304.0  200.0
41.707  265.0  304.0  200.0
41.726  264.0  312.0  203.0
41.746  261.0  314.0  206.0
41.765  258.0  316.0  210.0
41.786  255.0  315.0  214.0
41.786  255.0  315.0  214.0
41.805  254.0  318.0  219.0
41.825  251.0  322.0  225.0
41.845  251.0  325.0  233.0
41.845  251.0  325.0  233.0
41.865  252.0  328.0  240.0
41.884  253.0  333.0  246.0
41.924  250.0  335.0  256.0
41.924  250.0  335.0  256.0
41.944  248.0  337.0  259.0
41.963  245.0  337.0  264.0
41.984  240.0  338.0  270.0
42.003  235.0  339.0  276.0
42.003  235.0  339.0  276.0
42.022  232.0  341.0  283.0
42.043  230.0  342.0  290.0
42.062  229.0  342.0  295.0
42.082  227.0  340.0  299.0
42.082  227.0  340.0  299.0
42.101  226.0  336.0  300.0
42.122  221.0  331.0  299.0
42.141  215.0  326.0  298.0
42.141  215.0  326.0  298.0
42.181  202.0  314.0  299.0
42.201  196.0  308.0  300.0
42.22  193.0  306.0  301.0
42.241  191.0  300.0  302.0
42.241  191.0  300.0  302.0
42.26  190.0  291.0  300.0
42.279  190.0  281.0  298.0
42.299  189.0  272.0  295.0
42.319  187.0  262.0  293.0
42.319  187.0  262.0  293.0
42.339  186.0  249.0  290.0
42.358  185.0  237.0  289.0
42.379  184.0  228.0  287.0
42.379  184.0  228.0  287.0
42.398  185.0  219.0  286.0
42.418  186.0  215.0  285.0
42.438  187.0  207.0  282.0
42.458  188.0  201.0  280.0
42.458  188.0  201.0  280.0
42.497  189.0  182.0  270.0
42.517  190.0  170.0  265.0
42.536  191.0  160.0  261.0
42.556  192.0  152.0  257.0
42.556  192.0  152.0  257.0
42.576  196.0  148.0  254.0
42.596  199.0  145.0  250.0
42.615  202.0  145.0  246.0
42.635  205.0  145.0  241.0
42.635  205.0  145.0  241.0
42.655  208.0  141.0  236.0
42.675  211.0  138.0  229.0
42.694  212.0  136.0  222.0
42.694  212.0  136.0  222.0
42.715  214.0  132.0  217.0
42.734  215.0  130.0  211.0
42.754  219.0  131.0  208.0
42.774  222.0  131.0  206.0
42.774  222.0  131.0  206.0
42.813  231.0  133.0  198.0
42.832  237.0  132.0  193.0
42.853  241.0  131.0  187.0
42.853  241.0  131.0  187.0
42.872  244.0  131.0  180.0
42.892  246.0  131.0  175.0
42.912  248.0  134.0  172.0
42.912  248.0  134.0  172.0
42.932  249.0  138.0  171.0
42.951  252.0  142.0  172.0
42.991  261.0  153.0  171.0
42.991  261.0  153.0  171.0
42.991  261.0  153.0  171.0
43.03  272.0  161.0  169.0
43.051  274.0  166.0  167.0
43.07  275.0  171.0  166.0
43.089  276.0  178.0  166.0
43.089  276.0  178.0  166.0
43.11  274.0  187.0  167.0
43.129  274.0  194.0  169.0
43.149  275.0  204.0  171.0
43.149  275.0  204.0  171.0
43.169  275.0  216.0  173.0
43.189  276.0  227.0  174.0
43.208  275.0  236.0  175.0
43.228  274.0  243.0  175.0
43.228  274.0  243.0  175.0
43.248  273.0  249.0  175.0
43.287  269.0  261.0  180.0
43.308  268.0  269.0  184.0
43.327  268.0  278.0  189.0
43.327  268.0  278.0  189.0
43.346  267.0  289.0  194.0
43.366  266.0  300.0  198.0
43.386  265.0  308.0  202.0
43.386  265.0  308.0  202.0
43.406  263.0  312.0  205.0
43.425  260.0  315.0  208.0
43.446  256.0  317.0  213.0
43.465  255.0  316.0  218.0
43.465  255.0  316.0  218.0
43.485  253.0  320.0  223.0
43.505  252.0  323.0  229.0
43.525  252.0  326.0  237.0
43.544  252.0  331.0  244.0
43.544  252.0  331.0  244.0
43.564  252.0  335.0  249.0
43.603  249.0  336.0  258.0
43.623  246.0  338.0  262.0
43.643  242.0  337.0  267.0
43.643  242.0  337.0  267.0
43.663  237.0  339.0  273.0
43.682  233.0  342.0  280.0
43.703  231.0  342.0  288.0
43.722  230.0  342.0  294.0
43.722  230.0  342.0  294.0
43.742  228.0  342.0  298.0
43.761  227.0  338.0  300.0
43.782  224.0  334.0  300.0
43.782  224.0  334.0  300.0
43.801  218.0  329.0  299.0
43.821  212.0  322.0  299.0
43.841  204.0  316.0  300.0
43.88  195.0  306.0  301.0
43.88  195.0  306.0  301.0
43.899  192.0  303.0  302.0
43.92  190.0  294.0  302.0
43.939  190.0  284.0  299.0
43.939  190.0  284.0  299.0
43.959  190.0  275.0  297.0
43.979  189.0  266.0  294.0
43.999  187.0  253.0  291.0
44.018  186.0  243.0  289.0
44.018  186.0  243.0  289.0
44.039  185.0  232.0  288.0
44.058  185.0  223.0  287.0
44.078  185.0  216.0  286.0
44.078  185.0  216.0  286.0
44.097  187.0  210.0  284.0
44.118  188.0  203.0  281.0
44.156  190.0  187.0  272.0
44.177  190.0  176.0  268.0
44.177  190.0  176.0  268.0
44.196  191.0  164.0  262.0
44.216  193.0  157.0  258.0
44.236  194.0  150.0  256.0
44.256  197.0  147.0  253.0
44.256  197.0  147.0  253.0
44.275  201.0  147.0  248.0
44.295  204.0  145.0  243.0
44.315  207.0  142.0  239.0
44.315  207.0  142.0  239.0
44.335  210.0  140.0  232.0
44.354  212.0  136.0  225.0
44.375  213.0  133.0  219.0
44.394  214.0  131.0  214.0
44.394  214.0  131.0  214.0
44.413  217.0  129.0  209.0
44.434  220.0  130.0  207.0
44.473  229.0  131.0  200.0
44.492  235.0  130.0  196.0
44.492  235.0  130.0  196.0
44.513  239.0  131.0  190.0
44.532  244.0  129.0  183.0
44.552  246.0  129.0  178.0
44.572  248.0  132.0  174.0
44.572  248.0  132.0  174.0
44.592  249.0  136.0  172.0
44.611  251.0  139.0  172.0
44.631  254.0  145.0  172.0
44.631  254.0  145.0  172.0
44.651  259.0  149.0  172.0
44.67  265.0  155.0  171.0
44.71  272.0  164.0  169.0
44.73  275.0  168.0  167.0
44.73  275.0  168.0  167.0
44.749  275.0  174.0  166.0
44.77  275.0  182.0  166.0
44.789  274.0  191.0  168.0
44.789  274.0  191.0  168.0
44.809  274.0  198.0  170.0
44.828  274.0  208.0  171.0
44.849  275.0  219.0  173.0
44.868  275.0  229.0  174.0
44.868  275.0  229.0  174.0
44.888  275.0  239.0  174.0
44.908  274.0  245.0  175.0
44.928  272.0  252.0  176.0
44.928  272.0  252.0  176.0
44.947  270.0  257.0  178.0
44.967  269.0  263.0  180.0
45.006  267.0  281.0  189.0
45.026  267.0  293.0  195.0
45.026  267.0  293.0  195.0
45.046  265.0  302.0  199.0
45.066  263.0  310.0  202.0
45.085  261.0  314.0  205.0
45.106  258.0  315.0  209.0
45.106  258.0  315.0  209.0
45.125  256.0  316.0  213.0
45.145  254.0  316.0  219.0
45.164  252.0  320.0  224.0
45.185  251.0  323.0  231.0
45.185  251.0  323.0  231.0
45.204  252.0  326.0  238.0
45.244  252.0  335.0  250.0
45.263  251.0  336.0  255.0
45.263  251.0  336.0  255.0
45.283  249.0  336.0  260.0
45.303  245.0  336.0  263.0
45.323  240.0  337.0  268.0
45.342  237.0  338.0  274.0
45.342  237.0  338.0  274.0
45.362  232.0  340.0  281.0
45.382  230.0  342.0  288.0
45.402  229.0  341.0  294.0
45.402  229.0  341.0  294.0
45.421  228.0  340.0  298.0
45.442  226.0  337.0  299.0
45.461  222.0  332.0  299.0
45.48  216.0  327.0  299.0
45.48  216.0  327.0  299.0
45.501  210.0  321.0  298.0
45.52  203.0  314.0  299.0
45.54  197.0  310.0  299.0
45.58  191.0  300.0  301.0
45.58  191.0  300.0  301.0
45.599  190.0  291.0  300.0
45.619  189.0  284.0  298.0
45.639  189.0  275.0  296.0
45.659  187.0  264.0  293.0
45.659  187.0  264.0  293.0
45.678  186.0  251.0  290.0
45.699  185.0  240.0  288.0
45.718  184.0  230.0  287.0
45.718  184.0  230.0  287.0
45.737  184.0  222.0  286.0
45.757  185.0  216.0  285.0
45.777  187.0  208.0  283.0
45.797  187.0  202.0  280.0
45.797  187.0  202.0  280.0
45.816  189.0  194.0  276.0
45.837  189.0  185.0  272.0
45.876  190.0  162.0  262.0
45.895  193.0  154.0  258.0
45.895  193.0  154.0  258.0
45.916  195.0  149.0  255.0
45.935  198.0  146.0  252.0
45.955  201.0  145.0  247.0
45.975  204.0  145.0  243.0
45.975  204.0  145.0  243.0
45.995  207.0  142.0  237.0
46.014  210.0  140.0  231.0
46.034  212.0  137.0  224.0
46.054  213.0  135.0  218.0
46.054  213.0  135.0  218.0
46.073  215.0  130.0  213.0
46.093  218.0  130.0  209.0
46.113  221.0  131.0  206.0
46.133  225.0  132.0  202.0
46.133  225.0  132.0  202.0
46.152  229.0  132.0  199.0
46.173  236.0  133.0  194.0
46.192  240.0  131.0  189.0
46.212  244.0  130.0  182.0
46.212  244.0  130.0  182.0
46.252  247.0  132.0  173.0
46.271  250.0  137.0  172.0
46.29  251.0  141.0  171.0
46.29  251.0  141.0  171.0
46.311  255.0  146.0  172.0
46.33  260.0  151.0  173.0
46.35  266.0  157.0  171.0
46.37  271.0  161.0  170.0
46.37  271.0  161.0  170.0
46.39  273.0  165.0  169.0
46.409  275.0  169.0  167.0
46.429  276.0  176.0  167.0
46.449  275.0  186.0  168.0
46.449  275.0  186.0  168.0
46.469  274.0  192.0  170.0
46.488  275.0  201.0  171.0
46.528  275.0  223.0  174.0
46.528  275.0  223.0  174.0
46.547  276.0  233.0  175.0
46.568  275.0  242.0  175.0
46.587  274.0  247.0  176.0
46.607  271.0  254.0  176.0
46.607  271.0  254.0  176.0
46.626  270.0  260.0  179.0
46.647  269.0  268.0  183.0
46.666  267.0  276.0  187.0
46.686  267.0  286.0  192.0
46.686  267.0  286.0  192.0
46.706  267.0  297.0  197.0
46.726  265.0  305.0  200.0
46.745  263.0  312.0  204.0
46.745  263.0  312.0  204.0
46.766  261.0  315.0  207.0
46.804  255.0  317.0  216.0
46.824  253.0  319.0  221.0
46.844  252.0  324.0  227.0
46.844  252.0  324.0  227.0
46.864  251.0  326.0  234.0
46.883  252.0  330.0  241.0
46.904  252.0  334.0  248.0
46.923  252.0  336.0  253.0
46.923  252.0  336.0  253.0
46.943  250.0  337.0  257.0
46.963  247.0  337.0  261.0
46.983  243.0  337.0  265.0
47.002  239.0  339.0  271.0
47.002  239.0  339.0  271.0
47.022  234.0  341.0  277.0
47.042  232.0  341.0  285.0
47.062  231.0  342.0  292.0
47.081  229.0  342.0  296.0
47.081  229.0  342.0  296.0
47.101  228.0  340.0  300.0
47.14  221.0  331.0  300.0
47.16  216.0  327.0  299.0
47.18  208.0  320.0  300.0
47.18  208.0  320.0  300.0
47.2  202.0  314.0  299.0
47.219  197.0  310.0  300.0
47.24  193.0  304.0  302.0
47.24  193.0  304.0  302.0
47.259  192.0  299.0  302.0
47.279  190.0  290.0  301.0
47.299  190.0  281.0  298.0
47.319  189.0  273.0  296.0
47.319  189.0  273.0  296.0
47.338  188.0  262.0  293.0
47.357  186.0  250.0  291.0
47.378  185.0  238.0  288.0
47.397  185.0  229.0  287.0
47.397  185.0  229.0  287.0
47.417  184.0  220.0  287.0
47.457  187.0  209.0  283.0
47.476  188.0  202.0  280.0
47.497  189.0  194.0  277.0
47.497  189.0  194.0  277.0
47.516  190.0  184.0  272.0
47.536  190.0  172.0  266.0
47.555  191.0  162.0  262.0
47.555  191.0  162.0  262.0
47.576  193.0  154.0  259.0
47.595  195.0  149.0  255.0
47.614  198.0  146.0  252.0
47.635  202.0  145.0  247.0
47.635  202.0  145.0  247.0
47.654  204.0  146.0  243.0
47.674  208.0  143.0  238.0
47.693  210.0  140.0  232.0
47.714  212.0  137.0  225.0
47.714  212.0  137.0  225.0
47.753  215.0  130.0  214.0
47.773  218.0  132.0  210.0
47.793  221.0  131.0  207.0
47.793  221.0  131.0  207.0
47.812  224.0  132.0  204.0
47.833  229.0  132.0  200.0
47.852  234.0  133.0  195.0
47.872  240.0  132.0  190.0
47.872  240.0  132.0  190.0
47.891  243.0  132.0  183.0
47.911  246.0  131.0  177.0
47.931  247.0  132.0  174.0
47.95  249.0  137.0  171.0
47.95  249.0  137.0  171.0
47.971  250.0  140.0  172.0
48.01  258.0  149.0  172.0
48.03  264.0  155.0  171.0
48.03  264.0  155.0  171.0
48.05  269.0  161.0  171.0
48.069  273.0  164.0  169.0
48.089  275.0  167.0  167.0
48.109  275.0  175.0  166.0
48.109  275.0  175.0  166.0
48.129  275.0  181.0  167.0
48.148  274.0  189.0  168.0
48.168  274.0  197.0  169.0
48.188  275.0  208.0  171.0
48.188  275.0  208.0  171.0
48.207  275.0  219.0  174.0
48.228  276.0  229.0  174.0
48.247  275.0  239.0  175.0
48.267  274.0  245.0  175.0
48.267  274.0  245.0  175.0
48.286  272.0  250.0  176.0
48.307  271.0  258.0  178.0
48.346  268.0  271.0  185.0
48.366  267.0  280.0  190.0
48.366  267.0  280.0  190.0
48.386  267.0  291.0  195.0
48.405  266.0  301.0  199.0
48.424  265.0  309.0  203.0
48.445  262.0  315.0  205.0
48.445  262.0  315.0  205.0
48.464  260.0  316.0  209.0
48.504  255.0  317.0  217.0
48.504  255.0  317.0  217.0
48.524  253.0  320.0  223.0
48.543  251.0  323.0  230.0
48.543  251.0  323.0  230.0
48.564  252.0  327.0  236.0
48.583  253.0  331.0  244.0
48.603  253.0  335.0  250.0
48.622  252.0  336.0  254.0
48.622  252.0  336.0  254.0
48.643  250.0  337.0  259.0
48.662  246.0  337.0  262.0
48.702  238.0  339.0  272.0
48.702  238.0  339.0  272.0
48.721  234.0  341.0  279.0
48.741  230.0  343.0  286.0
48.761  229.0  342.0  293.0
48.781  229.0  342.0  298.0
48.781  229.0  342.0  298.0
48.8  227.0  338.0  299.0
48.82  223.0  335.0  300.0
48.84  219.0  329.0  300.0
48.86  212.0  324.0  298.0
48.86  212.0  324.0  298.0
48.879  205.0  318.0  299.0
48.9  199.0  312.0  300.0
48.919  194.0  307.0  300.0
48.919  194.0  307.0  300.0
48.939  191.0  303.0  301.0
48.958  190.0  295.0  301.0
48.978  190.0  286.0  300.0
49.017  188.0  269.0  294.0
49.017  188.0  269.0  294.0
49.038  187.0  256.0  292.0
49.057  185.0  244.0  289.0
49.077  185.0  234.0  287.0
49.097  184.0  225.0  287.0
49.097  184.0  225.0  287.0
49.117  185.0  217.0  286.0
49.136  186.0  211.0  284.0
49.156  188.0  205.0  281.0
49.176  189.0  198.0  278.0
49.176  189.0  198.0  278.0
49.196  190.0  188.0  274.0
49.215  190.0  177.0  268.0
49.235  191.0  166.0  263.0
49.235  191.0  166.0  263.0
49.255  192.0  156.0  259.0
49.274  193.0  150.0  256.0
49.295  196.0  146.0  253.0
49.334  203.0  144.0  244.0
49.334  203.0  144.0  244.0
49.353  206.0  143.0  239.0
49.374  209.0  140.0  233.0
49.393  211.0  136.0  226.0
49.413  212.0  134.0  220.0
49.413  212.0  134.0  220.0
49.433  213.0  129.0  214.0
49.453  217.0  129.0  209.0
49.472  219.0  129.0  206.0
49.472  219.0  129.0  206.0
49.492  222.0  131.0  203.0
49.512  227.0  131.0  200.0
49.531  233.0  130.0  195.0
49.551  238.0  130.0  190.0
49.571  242.0  130.0  183.0
49.571  242.0  130.0  183.0
49.591  245.0  129.0  177.0
49.631  248.0  133.0  170.0
49.631  248.0  133.0  170.0
49.631  248.0  133.0  170.0
49.67  252.0  143.0  171.0
49.689  257.0  148.0  172.0
49.71  262.0  154.0  171.0
49.729  268.0  159.0  170.0
49.729  268.0  159.0  170.0
49.748  272.0  162.0  169.0
49.769  274.0  167.0  167.0
49.788  274.0  172.0  165.0
49.808  275.0  179.0  166.0
49.808  275.0  179.0  166.0
49.828  274.0  188.0  167.0
49.848  274.0  196.0  169.0
49.887  274.0  218.0  173.0
49.887  274.0  218.0  173.0
49.887  274.0  218.0  173.0
49.927  275.0  237.0  174.0
49.927  275.0  237.0  174.0
49.967  272.0  250.0  175.0
49.967  272.0  250.0  175.0
49.986  270.0  256.0  177.0
50.006  269.0  262.0  179.0
50.026  268.0  270.0  184.0
50.045  267.0  279.0  188.0
50.045  267.0  279.0  188.0
50.065  266.0  291.0  193.0
50.084  266.0  300.0  198.0
50.105  264.0  307.0  201.0
50.124  261.0  314.0  205.0
50.124  261.0  314.0  205.0
50.144  259.0  314.0  207.0
50.164  256.0  316.0  213.0
50.184  254.0  316.0  217.0
50.203  252.0  320.0  222.0
50.203  252.0  320.0  222.0
50.223  251.0  322.0  229.0
50.263  252.0  330.0  243.0
50.282  253.0  334.0  249.0
50.302  252.0  335.0  254.0
50.302  252.0  335.0  254.0
50.322  250.0  336.0  258.0
50.341  247.0  336.0  262.0
50.362  243.0  337.0  266.0
50.362  243.0  337.0  266.0
50.381  238.0  339.0  272.0
50.401  234.0  340.0  278.0
50.42  231.0  342.0  286.0
50.441  230.0  342.0  292.0
50.441  230.0  342.0  292.0
50.46  230.0  342.0  297.0
50.48  228.0  338.0  299.0
50.5  225.0  336.0  300.0
50.52  220.0  330.0  300.0
50.52  220.0  330.0  300.0
50.56  208.0  318.0  299.0
50.579  201.0  313.0  299.0
50.598  196.0  309.0  300.0
50.598  196.0  309.0  300.0
50.618  193.0  304.0  301.0
50.638  191.0  298.0  302.0
50.658  190.0  290.0  300.0
50.677  190.0  282.0  299.0
50.677  190.0  282.0  299.0
50.698  189.0  272.0  296.0
50.717  187.0  262.0  293.0
50.737  186.0  250.0  291.0
50.757  185.0  238.0  288.0
50.757  185.0  238.0  288.0
50.777  184.0  227.0  287.0
50.796  185.0  221.0  286.0
50.816  185.0  216.0  285.0
50.836  187.0  207.0  283.0
50.836  187.0  207.0  283.0
50.855  188.0  203.0  280.0
50.895  189.0  185.0  272.0
50.915  190.0  173.0  267.0
50.934  191.0  164.0  262.0
50.934  191.0  164.0  262.0
50.954  193.0  155.0  258.0
50.974  195.0  149.0  255.0
50.994  197.0  149.0  252.0
50.994  197.0  149.0  252.0
51.013  201.0  144.0  249.0
51.034  204.0  144.0  244.0
51.053  207.0  144.0  239.0
51.073  210.0  139.0  233.0
51.073  210.0  139.0  233.0
51.093  212.0  137.0  226.0
51.112  212.0  135.0  220.0
51.132  214.0  131.0  215.0
51.151  217.0  130.0  211.0
51.151  217.0  130.0  211.0
51.172  220.0  131.0  207.0
51.211  227.0  132.0  202.0
51.231  232.0  131.0  197.0
51.251  239.0  131.0  192.0
51.251  239.0  131.0  192.0
51.27  243.0  130.0  186.0
51.291  245.0  131.0  179.0
51.31  247.0  132.0  175.0
51.31  247.0  132.0  175.0
51.33  248.0  134.0  172.0
51.349  249.0  138.0  171.0
51.369  252.0  143.0  171.0
51.389  256.0  147.0  173.0
51.389  256.0  147.0  173.0
51.408  261.0  152.0  172.0
51.429  267.0  157.0  171.0
51.448  271.0  161.0  170.0
51.468  274.0  165.0  168.0
51.468  274.0  165.0  168.0
51.508  275.0  177.0  166.0
51.527  275.0  184.0  168.0
51.547  274.0  192.0  169.0
51.567  275.0  201.0  170.0
51.567  275.0  201.0  170.0
51.587  275.0  211.0  173.0
51.606  275.0  222.0  174.0
51.627  275.0  231.0  174.0
51.646  275.0  239.0  174.0
51.646  275.0  239.0  174.0
51.665  273.0  246.0  175.0
51.685  271.0  252.0  176.0
51.705  270.0  257.0  179.0
51.705  270.0  257.0  179.0
51.725  269.0  264.0  182.0
51.744  268.0  273.0  186.0
51.765  268.0  282.0  190.0
51.784  267.0  294.0  195.0
51.784  267.0  294.0  195.0
51.804  266.0  303.0  200.0
51.844  261.0  313.0  205.0
51.863  258.0  317.0  210.0
51.883  256.0  316.0  214.0
51.883  256.0  316.0  214.0
51.903  254.0  317.0  218.0
51.922  252.0  321.0  224.0
51.942  251.0  323.0  231.0
51.962  251.0  328.0  237.0
51.962  251.0  328.0  237.0
51.982  252.0  331.0  244.0
52.001  252.0  334.0  250.0
52.022  251.0  335.0  254.0
52.022  251.0  335.0  254.0
52.061  246.0  337.0  263.0
52.101  237.0  339.0  272.0
52.12  233.0  340.0  279.0
52.14  230.0  342.0  287.0
52.16  230.0  343.0  292.0
52.16  230.0  343.0  292.0
52.179  229.0  341.0  298.0
52.199  227.0  339.0  299.0
52.218  224.0  335.0  300.0
52.218  224.0  335.0  300.0
52.239  219.0  329.0  299.0
52.258  213.0  324.0  299.0
52.278  207.0  317.0  299.0
52.298  200.0  311.0  299.0
52.298  200.0  311.0  299.0
52.318  196.0  308.0  300.0
52.337  192.0  304.0  301.0
52.358  191.0  295.0  301.0
52.358  191.0  295.0  301.0
52.397  190.0  280.0  298.0
52.397  190.0  280.0  298.0
52.436  188.0  260.0  292.0
52.456  186.0  248.0  290.0
52.456  186.0  248.0  290.0
52.475  185.0  235.0  288.0
52.496  184.0  226.0  287.0
52.515  185.0  219.0  286.0
52.535  185.0  213.0  285.0
52.535  185.0  213.0  285.0
52.555  187.0  206.0  282.0
52.575  188.0  201.0  279.0
52.594  188.0  192.0  275.0
52.614  188.0  183.0  270.0
52.614  188.0  183.0  270.0
52.634  190.0  171.0  265.0
52.654  191.0  161.0  261.0
52.673  192.0  154.0  257.0
52.673  192.0  154.0  257.0
52.713  197.0  147.0  251.0
52.732  201.0  145.0  247.0
52.752  204.0  145.0  243.0
52.772  207.0  142.0  237.0
52.792  210.0  139.0  231.0
52.792  210.0  139.0  231.0
52.811  211.0  136.0  224.0
52.832  212.0  135.0  218.0
52.851  214.0  131.0  213.0
52.851  214.0  131.0  213.0
52.871  216.0  131.0  209.0
52.891  220.0  131.0  206.0
52.911  224.0  131.0  203.0
52.93  228.0  132.0  200.0
52.93  228.0  132.0  200.0
52.95  234.0  131.0  195.0
52.989  243.0  131.0  184.0
53.009  245.0  130.0  178.0
53.029  247.0  134.0  174.0
53.029  247.0  134.0  174.0
53.049  248.0  135.0  172.0
53.068  249.0  139.0  171.0
53.089  253.0  144.0  172.0
53.089  253.0  144.0  172.0
53.108  258.0  149.0  173.0
53.128  263.0  153.0  172.0
53.147  268.0  160.0  170.0
53.168  272.0  163.0  169.0
53.168  272.0  163.0  169.0
53.187  275.0  166.0  168.0
53.207  275.0  172.0  166.0
53.227  275.0  180.0  166.0
53.246  274.0  186.0  168.0
53.246  274.0  186.0  168.0
53.266  274.0  195.0  169.0
53.306  275.0  215.0  173.0
53.325  275.0  225.0  174.0
53.325  275.0  225.0  174.0
53.345  275.0  235.0  175.0
53.365  274.0  242.0  175.0
53.385  272.0  248.0  175.0
53.404  271.0  254.0  177.0
53.404  271.0  254.0  177.0
53.425  269.0  260.0  179.0
53.444  268.0  267.0  183.0
53.464  267.0  275.0  187.0
53.483  267.0  286.0  192.0
53.483  267.0  286.0  192.0
53.504  266.0  296.0  196.0
53.523  265.0  304.0  201.0
53.542  264.0  311.0  204.0
53.563  261.0  314.0  206.0
53.563  261.0  314.0  206.0
53.602  255.0  317.0  215.0
53.622  253.0  318.0  220.0
53.642  252.0  321.0  225.0
53.642  252.0  321.0  225.0
53.661  252.0  325.0  232.0
53.681  253.0  328.0  239.0
53.701  253.0  332.0  246.0
53.721  253.0  336.0  251.0
53.721  253.0  336.0  251.0
53.74  251.0  337.0  256.0
53.761  250.0  337.0  260.0
53.78  246.0  339.0  263.0
53.799  241.0  340.0  268.0
53.799  241.0  340.0  268.0
53.82  238.0  341.0  274.0
53.839  234.0  341.0  281.0
53.859  232.0  343.0  288.0
53.899  230.0  342.0  298.0
53.899  230.0  342.0  298.0
53.918  227.0  339.0  300.0
53.938  224.0  336.0  301.0
53.958  220.0  330.0  300.0
53.958  220.0  330.0  300.0
53.978  214.0  326.0  299.0
53.997  207.0  318.0  300.0
54.017  201.0  313.0  300.0
54.037  197.0  309.0  300.0
54.056  193.0  305.0  301.0
54.056  193.0  305.0  301.0
54.076  191.0  299.0  302.0
54.096  191.0  290.0  301.0
54.116  190.0  281.0  298.0
54.135  189.0  273.0  296.0
54.135  189.0  273.0  296.0
54.156  187.0  263.0  293.0
54.175  186.0  250.0  291.0
54.195  185.0  239.0  289.0
54.195  185.0  239.0  289.0
54.235  185.0  222.0  287.0
54.254  186.0  216.0  285.0
54.274  187.0  209.0  284.0
54.294  188.0  203.0  281.0
54.294  188.0  203.0  281.0
54.313  189.0  195.0  277.0
54.333  190.0  186.0  273.0
54.353  190.0  175.0  268.0
54.373  190.0  165.0  263.0
54.392  192.0  157.0  259.0
54.412  194.0  150.0  256.0
54.412  194.0  150.0  256.0
54.432  198.0  147.0  253.0
54.452  200.0  145.0  249.0
54.471  204.0  145.0  245.0
54.471  204.0  145.0  245.0
54.492  206.0  143.0  240.0
54.531  211.0  139.0  228.0
54.551  212.0  135.0  222.0
54.571  213.0  132.0  216.0
54.59  215.0  131.0  211.0
54.609  218.0  131.0  208.0
54.63  221.0  131.0  205.0
54.649  226.0  132.0  202.0
54.649  226.0  132.0  202.0
54.669  231.0  132.0  198.0
54.689  236.0  132.0  193.0
54.709  240.0  130.0  187.0
54.728  244.0  131.0  181.0
54.728  244.0  131.0  181.0
54.748  245.0  131.0  176.0
54.768  247.0  134.0  173.0
54.788  249.0  137.0  172.0
54.807  250.0  140.0  172.0
54.807  250.0  140.0  172.0
54.828  254.0  146.0  172.0
54.847  259.0  151.0  173.0
54.887  269.0  161.0  170.0
54.906  272.0  164.0  169.0
54.906  272.0  164.0  169.0
54.926  275.0  168.0  167.0
54.945  274.0  174.0  166.0
54.966  274.0  182.0  166.0
54.985  274.0  188.0  168.0
54.985  274.0  188.0  168.0
55.005  274.0  197.0  170.0
55.025  274.0  206.0  171.0
55.045  275.0  217.0  173.0
55.045  275.0  217.0  173.0
55.064  275.0  228.0  174.0
55.085  274.0  239.0  175.0
55.104  273.0  244.0  175.0
55.123  272.0  250.0  176.0
55.123  272.0  250.0  176.0
55.143  270.0  255.0  178.0
55.183  268.0  268.0  184.0
55.202  267.0  277.0  188.0
55.223  267.0  289.0  193.0
55.223  267.0  289.0  193.0
55.242  266.0  298.0  197.0
55.262  264.0  306.0  201.0
55.281  262.0  312.0  204.0
55.281  262.0  312.0  204.0
55.302  260.0  314.0  207.0
55.321  257.0  315.0  212.0
55.341  255.0  316.0  215.0
55.361  253.0  317.0  221.0
55.361  253.0  317.0  221.0
55.38  251.0  321.0  226.0
55.4  251.0  325.0  234.0
55.42  252.0  328.0  240.0
55.44  252.0  331.0  247.0
55.44  252.0  331.0  247.0
55.459  251.0  336.0  252.0
55.479  250.0  335.0  256.0
55.519  244.0  336.0  264.0
55.538  239.0  336.0  269.0
55.538  239.0  336.0  269.0
55.559  235.0  338.0  274.0
55.578  232.0  340.0  282.0
55.598  230.0  341.0  289.0
55.598  230.0  341.0  289.0
55.618  228.0  341.0  294.0
55.638  228.0  339.0  297.0
55.657  225.0  336.0  299.0
55.676  222.0  331.0  299.0
55.676  222.0  331.0  299.0
55.697  216.0  326.0  298.0
55.716  210.0  321.0  298.0
55.756  197.0  310.0  299.0
55.776  193.0  306.0  299.0
55.776  193.0  306.0  299.0
55.795  191.0  300.0  301.0
55.816  190.0  292.0  300.0
55.835  189.0  286.0  298.0
55.855  189.0  275.0  296.0
55.855  189.0  275.0  296.0
55.874  188.0  266.0  293.0
55.895  186.0  256.0  291.0
55.914  185.0  242.0  288.0
55.933  184.0  233.0  287.0
55.933  184.0  233.0  287.0
55.954  184.0  224.0  286.0
55.973  185.0  217.0  285.0
55.993  186.0  212.0  284.0
55.993  186.0  212.0  284.0
56.012  187.0  204.0  281.0
56.033  187.0  197.0  277.0
56.052  189.0  189.0  272.0
56.072  189.0  179.0  268.0
56.092  190.0  167.0  263.0
56.112  191.0  158.0  259.0
56.131  193.0  151.0  256.0
56.152  195.0  147.0  253.0
56.171  199.0  145.0  250.0
56.171  199.0  145.0  250.0
56.19  203.0  145.0  245.0
56.21  205.0  146.0  240.0
56.23  208.0  140.0  235.0
56.25  210.0  138.0  228.0
56.25  210.0  138.0  228.0
56.269  211.0  135.0  222.0
56.29  213.0  132.0  216.0
56.309  215.0  130.0  211.0
56.329  218.0  130.0  208.0
56.329  218.0  130.0  208.0
56.349  221.0  132.0  206.0
56.369  225.0  131.0  202.0
56.408  235.0  131.0  193.0
56.428  239.0  131.0  188.0
56.428  239.0  131.0  188.0
56.448  242.0  131.0  182.0
56.467  246.0  130.0  177.0
56.487  247.0  133.0  173.0
56.487  247.0  133.0  173.0
56.507  249.0  136.0  172.0
56.526  251.0  139.0  171.0
56.546  254.0  145.0  172.0
56.566  259.0  149.0  172.0
56.566  259.0  149.0  172.0
56.586  264.0  155.0  171.0
56.605  269.0  161.0  170.0
56.626  272.0  165.0  169.0
56.645  274.0  168.0  167.0
56.645  274.0  168.0  167.0
56.665  275.0  174.0  166.0
56.685  274.0  181.0  167.0
56.705  274.0  188.0  168.0
56.743  274.0  206.0  171.0
56.743  274.0  206.0  171.0
56.764  274.0  218.0  173.0
56.783  275.0  228.0  174.0
56.803  274.0  238.0  175.0
56.803  274.0  238.0  175.0
56.823  274.0  243.0  175.0
56.843  272.0  249.0  176.0
56.862  270.0  255.0  177.0
56.883  269.0  260.0  180.0
56.883  269.0  260.0  180.0
56.902  268.0  269.0  184.0
56.922  267.0  277.0  188.0
56.941  267.0  288.0  193.0
56.962  266.0  298.0  197.0
56.962  266.0  298.0  197.0
56.981  265.0  306.0  201.0
57.0  262.0  312.0  204.0
57.021  260.0  314.0  207.0
57.04  257.0  316.0  211.0
57.04  257.0  316.0  211.0
57.08  253.0  318.0  220.0
57.1  251.0  322.0  226.0
57.119  251.0  324.0  233.0
57.139  251.0  328.0  240.0
57.139  251.0  328.0  240.0
57.159  252.0  332.0  247.0
57.179  252.0  334.0  252.0
57.198  250.0  336.0  256.0
57.219  248.0  336.0  259.0
57.219  248.0  336.0  259.0
57.238  245.0  337.0  263.0
57.257  240.0  337.0  269.0
57.277  236.0  338.0  274.0
57.277  236.0  338.0  274.0
57.297  233.0  340.0  281.0
57.317  230.0  342.0  288.0
57.336  229.0  341.0  294.0
57.357  228.0  340.0  298.0
57.357  228.0  340.0  298.0
57.396  222.0  332.0  299.0
57.416  218.0  327.0  298.0
57.436  211.0  322.0  298.0
57.455  205.0  315.0  298.0
57.455  205.0  315.0  298.0
57.475  198.0  311.0  299.0
57.495  194.0  306.0  300.0
57.515  192.0  301.0  301.0
57.515  192.0  301.0  301.0
57.534  191.0  294.0  301.0
57.554  190.0  286.0  299.0
57.574  190.0  277.0  296.0
57.593  188.0  268.0  294.0
57.593  188.0  268.0  294.0
57.614  186.0  257.0  291.0
57.653  185.0  234.0  288.0
57.672  184.0  225.0  287.0
57.693  185.0  219.0  285.0
57.693  185.0  219.0  285.0
57.712  186.0  212.0  284.0
57.732  187.0  205.0  282.0
57.752  188.0  199.0  278.0
57.772  189.0  191.0  274.0
57.772  189.0  191.0  274.0
57.791  190.0  182.0  270.0
57.81  190.0  170.0  264.0
57.831  191.0  160.0  260.0
57.85  193.0  153.0  257.0
57.85  193.0  153.0  257.0
57.87  195.0  148.0  254.0
57.89  199.0  146.0  250.0
57.91  201.0  146.0  246.0
57.91  201.0  146.0  246.0
57.929  204.0  145.0  242.0
57.969  209.0  139.0  230.0
57.989  211.0  136.0  223.0
58.008  212.0  133.0  217.0
58.008  212.0  133.0  217.0
58.029  214.0  131.0  212.0
58.048  217.0  130.0  209.0
58.067  219.0  131.0  206.0
58.088  224.0  131.0  203.0
58.088  224.0  131.0  203.0
58.107  229.0  131.0  199.0
58.127  234.0  132.0  194.0
58.147  239.0  131.0  189.0
58.167  242.0  132.0  182.0
58.167  242.0  132.0  182.0
58.186  245.0  131.0  177.0
58.206  247.0  132.0  173.0
58.226  249.0  136.0  172.0
58.246  250.0  140.0  171.0
58.246  250.0  140.0  171.0
58.286  257.0  149.0  172.0
58.305  264.0  154.0  172.0
58.324  269.0  159.0  170.0
58.324  269.0  159.0  170.0
58.344  272.0  163.0  169.0
58.364  275.0  168.0  167.0
58.384  275.0  172.0  166.0
58.403  275.0  181.0  166.0
58.403  275.0  181.0  166.0
58.424  274.0  187.0  168.0
58.443  274.0  195.0  170.0
58.463  274.0  206.0  171.0
58.483  275.0  217.0  173.0
58.483  275.0  217.0  173.0
58.503  275.0  227.0  174.0
58.522  275.0  235.0  174.0
58.542  274.0  244.0  174.0
58.562  272.0  250.0  176.0
58.562  272.0  250.0  176.0
58.582  270.0  256.0  177.0
58.621  267.0  269.0  184.0
58.641  267.0  278.0  188.0
58.66  266.0  289.0  194.0
58.66  266.0  289.0  194.0
58.681  265.0  299.0  198.0
58.7  264.0  307.0  202.0
58.72  262.0  313.0  204.0
58.72  262.0  313.0  204.0
58.739  259.0  314.0  207.0
58.76  256.0  316.0  212.0
58.779  254.0  316.0  216.0
58.799  252.0  318.0  222.0
58.799  252.0  318.0  222.0
58.819  251.0  322.0  228.0
58.839  251.0  325.0  235.0
58.858  252.0  329.0  242.0
58.858  252.0  329.0  242.0
58.878  252.0  333.0  247.0
58.917  250.0  335.0  256.0
58.937  246.0  336.0  260.0
58.957  243.0  337.0  265.0
58.957  243.0  337.0  265.0
58.996  234.0  340.0  276.0
58.996  234.0  340.0  276.0
59.017  230.0  341.0  284.0
