67.019  228.0  346.0  320.0
67.019  228.0  346.0  320.0
67.019  228.0  346.0  320.0
67.019  228.0  346.0  320.0
67.019  228.0  346.0  320.0
67.019  228.0  346.0  320.0
67.019  228.0  346.0  320.0
67.019  228.0  346.0  320.0
67.019  228.0  346.0  320.0
67.019  228.0  346.0  320.0
67.019  228.0  346.0  320.0
67.019  228.0  346.0  320.0
67.019  228.0  346.0  320.0
67.019  228.0  346.0  320.0
67.019  228.0  346.0  320.0
67.019  228.0  346.0  320.0
67.019  228.0  346.0  320.0
67.019  228.0  346.0  320.0
67.019  228.0  346.0  320.0
67.019  228.0  346.0  320.0
67.019  228.0  346.0  320.0
67.019  228.0  346.0  320.0
67.019  228.0  346.0  320.0
67.019  228.0  346.0  320.0
67.019  228.0  346.0  320.0
67.019  228.0  346.0  320.0
67.019  228.0  346.0  320.0
67.019  228.0  346.0  320.0
67.019  228.0  346.0  320.0
67.019  228.0  346.0  320.0
67.019  228.0  346.0  320.0
67.019  228.0  346.0  320.0
67.019  228.0  346.0  320.0
67.019  228.0  346.0  320.0
67.019  228.0  346.0  320.0
67.019  228.0  346.0  320.0
67.019  228.0  346.0  320.0
67.019  228.0  346.0  320.0
67.019  228.0  346.0  320.0
67.019  228.0  346.0  320.0
67.019  228.0  346.0  320.0
67.019  228.0  346.0  320.0
67.019  228.0  346.0  320.0
67.019  228.0  346.0  320.0
67.019  228.0  346.0  320.0
67.019  228.0  346.0  320.0
67.019  228.0  346.0  320.0
67.019  228.0  346.0  320.0
67.019  228.0  346.0  320.0
67.019  228.0  346.0  320.0
67.019  228.0  346.0  320.0
6.438  221.0  339.0  319.0
0.0020  367.0  357.0  350.0
0.0030  306.0  283.0  294.0
0.0070  278.0  252.0  267.0
0.0070  278.0  252.0  267.0
0.022  295.0  443.0  367.0
0.056  266.0  172.0  297.0
0.072  384.0  198.0  238.0
0.089  418.0  345.0  245.0
0.089  418.0  345.0  245.0
0.106  348.0  446.0  317.0
0.123  253.0  431.0  364.0
0.158  193.0  221.0  340.0
0.158  193.0  221.0  340.0
0.177  245.0  153.0  281.0
0.194  321.0  144.0  224.0
0.211  380.0  216.0  208.0
0.229  386.0  320.0  221.0
0.229  386.0  320.0  221.0
0.265  268.0  424.0  323.0
0.282  194.0  380.0  351.0
0.3  168.0  272.0  346.0
0.318  185.0  165.0  306.0
0.318  185.0  165.0  306.0
0.335  255.0  129.0  246.0
0.371  372.0  239.0  198.0
0.389  366.0  348.0  224.0
0.389  366.0  348.0  224.0
0.406  310.0  405.0  279.0
0.423  230.0  408.0  331.0
0.459  163.0  228.0  327.0
0.477  199.0  139.0  275.0
0.477  199.0  139.0  275.0
0.494  276.0  119.0  217.0
0.513  346.0  165.0  186.0
0.53  367.0  272.0  190.0
0.53  367.0  272.0  190.0
0.547  343.0  372.0  230.0
0.583  197.0  381.0  326.0
0.601  160.0  289.0  330.0
0.618  160.0  174.0  301.0
0.689  355.0  297.0  194.0
0.689  355.0  297.0  194.0
0.689  355.0  297.0  194.0
0.724  233.0  396.0  300.0
0.742  171.0  350.0  329.0
0.759  151.0  244.0  324.0
0.778  170.0  141.0  282.0
0.778  170.0  141.0  282.0
0.813  314.0  131.0  183.0
0.83  355.0  231.0  180.0
0.848  347.0  341.0  210.0
0.848  347.0  341.0  210.0
0.883  208.0  389.0  315.0
0.901  164.0  317.0  327.0
0.919  152.0  207.0  310.0
0.936  192.0  124.0  257.0
0.972  338.0  160.0  174.0
0.972  338.0  160.0  174.0
0.99  354.0  268.0  180.0
1.007  327.0  363.0  224.0
1.026  276.0  381.0  264.0
1.045  236.0  373.0  288.0
1.045  236.0  373.0  288.0
1.063  215.0  374.0  318.0
1.082  188.0  334.0  324.0
1.12  171.0  228.0  312.0
1.12  171.0  228.0  312.0
1.138  181.0  170.0  288.0
1.157  204.0  139.0  263.0
1.176  235.0  118.0  227.0
1.195  272.0  128.0  203.0
1.195  272.0  128.0  203.0
1.213  297.0  135.0  181.0
1.231  328.0  180.0  178.0
1.251  329.0  230.0  184.0
1.288  313.0  343.0  216.0
1.288  313.0  343.0  216.0
1.307  284.0  361.0  240.0
1.326  255.0  377.0  273.0
1.344  226.0  371.0  299.0
1.344  226.0  371.0  299.0
1.362  209.0  362.0  318.0
1.382  180.0  325.0  324.0
1.4  172.0  265.0  316.0
1.419  175.0  215.0  307.0
1.419  175.0  215.0  307.0
1.457  216.0  134.0  252.0
1.475  245.0  121.0  221.0
1.494  282.0  125.0  192.0
1.494  282.0  125.0  192.0
1.513  305.0  149.0  182.0
1.531  328.0  189.0  176.0
1.55  330.0  253.0  186.0
1.569  319.0  295.0  196.0
1.569  319.0  295.0  196.0
1.606  272.0  366.0  252.0
1.625  245.0  371.0  278.0
1.644  219.0  374.0  308.0
1.662  199.0  347.0  318.0
1.662  199.0  347.0  318.0
1.681  177.0  310.0  323.0
1.699  169.0  241.0  312.0
1.719  177.0  198.0  298.0
1.737  190.0  141.0  271.0
1.737  190.0  141.0  271.0
1.775  255.0  126.0  213.0
1.794  286.0  125.0  183.0
1.812  315.0  167.0  179.0
1.83  326.0  204.0  179.0
1.83  326.0  204.0  179.0
1.85  328.0  267.0  186.0
1.868  314.0  312.0  203.0
1.887  297.0  357.0  229.0
1.887  297.0  357.0  229.0
1.906  264.0  372.0  262.0
1.943  214.0  371.0  314.0
1.961  187.0  333.0  320.0
1.981  175.0  291.0  318.0
1.999  169.0  228.0  310.0
1.999  169.0  228.0  310.0
2.018  179.0  173.0  287.0
2.037  200.0  138.0  261.0
2.037  200.0  138.0  261.0
2.074  267.0  127.0  203.0
2.093  293.0  131.0  180.0
2.112  323.0  175.0  176.0
2.13  327.0  224.0  182.0
2.13  327.0  224.0  182.0
2.149  324.0  278.0  187.0
2.168  311.0  336.0  212.0
2.187  285.0  357.0  237.0
2.187  285.0  357.0  237.0
2.205  255.0  374.0  270.0
2.243  208.0  365.0  315.0
2.262  179.0  327.0  323.0
2.28  171.0  267.0  315.0
2.28  171.0  267.0  315.0
2.298  173.0  216.0  307.0
2.318  182.0  151.0  279.0
2.336  212.0  135.0  252.0
2.336  212.0  135.0  252.0
2.374  279.0  126.0  192.0
2.393  302.0  147.0  180.0
2.411  326.0  184.0  175.0
2.429  328.0  249.0  184.0
2.429  328.0  249.0  184.0
2.449  319.0  290.0  193.0
2.467  307.0  353.0  220.0
2.486  273.0  365.0  248.0
2.486  273.0  365.0  248.0
2.505  246.0  372.0  276.0
2.542  200.0  348.0  317.0
2.561  177.0  313.0  323.0
2.58  168.0  245.0  312.0
2.58  168.0  245.0  312.0
2.598  176.0  199.0  299.0
2.617  188.0  141.0  272.0
2.636  223.0  128.0  239.0
2.673  286.0  124.0  184.0
2.673  286.0  124.0  184.0
2.692  314.0  164.0  178.0
2.711  326.0  203.0  178.0
2.729  328.0  266.0  186.0
2.729  328.0  266.0  186.0
2.748  314.0  309.0  202.0
2.767  299.0  358.0  227.0
2.786  265.0  371.0  260.0
2.804  236.0  368.0  283.0
2.804  236.0  368.0  283.0
2.842  189.0  335.0  320.0
2.861  175.0  295.0  319.0
2.879  168.0  231.0  311.0
2.879  168.0  231.0  311.0
2.897  179.0  177.0  289.0
2.917  197.0  139.0  263.0
2.935  230.0  121.0  228.0
2.954  265.0  126.0  205.0
2.954  265.0  126.0  205.0
2.992  323.0  175.0  177.0
3.01  327.0  220.0  181.0
3.028  325.0  276.0  187.0
3.028  325.0  276.0  187.0
3.048  312.0  333.0  212.0
3.066  287.0  357.0  236.0
3.085  257.0  376.0  269.0
3.123  209.0  366.0  315.0
3.123  209.0  366.0  315.0
3.141  181.0  327.0  323.0
3.16  172.0  272.0  316.0
3.179  172.0  220.0  307.0
3.179  172.0  220.0  307.0
3.197  181.0  155.0  280.0
3.216  209.0  137.0  253.0
3.235  240.0  118.0  221.0
3.254  277.0  126.0  194.0
3.254  277.0  126.0  194.0
3.291  326.0  184.0  175.0
3.31  328.0  243.0  184.0
3.329  320.0  288.0  192.0
3.347  308.0  350.0  219.0
3.347  308.0  350.0  219.0
3.365  275.0  365.0  246.0
3.385  248.0  374.0  275.0
3.403  221.0  374.0  305.0
3.422  202.0  352.0  317.0
3.422  202.0  352.0  317.0
3.46  168.0  249.0  314.0
3.478  176.0  204.0  301.0
3.496  186.0  142.0  275.0
3.516  221.0  129.0  243.0
3.516  221.0  129.0  243.0
3.534  251.0  123.0  215.0
3.553  285.0  124.0  186.0
3.572  312.0  160.0  180.0
3.572  312.0  160.0  180.0
3.591  328.0  199.0  177.0
3.628  316.0  305.0  200.0
3.647  301.0  357.0  225.0
3.665  267.0  371.0  258.0
3.684  240.0  370.0  282.0
3.684  240.0  370.0  282.0
3.703  217.0  375.0  313.0
3.722  192.0  339.0  320.0
3.74  176.0  299.0  321.0
3.74  176.0  299.0  321.0
3.759  168.0  233.0  313.0
3.778  179.0  184.0  293.0
3.815  229.0  121.0  231.0
3.834  263.0  127.0  208.0
3.834  263.0  127.0  208.0
3.853  292.0  128.0  181.0
3.871  322.0  173.0  177.0
3.89  327.0  216.0  180.0
3.89  327.0  216.0  180.0
3.909  327.0  275.0  187.0
3.946  290.0  358.0  234.0
3.965  260.0  376.0  268.0
3.984  231.0  370.0  291.0
3.984  231.0  370.0  291.0
4.002  212.0  370.0  317.0
4.021  184.0  330.0  324.0
4.04  173.0  280.0  318.0
4.059  171.0  223.0  310.0
4.059  171.0  223.0  310.0
4.077  181.0  159.0  284.0
4.115  238.0  119.0  223.0
4.133  275.0  128.0  198.0
4.152  299.0  139.0  181.0
4.152  299.0  139.0  181.0
4.171  328.0  180.0  176.0
4.19  329.0  238.0  184.0
4.208  322.0  286.0  191.0
4.208  322.0  286.0  191.0
4.227  311.0  347.0  217.0
4.246  279.0  363.0  243.0
4.283  223.0  374.0  302.0
4.302  205.0  357.0  318.0
4.302  205.0  357.0  318.0
4.321  179.0  320.0  325.0
4.339  171.0  257.0  315.0
4.358  175.0  210.0  304.0
4.358  175.0  210.0  304.0
4.377  184.0  146.0  277.0
4.414  248.0  122.0  218.0
4.433  284.0  124.0  188.0
4.452  308.0  156.0  181.0
4.452  308.0  156.0  181.0
4.47  328.0  193.0  176.0
4.489  330.0  258.0  185.0
4.508  317.0  300.0  198.0
4.527  304.0  357.0  223.0
4.527  304.0  357.0  223.0
4.545  269.0  368.0  255.0
4.583  217.0  373.0  311.0
4.601  195.0  342.0  319.0
4.62  176.0  304.0  321.0
4.62  176.0  304.0  321.0
4.639  168.0  237.0  312.0
4.658  177.0  190.0  295.0
4.676  192.0  140.0  270.0
4.695  226.0  123.0  235.0
4.695  226.0  123.0  235.0
4.714  258.0  127.0  210.0
4.751  318.0  170.0  178.0
4.77  326.0  209.0  180.0
4.77  326.0  209.0  180.0
4.789  328.0  272.0  187.0
4.807  313.0  319.0  206.0
4.826  294.0  357.0  231.0
4.845  262.0  373.0  264.0
4.845  262.0  373.0  264.0
4.864  233.0  367.0  287.0
4.882  213.0  370.0  314.0
4.901  185.0  331.0  320.0
4.938  169.0  226.0  309.0
4.938  169.0  226.0  309.0
4.957  179.0  167.0  284.0
4.976  202.0  138.0  260.0
4.995  233.0  118.0  225.0
5.013  269.0  128.0  201.0
5.013  269.0  128.0  201.0
5.032  294.0  134.0  180.0
5.051  324.0  178.0  176.0
5.069  326.0  228.0  183.0
5.088  322.0  279.0  189.0
5.107  310.0  340.0  214.0
5.126  282.0  358.0  238.0
5.144  253.0  374.0  271.0
5.163  224.0  368.0  297.0
5.163  224.0  368.0  297.0
5.182  207.0  360.0  315.0
5.2  179.0  324.0  322.0
5.238  173.0  215.0  305.0
5.257  182.0  150.0  278.0
5.257  182.0  150.0  278.0
5.275  213.0  133.0  250.0
5.294  243.0  120.0  219.0
5.313  279.0  125.0  191.0
5.313  279.0  125.0  191.0
5.331  302.0  149.0  180.0
5.369  328.0  249.0  184.0
5.388  318.0  292.0  194.0
5.388  318.0  292.0  194.0
5.406  305.0  353.0  220.0
5.425  271.0  365.0  249.0
5.444  245.0  371.0  277.0
5.463  219.0  372.0  307.0
5.463  219.0  372.0  307.0
5.5  177.0  310.0  322.0
5.519  168.0  243.0  311.0
5.537  176.0  198.0  298.0
5.556  188.0  140.0  271.0
5.556  188.0  140.0  271.0
5.575  223.0  126.0  238.0
5.594  253.0  125.0  213.0
5.612  286.0  124.0  183.0
5.65  326.0  204.0  177.0
5.65  326.0  204.0  177.0
5.668  328.0  266.0  185.0
5.687  313.0  309.0  202.0
5.706  298.0  356.0  227.0
5.706  298.0  356.0  227.0
5.725  265.0  371.0  260.0
5.743  236.0  369.0  283.0
5.763  215.0  373.0  314.0
5.781  189.0  335.0  320.0
5.799  176.0  295.0  319.0
5.818  168.0  232.0  311.0
5.837  178.0  178.0  290.0
5.856  198.0  138.0  264.0
5.874  230.0  120.0  229.0
5.874  230.0  120.0  229.0
5.893  265.0  128.0  205.0
5.912  292.0  129.0  180.0
5.931  322.0  174.0  176.0
5.968  325.0  276.0  187.0
5.968  325.0  276.0  187.0
5.987  311.0  332.0  211.0
6.005  288.0  357.0  236.0
6.024  258.0  374.0  269.0
6.024  258.0  374.0  269.0
6.043  229.0  369.0  291.0
6.062  210.0  367.0  316.0
6.08  182.0  329.0  323.0
6.099  173.0  275.0  317.0
6.099  173.0  275.0  317.0
6.136  181.0  157.0  281.0
6.155  208.0  138.0  255.0
6.174  239.0  118.0  222.0
6.174  276.0  126.0  196.0
6.193  276.0  126.0  196.0
6.211  299.0  142.0  180.0
6.231  326.0  182.0  175.0
6.249  328.0  240.0  183.0
6.249  328.0  240.0  183.0
6.267  320.0  286.0  191.0
6.305  277.0  363.0  244.0
6.324  249.0  374.0  274.0
6.342  221.0  372.0  302.0
6.342  221.0  372.0  302.0
6.362  204.0  354.0  317.0
6.38  178.0  319.0  324.0
6.398  169.0  253.0  314.0
6.417  175.0  209.0  302.0
6.417  175.0  209.0  302.0
6.455  219.0  130.0  245.0
6.473  248.0  122.0  217.0
6.473  248.0  122.0  217.0
6.492  283.0  123.0  187.0
6.511  308.0  157.0  179.0
6.548  329.0  258.0  185.0
6.548  329.0  258.0  185.0
6.567  316.0  299.0  198.0
6.586  303.0  357.0  223.0
6.604  268.0  368.0  254.0
6.623  242.0  369.0  280.0
6.623  242.0  369.0  280.0
6.642  217.0  373.0  311.0
6.661  195.0  341.0  319.0
6.699  168.0  237.0  312.0
6.717  178.0  191.0  294.0
6.717  178.0  191.0  294.0
6.735  191.0  141.0  269.0
6.754  225.0  124.0  235.0
6.773  257.0  126.0  211.0
6.792  288.0  126.0  181.0
6.792  288.0  126.0  181.0
6.81  317.0  169.0  178.0
6.83  325.0  209.0  179.0
6.848  327.0  270.0  185.0
6.848  327.0  270.0  185.0
6.885  295.0  357.0  230.0
6.904  263.0  372.0  263.0
6.923  234.0  368.0  286.0
6.941  213.0  370.0  314.0
6.941  213.0  370.0  314.0
6.961  186.0  331.0  320.0
6.979  174.0  288.0  318.0
6.998  169.0  227.0  310.0
7.016  179.0  170.0  286.0
7.016  179.0  170.0  286.0
7.054  232.0  118.0  225.0
7.072  268.0  127.0  203.0
7.091  293.0  132.0  179.0
7.091  293.0  132.0  179.0
7.11  323.0  177.0  176.0
7.129  327.0  225.0  181.0
7.147  323.0  278.0  188.0
7.166  311.0  336.0  213.0
7.166  311.0  336.0  213.0
7.203  255.0  375.0  270.0
7.222  226.0  369.0  294.0
7.241  208.0  363.0  316.0
7.26  180.0  325.0  322.0
7.26  180.0  325.0  322.0
7.278  171.0  268.0  315.0
7.298  172.0  217.0  306.0
7.316  181.0  153.0  279.0
7.353  241.0  118.0  220.0
7.353  241.0  118.0  220.0
7.372  277.0  125.0  194.0
7.391  300.0  144.0  179.0
7.409  326.0  184.0  175.0
7.409  326.0  184.0  175.0
7.429  327.0  245.0  184.0
7.447  319.0  287.0  192.0
7.465  307.0  349.0  219.0
7.484  274.0  362.0  246.0
7.484  274.0  362.0  246.0
7.522  220.0  373.0  304.0
7.54  203.0  351.0  317.0
7.559  178.0  317.0  324.0
7.578  169.0  250.0  313.0
7.578  169.0  250.0  313.0
7.597  175.0  206.0  301.0
7.615  186.0  142.0  274.0
7.634  220.0  130.0  244.0
7.653  249.0  122.0  216.0
7.653  249.0  122.0  216.0
7.671  284.0  124.0  186.0
7.709  326.0  196.0  176.0
7.728  328.0  261.0  186.0
7.728  328.0  261.0  186.0
7.746  316.0  302.0  199.0
7.766  301.0  356.0  224.0
7.784  268.0  368.0  256.0
7.802  240.0  368.0  280.0
7.802  240.0  368.0  280.0
7.84  193.0  339.0  319.0
7.859  176.0  302.0  320.0
7.877  167.0  235.0  311.0
7.897  178.0  189.0  293.0
7.897  178.0  189.0  293.0
7.915  192.0  140.0  268.0
7.933  226.0  122.0  234.0
7.952  259.0  126.0  210.0
7.952  259.0  126.0  210.0
7.971  288.0  127.0  181.0
8.008  324.0  208.0  179.0
8.028  327.0  270.0  186.0
8.046  313.0  317.0  205.0
8.046  313.0  317.0  205.0
8.065  293.0  357.0  230.0
8.083  261.0  373.0  263.0
8.102  232.0  366.0  286.0
8.121  212.0  369.0  314.0
8.121  212.0  369.0  314.0
8.139  185.0  330.0  320.0
8.177  169.0  225.0  309.0
8.196  178.0  168.0  284.0
8.196  178.0  168.0  284.0
8.214  202.0  139.0  260.0
8.233  232.0  118.0  225.0
8.252  268.0  128.0  202.0
8.27  293.0  132.0  180.0
8.27  293.0  132.0  180.0
8.289  323.0  177.0  176.0
8.308  325.0  226.0  182.0
8.345  310.0  336.0  212.0
8.365  283.0  355.0  237.0
8.365  283.0  355.0  237.0
8.383  254.0  374.0  269.0
8.401  224.0  367.0  293.0
8.42  207.0  361.0  314.0
8.439  179.0  323.0  321.0
8.439  179.0  323.0  321.0
8.476  172.0  216.0  304.0
8.476  172.0  216.0  304.0
8.514  211.0  135.0  251.0
8.514  211.0  135.0  251.0
8.532  240.0  119.0  219.0
8.551  276.0  127.0  193.0
8.57  299.0  146.0  179.0
8.589  323.0  184.0  174.0
8.589  323.0  184.0  174.0
8.607  325.0  244.0  184.0
8.645  305.0  349.0  218.0
8.664  272.0  360.0  245.0
8.682  245.0  370.0  273.0
8.682  245.0  370.0  273.0
8.701  218.0  370.0  302.0
8.72  200.0  348.0  314.0
8.738  177.0  313.0  320.0
8.758  168.0  248.0  310.0
8.758  168.0  248.0  310.0
8.776  175.0  204.0  298.0
8.795  185.0  142.0  272.0
8.833  247.0  123.0  214.0
8.851  282.0  123.0  184.0
8.851  282.0  123.0  184.0
8.869  307.0  158.0  178.0
8.888  324.0  195.0  175.0
8.907  326.0  260.0  184.0
8.907  326.0  260.0  184.0
8.926  313.0  299.0  197.0
8.944  300.0  352.0  222.0
8.964  265.0  366.0  255.0
9.0  215.0  372.0  308.0
9.0  215.0  372.0  308.0
9.019  192.0  338.0  317.0
9.038  175.0  301.0  318.0
9.057  167.0  234.0  309.0
9.075  177.0  188.0  291.0
9.095  191.0  139.0  266.0
9.095  191.0  139.0  266.0
9.113  225.0  123.0  231.0
9.132  257.0  126.0  208.0
9.169  316.0  168.0  176.0
9.169  316.0  168.0  176.0
9.188  323.0  209.0  178.0
9.206  325.0  270.0  185.0
9.226  311.0  317.0  205.0
9.244  292.0  354.0  229.0
9.244  292.0  354.0  229.0
9.263  260.0  370.0  263.0
9.281  231.0  365.0  285.0
9.3  211.0  369.0  313.0
9.337  173.0  285.0  315.0
9.337  173.0  285.0  315.0
9.357  168.0  224.0  308.0
9.375  179.0  167.0  284.0
9.394  201.0  138.0  259.0
9.412  232.0  118.0  224.0
9.412  232.0  118.0  224.0
9.432  268.0  126.0  201.0
9.45  292.0  131.0  179.0
9.468  323.0  176.0  175.0
9.468  323.0  176.0  175.0
9.487  325.0  226.0  181.0
9.525  310.0  337.0  212.0
9.543  282.0  355.0  236.0
9.563  253.0  373.0  269.0
9.563  253.0  373.0  269.0
9.581  224.0  368.0  293.0
9.6  207.0  361.0  314.0
9.618  179.0  325.0  321.0
9.637  170.0  267.0  313.0
9.637  170.0  267.0  313.0
9.674  181.0  151.0  278.0
9.694  211.0  134.0  252.0
9.712  240.0  120.0  219.0
9.712  240.0  120.0  219.0
9.731  276.0  125.0  192.0
9.749  299.0  145.0  179.0
9.768  324.0  184.0  175.0
9.787  326.0  243.0  184.0
9.787  326.0  243.0  184.0
9.825  306.0  348.0  218.0
9.843  273.0  360.0  245.0
9.862  246.0  369.0  273.0
9.862  246.0  369.0  273.0
9.88  218.0  371.0  302.0
9.9  201.0  350.0  314.0
9.918  177.0  314.0  320.0
9.918  177.0  314.0  320.0
9.955  175.0  204.0  299.0
9.974  184.0  143.0  272.0
9.993  218.0  129.0  241.0
10.011  246.0  122.0  214.0
10.032  254.0  138.0  209.0
10.032  254.0  138.0  209.0
10.051  256.0  143.0  205.0
10.071  258.0  144.0  201.0
10.091  261.0  143.0  195.0
10.091  261.0  143.0  195.0
10.11  262.0  143.0  189.0
10.13  264.0  143.0  184.0
10.149  264.0  146.0  182.0
10.17  266.0  149.0  181.0
10.189  268.0  154.0  181.0
10.189  268.0  154.0  181.0
10.229  277.0  166.0  181.0
10.249  282.0  171.0  180.0
10.268  286.0  176.0  179.0
10.288  288.0  181.0  177.0
10.288  288.0  181.0  177.0
10.308  289.0  185.0  176.0
10.328  288.0  192.0  175.0
10.347  287.0  201.0  177.0
10.347  287.0  201.0  177.0
10.368  287.0  208.0  179.0
10.387  287.0  216.0  181.0
10.406  287.0  228.0  182.0
10.427  287.0  238.0  183.0
10.427  287.0  238.0  183.0
10.446  287.0  249.0  183.0
10.466  285.0  257.0  183.0
10.485  283.0  263.0  184.0
10.506  281.0  269.0  185.0
10.506  281.0  269.0  185.0
10.545  277.0  281.0  191.0
10.565  277.0  290.0  195.0
10.585  276.0  300.0  200.0
10.604  275.0  312.0  206.0
10.604  275.0  312.0  206.0
10.625  274.0  321.0  210.0
10.644  272.0  327.0  214.0
10.663  270.0  332.0  217.0
10.663  270.0  332.0  217.0
10.683  269.0  333.0  221.0
10.703  266.0  335.0  225.0
10.723  264.0  335.0  231.0
10.742  263.0  339.0  237.0
10.742  263.0  339.0  237.0
10.763  262.0  342.0  245.0
10.782  263.0  346.0  252.0
10.802  264.0  350.0  260.0
10.822  264.0  353.0  266.0
10.822  264.0  353.0  266.0
10.861  260.0  353.0  275.0
10.881  259.0  354.0  279.0
10.901  254.0  355.0  283.0
10.92  248.0  356.0  289.0
10.92  248.0  356.0  289.0
10.94  244.0  357.0  296.0
10.96  241.0  358.0  303.0
10.98  239.0  361.0  310.0
10.98  239.0  361.0  310.0
10.999  239.0  359.0  315.0
11.019  237.0  355.0  317.0
11.039  234.0  352.0  318.0
11.059  229.0  347.0  317.0
11.059  229.0  347.0  317.0
11.078  223.0  340.0  316.0
11.099  216.0  333.0  316.0
11.118  209.0  325.0  316.0
11.138  204.0  320.0  316.0
11.138  204.0  320.0  316.0
11.177  199.0  309.0  317.0
11.197  198.0  299.0  315.0
11.216  198.0  291.0  312.0
11.216  198.0  291.0  312.0
11.237  197.0  281.0  309.0
11.256  195.0  271.0  306.0
11.276  194.0  259.0  303.0
11.296  193.0  246.0  301.0
11.296  193.0  246.0  301.0
11.316  193.0  236.0  300.0
11.335  193.0  228.0  298.0
11.356  195.0  220.0  298.0
11.356  195.0  220.0  298.0
11.375  197.0  214.0  295.0
11.414  199.0  199.0  290.0
11.435  200.0  192.0  285.0
11.454  201.0  181.0  279.0
11.454  201.0  181.0  279.0
11.473  201.0  169.0  274.0
11.494  203.0  160.0  269.0
11.513  205.0  153.0  265.0
11.533  208.0  151.0  262.0
11.533  208.0  151.0  262.0
11.553  210.0  149.0  258.0
11.573  214.0  150.0  254.0
11.592  217.0  148.0  249.0
11.612  221.0  144.0  242.0
11.612  221.0  144.0  242.0
11.632  223.0  143.0  235.0
11.652  224.0  140.0  229.0
11.671  226.0  137.0  222.0
11.671  226.0  137.0  222.0
11.692  227.0  135.0  217.0
11.711  231.0  137.0  214.0
11.75  238.0  139.0  208.0
11.77  243.0  139.0  204.0
11.77  243.0  139.0  204.0
11.79  248.0  139.0  198.0
11.809  253.0  138.0  193.0
11.83  257.0  137.0  186.0
11.849  258.0  139.0  181.0
11.849  258.0  139.0  181.0
11.869  259.0  141.0  178.0
11.889  261.0  144.0  177.0
11.909  263.0  148.0  176.0
11.928  267.0  154.0  177.0
11.928  267.0  154.0  177.0
11.948  271.0  159.0  178.0
11.968  277.0  165.0  177.0
11.987  283.0  170.0  175.0
12.007  285.0  176.0  175.0
12.007  285.0  176.0  175.0
12.047  287.0  187.0  172.0
12.066  285.0  195.0  174.0
12.087  285.0  202.0  176.0
12.087  285.0  202.0  176.0
12.106  285.0  211.0  177.0
12.126  285.0  221.0  179.0
12.145  285.0  232.0  181.0
12.166  284.0  243.0  181.0
12.166  284.0  243.0  181.0
12.185  284.0  253.0  181.0
12.205  281.0  259.0  182.0
12.225  279.0  266.0  183.0
12.225  279.0  266.0  183.0
12.244  277.0  271.0  185.0
12.264  275.0  278.0  188.0
12.304  274.0  294.0  197.0
12.323  273.0  306.0  203.0
12.323  273.0  306.0  203.0
12.343  272.0  317.0  208.0
12.363  271.0  323.0  211.0
12.383  269.0  328.0  215.0
12.402  267.0  331.0  218.0
12.402  267.0  331.0  218.0
12.423  265.0  332.0  223.0
12.442  262.0  332.0  228.0
12.462  261.0  336.0  234.0
12.481  260.0  338.0  241.0
12.481  260.0  338.0  241.0
12.502  260.0  343.0  249.0
12.521  261.0  346.0  256.0
12.54  261.0  350.0  263.0
12.561  261.0  352.0  268.0
12.561  261.0  352.0  268.0
12.58  258.0  350.0  272.0
12.6  256.0  351.0  276.0
12.64  246.0  352.0  286.0
12.659  242.0  355.0  292.0
12.659  242.0  355.0  292.0
12.679  239.0  356.0  300.0
12.699  238.0  357.0  307.0
12.719  237.0  356.0  312.0
12.719  237.0  356.0  312.0
12.738  236.0  352.0  314.0
12.759  233.0  350.0  316.0
12.778  228.0  344.0  314.0
12.797  222.0  338.0  314.0
12.797  222.0  338.0  314.0
12.818  214.0  330.0  313.0
12.837  208.0  323.0  313.0
12.857  203.0  318.0  314.0
12.857  203.0  318.0  314.0
12.876  199.0  312.0  314.0
12.916  197.0  297.0  313.0
12.936  197.0  289.0  310.0
12.956  196.0  282.0  307.0
12.956  196.0  282.0  307.0
12.976  194.0  269.0  304.0
12.995  193.0  257.0  302.0
13.015  192.0  245.0  299.0
13.035  191.0  233.0  298.0
13.035  191.0  233.0  298.0
13.054  192.0  225.0  298.0
13.074  194.0  219.0  296.0
13.094  196.0  214.0  294.0
13.094  196.0  214.0  294.0
13.114  197.0  207.0  292.0
13.133  198.0  199.0  288.0
13.154  199.0  189.0  283.0
13.173  201.0  167.0  272.0
13.193  201.0  167.0  272.0
13.212  202.0  158.0  267.0
13.233  204.0  152.0  264.0
13.252  207.0  150.0  260.0
13.252  207.0  150.0  260.0
13.272  210.0  148.0  256.0
13.292  214.0  147.0  252.0
13.312  217.0  147.0  246.0
13.331  220.0  143.0  240.0
13.331  220.0  143.0  240.0
13.351  223.0  141.0  233.0
13.371  223.0  140.0  226.0
13.39  225.0  136.0  220.0
13.39  225.0  136.0  220.0
13.41  227.0  136.0  216.0
13.43  230.0  138.0  214.0
13.469  238.0  139.0  207.0
13.49  244.0  139.0  203.0
13.49  244.0  139.0  203.0
13.509  249.0  138.0  197.0
13.529  254.0  138.0  190.0
13.529  254.0  138.0  190.0
13.548  256.0  136.0  183.0
13.569  258.0  140.0  179.0
13.588  259.0  142.0  176.0
13.607  261.0  144.0  176.0
13.607  261.0  144.0  176.0
13.628  264.0  149.0  176.0
13.667  273.0  160.0  177.0
13.687  279.0  168.0  176.0
13.707  283.0  173.0  175.0
13.707  283.0  173.0  175.0
13.726  285.0  177.0  173.0
13.746  286.0  182.0  173.0
13.766  286.0  189.0  172.0
13.786  285.0  198.0  174.0
13.786  285.0  198.0  174.0
13.805  284.0  205.0  176.0
13.826  285.0  213.0  178.0
13.845  285.0  224.0  179.0
13.864  285.0  236.0  181.0
13.864  285.0  236.0  181.0
13.885  284.0  247.0  182.0
13.904  284.0  255.0  181.0
13.924  281.0  262.0  181.0
13.924  281.0  262.0  181.0
13.964  277.0  274.0  186.0
13.983  275.0  280.0  189.0
14.003  274.0  289.0  194.0
14.023  274.0  299.0  199.0
14.023  274.0  299.0  199.0
14.043  274.0  310.0  205.0
14.062  272.0  319.0  209.0
14.083  271.0  326.0  213.0
14.102  268.0  329.0  216.0
14.102  268.0  329.0  216.0
14.121  266.0  332.0  220.0
14.141  264.0  332.0  225.0
14.161  262.0  333.0  231.0
14.161  262.0  333.0  231.0
14.2  260.0  340.0  245.0
14.221  260.0  343.0  253.0
14.24  261.0  347.0  260.0
14.24  261.0  347.0  260.0
14.26  261.0  350.0  265.0
14.279  259.0  350.0  269.0
14.3  256.0  349.0  273.0
14.3  256.0  349.0  273.0
14.319  253.0  349.0  277.0
14.339  248.0  350.0  281.0
14.359  243.0  352.0  288.0
14.379  239.0  352.0  295.0
14.379  239.0  352.0  295.0
14.398  236.0  354.0  302.0
14.418  235.0  353.0  307.0
14.438  234.0  352.0  311.0
14.457  233.0  347.0  312.0
14.457  233.0  347.0  312.0
14.497  223.0  338.0  310.0
14.517  218.0  331.0  309.0
14.536  210.0  323.0  309.0
14.536  210.0  323.0  309.0
14.557  204.0  318.0  309.0
14.576  200.0  313.0  310.0
14.596  198.0  308.0  310.0
14.616  196.0  301.0  310.0
14.616  196.0  301.0  310.0
14.636  196.0  292.0  307.0
14.655  196.0  284.0  305.0
14.674  194.0  275.0  302.0
14.695  193.0  261.0  300.0
14.695  193.0  261.0  300.0
14.714  192.0  251.0  297.0
14.734  191.0  239.0  296.0
14.774  192.0  222.0  294.0
14.793  194.0  216.0  292.0
14.793  194.0  216.0  292.0
14.813  195.0  209.0  289.0
14.833  196.0  203.0  287.0
14.853  197.0  193.0  282.0
14.853  197.0  193.0  282.0
14.872  197.0  183.0  277.0
14.893  198.0  171.0  271.0
14.912  199.0  161.0  267.0
14.931  200.0  153.0  263.0
14.931  200.0  153.0  263.0
14.952  203.0  151.0  260.0
14.971  207.0  148.0  256.0
14.991  210.0  149.0  251.0
15.01  213.0  148.0  247.0
15.01  213.0  148.0  247.0
15.031  217.0  144.0  241.0
15.05  220.0  142.0  234.0
15.07  221.0  140.0  227.0
15.09  222.0  138.0  221.0
15.09  222.0  138.0  221.0
15.129  227.0  138.0  213.0
15.15  230.0  137.0  211.0
15.169  234.0  139.0  208.0
15.188  239.0  139.0  204.0
15.188  239.0  139.0  204.0
15.208  245.0  136.0  198.0
15.228  251.0  137.0  192.0
15.248  253.0  137.0  185.0
15.267  255.0  137.0  180.0
15.267  255.0  137.0  180.0
15.288  257.0  139.0  176.0
15.307  258.0  143.0  175.0
15.327  261.0  147.0  176.0
15.347  265.0  152.0  177.0
15.347  265.0  152.0  177.0
15.367  269.0  157.0  177.0
15.386  275.0  165.0  175.0
15.426  282.0  175.0  173.0
15.426  282.0  175.0  173.0
15.446  283.0  180.0  172.0
15.465  283.0  187.0  172.0
15.485  283.0  194.0  173.0
15.505  282.0  202.0  175.0
15.505  282.0  202.0  175.0
15.524  283.0  210.0  177.0
15.544  283.0  221.0  179.0
15.564  283.0  232.0  180.0
15.564  283.0  232.0  180.0
15.584  282.0  243.0  180.0
15.603  282.0  252.0  181.0
15.643  277.0  264.0  182.0
15.643  277.0  264.0  182.0
15.663  274.0  271.0  184.0
15.683  273.0  276.0  187.0
15.703  272.0  285.0  192.0
15.722  272.0  294.0  197.0
15.722  272.0  294.0  197.0
15.741  271.0  306.0  203.0
15.762  270.0  315.0  208.0
15.781  270.0  322.0  211.0
15.801  267.0  327.0  214.0
15.801  267.0  327.0  214.0
15.821  265.0  328.0  218.0
15.841  262.0  329.0  222.0
15.86  260.0  330.0  228.0
15.86  260.0  330.0  228.0
15.881  258.0  334.0  235.0
15.9  258.0  337.0  242.0
15.92  259.0  341.0  249.0
15.96  260.0  348.0  262.0
15.96  260.0  348.0  262.0
15.979  258.0  350.0  267.0
15.998  256.0  349.0  272.0
16.019  254.0  350.0  276.0
16.019  254.0  350.0  276.0
16.038  249.0  350.0  281.0
16.058  244.0  352.0  286.0
16.077  241.0  354.0  294.0
16.098  238.0  356.0  302.0
16.098  238.0  356.0  302.0
16.117  237.0  356.0  308.0
16.137  236.0  355.0  313.0
16.177  231.0  347.0  315.0
16.177  231.0  347.0  315.0
16.196  226.0  342.0  314.0
16.217  219.0  336.0  313.0
16.236  212.0  327.0  313.0
16.236  212.0  327.0  313.0
16.256  205.0  321.0  314.0
16.275  201.0  315.0  314.0
16.295  198.0  310.0  314.0
16.315  197.0  302.0  314.0
16.315  197.0  302.0  314.0
16.334  196.0  294.0  311.0
16.355  196.0  286.0  309.0
16.374  194.0  274.0  306.0
16.394  193.0  264.0  303.0
16.414  192.0  250.0  300.0
16.434  191.0  238.0  299.0
16.453  191.0  229.0  298.0
16.473  193.0  222.0  297.0
16.493  195.0  216.0  295.0
16.493  195.0  216.0  295.0
16.513  196.0  209.0  294.0
16.532  198.0  203.0  290.0
16.552  199.0  194.0  286.0
16.552  199.0  194.0  286.0
16.572  199.0  184.0  281.0
16.591  201.0  171.0  275.0
16.612  201.0  163.0  270.0
16.631  203.0  156.0  266.0
16.631  203.0  156.0  266.0
16.651  206.0  151.0  264.0
16.67  209.0  149.0  259.0
16.691  212.0  147.0  254.0
16.73  220.0  144.0  243.0
16.73  220.0  144.0  243.0
16.75  222.0  142.0  236.0
16.77  224.0  138.0  230.0
16.789  225.0  137.0  223.0
16.789  225.0  137.0  223.0
16.808  227.0  136.0  218.0
16.829  230.0  137.0  215.0
16.848  233.0  138.0  212.0
16.868  238.0  138.0  208.0
16.868  238.0  138.0  208.0
16.888  243.0  139.0  205.0
16.908  248.0  138.0  199.0
16.927  254.0  137.0  193.0
16.948  257.0  136.0  186.0
16.948  257.0  136.0  186.0
16.967  258.0  138.0  181.0
16.987  260.0  139.0  177.0
17.006  262.0  143.0  176.0
17.006  262.0  143.0  176.0
17.046  268.0  152.0  177.0
17.065  273.0  158.0  177.0
17.086  279.0  166.0  176.0
17.105  283.0  172.0  175.0
17.105  283.0  172.0  175.0
17.125  285.0  176.0  174.0
17.145  287.0  181.0  172.0
17.165  286.0  188.0  172.0
17.165  286.0  188.0  172.0
17.184  286.0  196.0  174.0
17.204  285.0  204.0  176.0
17.224  285.0  213.0  178.0
17.244  285.0  224.0  179.0
17.244  285.0  224.0  179.0
17.284  285.0  247.0  181.0
17.303  284.0  256.0  181.0
17.323  282.0  262.0  182.0
17.323  282.0  262.0  182.0
17.342  278.0  267.0  184.0
17.362  277.0  274.0  185.0
17.382  276.0  282.0  189.0
17.401  274.0  289.0  194.0
17.401  274.0  289.0  194.0
17.422  274.0  300.0  199.0
17.441  274.0  312.0  205.0
17.461  273.0  321.0  209.0
17.461  270.0  328.0  213.0
17.501  269.0  331.0  216.0
17.52  266.0  332.0  221.0
17.54  264.0  333.0  226.0
17.56  263.0  334.0  232.0
17.58  260.0  338.0  239.0
17.58  260.0  338.0  239.0
17.599  261.0  342.0  246.0
17.619  261.0  345.0  254.0
17.639  262.0  348.0  261.0
17.639  262.0  348.0  261.0
17.658  261.0  351.0  266.0
17.679  260.0  351.0  271.0
17.698  256.0  350.0  275.0
17.698  256.0  350.0  275.0
17.718  253.0  351.0  279.0
17.737  249.0  352.0  284.0
17.758  243.0  353.0  290.0
17.777  240.0  355.0  298.0
17.777  240.0  355.0  298.0
17.797  238.0  357.0  305.0
17.837  236.0  355.0  314.0
17.856  233.0  351.0  315.0
17.876  229.0  347.0  315.0
17.876  229.0  347.0  315.0
17.896  223.0  339.0  314.0
17.915  216.0  332.0  314.0
17.935  209.0  325.0  313.0
17.935  209.0  325.0  313.0
17.955  204.0  318.0  314.0
17.975  199.0  313.0  314.0
17.994  197.0  309.0  314.0
18.015  197.0  298.0  313.0
18.015  197.0  298.0  313.0
18.034  195.0  289.0  311.0
18.054  196.0  282.0  307.0
18.073  194.0  271.0  305.0
18.113  192.0  246.0  299.0
18.113  192.0  246.0  299.0
18.113  192.0  246.0  299.0
18.153  192.0  227.0  298.0
18.172  193.0  220.0  296.0
18.172  193.0  220.0  296.0
18.192  196.0  213.0  294.0
18.212  197.0  208.0  292.0
18.232  198.0  199.0  288.0
18.251  199.0  191.0  283.0
18.251  199.0  191.0  283.0
18.271  199.0  179.0  277.0
18.291  200.0  167.0  271.0
18.311  202.0  158.0  267.0
18.33  204.0  152.0  263.0
18.33  204.0  152.0  263.0
18.351  207.0  149.0  261.0
18.39  214.0  147.0  251.0
18.41  217.0  147.0  245.0
18.41  217.0  147.0  245.0
18.429  221.0  143.0  240.0
18.449  223.0  141.0  232.0
18.468  224.0  140.0  225.0
18.489  225.0  137.0  220.0
18.489  225.0  137.0  220.0
18.508  228.0  135.0  216.0
18.528  231.0  138.0  213.0
18.548  234.0  139.0  210.0
18.568  239.0  139.0  207.0
18.568  239.0  139.0  207.0
18.587  245.0  138.0  201.0
18.607  250.0  138.0  196.0
18.627  255.0  137.0  190.0
18.627  255.0  137.0  190.0
18.647  257.0  137.0  183.0
18.666  259.0  138.0  179.0
18.706  261.0  145.0  176.0
18.725  265.0  150.0  176.0
18.725  265.0  150.0  176.0
18.746  269.0  155.0  177.0
18.765  275.0  163.0  176.0
18.785  280.0  168.0  175.0
18.804  284.0  173.0  175.0
18.804  284.0  173.0  175.0
18.825  285.0  179.0  173.0
18.844  286.0  184.0  171.0
18.864  286.0  191.0  173.0
18.884  285.0  199.0  175.0
18.884  285.0  199.0  175.0
18.904  285.0  207.0  176.0
18.923  285.0  217.0  178.0
18.963  285.0  240.0  180.0
18.963  285.0  240.0  180.0
18.982  284.0  249.0  181.0
19.002  284.0  257.0  181.0
19.022  280.0  265.0  182.0
19.042  277.0  270.0  184.0
19.042  277.0  270.0  184.0
19.061  276.0  275.0  186.0
19.082  275.0  284.0  190.0
19.101  274.0  292.0  195.0
19.121  274.0  303.0  201.0
19.121  274.0  303.0  201.0
19.141  274.0  315.0  206.0
19.161  271.0  323.0  210.0
19.18  269.0  329.0  214.0
19.18  269.0  329.0  214.0
19.2  268.0  331.0  217.0
19.22  266.0  333.0  222.0
19.259  262.0  336.0  234.0
19.279  261.0  340.0  240.0
19.279  261.0  340.0  240.0
19.299  261.0  343.0  249.0
19.318  262.0  348.0  256.0
19.338  262.0  352.0  263.0
19.358  261.0  353.0  268.0
19.358  261.0  353.0  268.0
19.378  260.0  352.0  272.0
19.397  256.0  354.0  277.0
19.418  253.0  354.0  281.0
19.418  253.0  354.0  281.0
19.437  248.0  355.0  287.0
19.457  243.0  356.0  293.0
19.477  240.0  358.0  301.0
19.496  238.0  358.0  309.0
19.496  238.0  358.0  309.0
19.535  236.0  354.0  316.0
19.556  233.0  351.0  317.0
19.575  229.0  346.0  316.0
19.595  223.0  339.0  315.0
19.595  223.0  339.0  315.0
19.615  215.0  332.0  315.0
19.635  209.0  323.0  315.0
19.654  204.0  317.0  315.0
19.654  204.0  317.0  315.0
19.675  200.0  314.0  315.0
19.694  198.0  307.0  315.0
19.714  197.0  297.0  313.0
19.733  197.0  289.0  310.0
19.733  197.0  289.0  310.0
19.753  196.0  280.0  307.0
19.773  194.0  268.0  305.0
19.813  192.0  243.0  300.0
19.813  192.0  243.0  300.0
19.832  193.0  231.0  299.0
19.852  193.0  225.0  297.0
19.871  195.0  218.0  296.0
19.892  197.0  212.0  295.0
19.892  197.0  212.0  295.0
19.911  198.0  206.0  292.0
19.931  199.0  197.0  287.0
19.951  200.0  188.0  283.0
19.971  200.0  176.0  276.0
19.971  200.0  176.0  276.0
19.99  201.0  165.0  271.0
20.011  203.0  158.0  268.0
20.03  206.0  151.0  264.0
20.03  206.0  151.0  264.0
20.049  209.0  150.0  260.0
20.069  212.0  148.0  256.0
20.109  219.0  145.0  245.0
20.128  222.0  143.0  238.0
20.128  222.0  143.0  238.0
20.149  224.0  141.0  231.0
20.168  225.0  138.0  224.0
20.188  227.0  136.0  220.0
20.208  230.0  135.0  216.0
20.208  230.0  135.0  216.0
20.228  233.0  138.0  213.0
20.247  237.0  138.0  210.0
20.267  241.0  139.0  206.0
20.267  241.0  139.0  206.0
20.287  248.0  138.0  201.0
20.306  253.0  138.0  195.0
20.326  257.0  138.0  187.0
20.346  259.0  138.0  182.0
20.346  259.0  138.0  182.0
20.366  260.0  140.0  178.0
20.406  264.0  147.0  176.0
20.425  267.0  153.0  177.0
20.445  271.0  158.0  177.0
20.445  271.0  158.0  177.0
20.464  277.0  165.0  176.0
20.485  282.0  171.0  175.0
20.504  285.0  176.0  174.0
20.524  287.0  179.0  173.0
20.544  287.0  186.0  172.0
20.544  287.0  186.0  172.0
20.563  286.0  195.0  173.0
20.583  285.0  202.0  175.0
20.602  285.0  210.0  177.0
20.602  285.0  210.0  177.0
20.623  286.0  220.0  179.0
20.642  286.0  232.0  180.0
20.662  285.0  244.0  181.0
20.682  285.0  253.0  181.0
20.682  285.0  253.0  181.0
20.702  283.0  260.0  182.0
20.742  277.0  272.0  185.0
20.761  276.0  276.0  188.0
20.781  275.0  286.0  193.0
20.781  275.0  286.0  193.0
20.8  275.0  296.0  198.0
20.82  274.0  307.0  203.0
20.84  273.0  318.0  208.0
20.84  273.0  318.0  208.0
20.859  271.0  324.0  212.0
20.88  269.0  328.0  215.0
20.899  268.0  331.0  219.0
20.919  265.0  332.0  224.0
20.919  265.0  332.0  224.0
20.939  263.0  333.0  229.0
20.959  262.0  337.0  235.0
20.978  261.0  340.0  243.0
20.998  262.0  344.0  251.0
20.998  262.0  344.0  251.0
21.018  262.0  349.0  258.0
21.057  261.0  352.0  270.0
21.078  259.0  352.0  274.0
21.097  256.0  352.0  278.0
21.097  256.0  352.0  278.0
21.116  252.0  353.0  283.0
21.136  246.0  354.0  289.0
21.156  242.0  357.0  295.0
21.176  240.0  358.0  303.0
21.176  240.0  358.0  303.0
21.195  239.0  359.0  310.0
21.216  237.0  357.0  314.0
21.235  235.0  354.0  316.0
21.235  235.0  354.0  316.0
21.255  232.0  350.0  316.0
21.275  227.0  345.0  315.0
21.295  221.0  339.0  315.0
21.314  213.0  330.0  315.0
21.314  213.0  330.0  315.0
21.354  202.0  318.0  315.0
21.373  199.0  312.0  315.0
21.393  198.0  306.0  315.0
21.393  198.0  306.0  315.0
21.413  197.0  296.0  313.0
21.433  197.0  287.0  310.0
21.452  195.0  278.0  307.0
21.473  195.0  266.0  304.0
21.473  195.0  266.0  304.0
21.492  193.0  254.0  302.0
21.512  193.0  241.0  300.0
21.531  192.0  231.0  299.0
21.552  193.0  223.0  298.0
21.552  193.0  223.0  298.0
21.571  196.0  217.0  296.0
21.591  197.0  210.0  294.0
21.611  198.0  205.0  291.0
21.65  200.0  187.0  282.0
21.65  200.0  187.0  282.0
21.669  201.0  174.0  276.0
21.69  201.0  164.0  271.0
21.709  204.0  157.0  267.0
21.709  204.0  157.0  267.0
21.729  206.0  151.0  264.0
21.749  209.0  149.0  260.0
21.769  212.0  149.0  255.0
21.788  215.0  148.0  250.0
21.788  215.0  148.0  250.0
21.809  219.0  145.0  245.0
21.828  222.0  143.0  239.0
21.848  224.0  140.0  231.0
21.867  225.0  137.0  225.0
21.867  225.0  137.0  225.0
21.888  227.0  135.0  219.0
21.926  232.0  137.0  213.0
21.947  236.0  138.0  209.0
21.947  236.0  138.0  209.0
21.966  240.0  139.0  206.0
21.986  247.0  138.0  201.0
22.006  252.0  137.0  195.0
22.026  256.0  137.0  188.0
22.026  256.0  137.0  188.0
22.045  258.0  137.0  182.0
22.065  259.0  138.0  179.0
22.085  261.0  142.0  176.0
22.105  263.0  145.0  176.0
22.105  263.0  145.0  176.0
22.124  266.0  151.0  176.0
22.145  271.0  157.0  177.0
22.164  276.0  162.0  176.0
22.183  282.0  169.0  176.0
22.183  282.0  169.0  176.0
22.204  284.0  174.0  174.0
22.243  286.0  184.0  172.0
22.262  286.0  193.0  173.0
22.283  286.0  200.0  174.0
22.283  286.0  200.0  174.0
22.302  286.0  208.0  176.0
22.322  286.0  218.0  177.0
22.342  286.0  230.0  180.0
22.342  286.0  230.0  180.0
22.362  285.0  242.0  181.0
22.381  284.0  251.0  181.0
22.401  283.0  258.0  181.0
22.421  280.0  265.0  182.0
22.421  280.0  265.0  182.0
22.44  277.0  271.0  184.0
22.46  276.0  276.0  187.0
22.48  275.0  284.0  191.0
22.5  275.0  294.0  196.0
22.5  275.0  294.0  196.0
22.519  274.0  305.0  202.0
22.559  272.0  323.0  211.0
22.579  270.0  329.0  214.0
22.579  270.0  329.0  214.0
22.598  268.0  331.0  218.0
22.619  266.0  333.0  223.0
22.638  264.0  333.0  228.0
22.658  263.0  337.0  234.0
22.658  263.0  337.0  234.0
22.678  261.0  340.0  241.0
22.697  262.0  344.0  249.0
22.717  263.0  348.0  257.0
22.737  263.0  351.0  264.0
22.737  263.0  351.0  264.0
22.757  262.0  353.0  269.0
22.796  258.0  353.0  278.0
22.816  254.0  353.0  282.0
22.816  254.0  353.0  282.0
22.836  249.0  355.0  287.0
22.855  244.0  356.0  294.0
22.876  241.0  357.0  302.0
22.895  239.0  359.0  309.0
22.895  239.0  359.0  309.0
22.915  238.0  358.0  314.0
22.935  236.0  355.0  317.0
22.955  234.0  352.0  317.0
22.974  229.0  346.0  317.0
22.974  229.0  346.0  317.0
22.993  223.0  340.0  315.0
23.014  216.0  332.0  315.0
23.033  209.0  324.0  315.0
23.033  209.0  324.0  315.0
23.053  203.0  319.0  315.0
23.073  200.0  315.0  315.0
23.093  198.0  307.0  316.0
23.132  197.0  289.0  311.0
23.132  197.0  289.0  311.0
23.152  196.0  281.0  309.0
23.172  194.0  271.0  305.0
23.191  193.0  257.0  303.0
23.212  193.0  244.0  301.0
23.212  193.0  244.0  301.0
23.231  192.0  234.0  299.0
23.25  193.0  226.0  298.0
23.271  194.0  219.0  297.0
23.29  197.0  214.0  295.0
23.29  197.0  214.0  295.0
23.31  198.0  207.0  293.0
23.329  199.0  198.0  288.0
23.35  200.0  190.0  283.0
23.35  200.0  190.0  283.0
23.369  200.0  178.0  277.0
23.389  201.0  165.0  272.0
23.409  203.0  159.0  268.0
23.429  205.0  153.0  265.0
23.429  205.0  153.0  265.0
23.469  212.0  147.0  257.0
23.488  215.0  149.0  251.0
23.507  219.0  147.0  246.0
23.527  222.0  143.0  240.0
23.527  222.0  143.0  240.0
23.547  224.0  142.0  233.0
23.567  225.0  139.0  226.0
23.586  226.0  136.0  221.0
23.607  229.0  136.0  217.0
23.607  229.0  136.0  217.0
23.626  233.0  139.0  214.0
23.646  236.0  139.0  211.0
23.665  240.0  138.0  206.0
23.665  240.0  138.0  206.0
23.686  247.0  139.0  202.0
23.725  256.0  137.0  189.0
23.745  258.0  137.0  183.0
23.764  259.0  139.0  179.0
23.764  259.0  139.0  179.0
23.784  261.0  142.0  177.0
23.804  263.0  145.0  177.0
23.824  266.0  152.0  176.0
23.843  270.0  157.0  177.0
23.843  270.0  157.0  177.0
23.863  276.0  163.0  177.0
23.883  281.0  171.0  176.0
23.903  284.0  174.0  175.0
23.903  284.0  174.0  175.0
23.922  287.0  178.0  174.0
23.943  287.0  183.0  172.0
23.962  287.0  192.0  173.0
23.982  286.0  199.0  175.0
23.982  286.0  199.0  175.0
24.022  286.0  218.0  178.0
24.041  286.0  229.0  180.0
24.06  285.0  241.0  181.0
24.081  285.0  250.0  181.0
24.081  285.0  250.0  181.0
24.1  284.0  259.0  182.0
24.12  280.0  264.0  182.0
24.14  278.0  270.0  185.0
24.14  278.0  270.0  185.0
24.16  276.0  277.0  187.0
24.179  276.0  284.0  191.0
24.2  275.0  293.0  195.0
24.219  275.0  305.0  202.0
24.219  275.0  305.0  202.0
24.239  274.0  317.0  207.0
24.258  272.0  324.0  211.0
24.279  270.0  328.0  214.0
24.298  268.0  331.0  218.0
24.298  268.0  331.0  218.0
24.338  264.0  334.0  228.0
24.357  263.0  337.0  234.0
24.377  261.0  340.0  241.0
24.396  261.0  344.0  249.0
24.396  261.0  344.0  249.0
24.417  263.0  347.0  257.0
24.436  263.0  351.0  263.0
24.456  261.0  353.0  269.0
24.476  260.0  353.0  273.0
24.476  260.0  353.0  273.0
24.496  258.0  352.0  277.0
24.515  254.0  353.0  281.0
24.536  248.0  355.0  287.0
24.536  248.0  355.0  287.0
24.555  244.0  356.0  294.0
24.574  240.0  357.0  301.0
24.594  239.0  359.0  309.0
24.634  237.0  355.0  316.0
24.634  237.0  355.0  316.0
24.653  233.0  351.0  316.0
24.674  229.0  347.0  316.0
24.693  223.0  339.0  315.0
24.713  216.0  332.0  315.0
24.713  216.0  332.0  315.0
24.733  209.0  324.0  315.0
24.753  204.0  320.0  315.0
24.772  200.0  314.0  316.0
24.772  200.0  314.0  316.0
24.792  199.0  308.0  316.0
24.812  197.0  299.0  314.0
24.851  196.0  281.0  309.0
24.851  196.0  281.0  309.0
24.871  194.0  270.0  305.0
24.891  193.0  256.0  303.0
24.91  193.0  244.0  301.0
24.93  192.0  234.0  299.0
24.93  192.0  234.0  299.0
24.95  193.0  225.0  299.0
24.97  195.0  218.0  297.0
24.989  197.0  213.0  294.0
24.989  197.0  213.0  294.0
25.01  198.0  206.0  292.0
25.029  198.0  199.0  288.0
25.049  199.0  189.0  283.0
25.069  200.0  176.0  277.0
25.069  200.0  176.0  277.0
25.089  201.0  166.0  272.0
25.127  205.0  152.0  264.0
25.148  208.0  151.0  261.0
25.167  212.0  148.0  256.0
25.167  212.0  148.0  256.0
25.187  215.0  148.0  251.0
25.207  219.0  146.0  245.0
25.227  222.0  145.0  239.0
25.246  223.0  142.0  233.0
25.246  223.0  142.0  233.0
25.267  224.0  139.0  226.0
25.286  226.0  136.0  220.0
25.306  229.0  137.0  217.0
25.306  229.0  137.0  217.0
25.325  233.0  137.0  214.0
25.346  237.0  139.0  210.0
25.365  241.0  140.0  207.0
25.384  247.0  138.0  201.0
25.384  247.0  138.0  201.0
25.405  252.0  138.0  196.0
25.444  259.0  137.0  182.0
25.464  260.0  139.0  179.0
25.484  261.0  142.0  176.0
25.484  261.0  142.0  176.0
25.503  263.0  146.0  176.0
25.523  266.0  151.0  177.0
25.543  271.0  158.0  177.0
25.543  271.0  158.0  177.0
25.563  276.0  164.0  177.0
25.582  281.0  171.0  176.0
25.603  284.0  175.0  175.0
25.622  287.0  179.0  173.0
25.622  287.0  179.0  173.0
25.641  286.0  186.0  172.0
25.681  286.0  200.0  175.0
25.701  286.0  209.0  177.0
25.701  286.0  209.0  177.0
25.72  286.0  220.0  179.0
25.741  285.0  231.0  180.0
25.76  285.0  242.0  181.0
25.78  284.0  252.0  182.0
25.78  284.0  252.0  182.0
25.8  283.0  258.0  181.0
25.82  280.0  265.0  182.0
25.839  278.0  271.0  185.0
25.859  276.0  277.0  188.0
25.859  276.0  277.0  188.0
25.879  276.0  285.0  191.0
25.899  275.0  295.0  197.0
25.899  275.0  295.0  197.0
25.938  273.0  317.0  208.0
25.958  272.0  324.0  212.0
25.977  269.0  329.0  215.0
25.998  268.0  331.0  219.0
25.998  268.0  331.0  219.0
26.017  266.0  333.0  224.0
26.037  264.0  334.0  229.0
26.056  262.0  336.0  235.0
26.077  261.0  341.0  242.0
26.077  261.0  341.0  242.0
26.096  260.0  345.0  250.0
26.116  262.0  348.0  258.0
26.136  263.0  352.0  265.0
26.156  261.0  353.0  269.0
26.156  261.0  353.0  269.0
26.175  259.0  352.0  274.0
26.194  257.0  353.0  278.0
26.234  247.0  354.0  288.0
26.234  247.0  354.0  288.0
26.254  242.0  357.0  295.0
26.274  239.0  357.0  303.0
26.294  238.0  358.0  310.0
26.313  237.0  357.0  314.0
26.313  237.0  357.0  314.0
26.334  235.0  353.0  316.0
26.353  232.0  350.0  316.0
26.373  227.0  344.0  315.0
26.392  221.0  338.0  315.0
26.392  221.0  338.0  315.0
26.413  213.0  329.0  315.0
26.432  207.0  321.0  315.0
26.451  203.0  317.0  315.0
26.451  203.0  317.0  315.0
26.472  200.0  313.0  315.0
26.511  197.0  294.0  312.0
26.531  197.0  286.0  310.0
26.551  195.0  276.0  307.0
26.551  195.0  276.0  307.0
26.57  194.0  264.0  304.0
26.59  193.0  252.0  302.0
26.61  193.0  240.0  300.0
26.61  193.0  240.0  300.0
26.63  192.0  230.0  299.0
26.649  193.0  223.0  298.0
26.67  195.0  216.0  296.0
26.689  197.0  210.0  295.0
26.689  197.0  210.0  295.0
26.708  198.0  204.0  291.0
26.729  199.0  195.0  287.0
26.748  200.0  185.0  282.0
26.787  202.0  163.0  271.0
26.787  202.0  163.0  271.0
26.808  204.0  156.0  267.0
26.827  207.0  150.0  264.0
26.847  210.0  149.0  260.0
26.867  213.0  150.0  255.0
26.867  213.0  150.0  255.0
26.887  217.0  149.0  250.0
26.906  221.0  145.0  244.0
26.926  223.0  143.0  237.0
26.926  223.0  143.0  237.0
26.946  224.0  141.0  230.0
26.966  226.0  138.0  224.0
26.985  227.0  136.0  219.0
27.005  231.0  137.0  215.0
27.005  231.0  137.0  215.0
27.025  234.0  138.0  213.0
27.044  237.0  138.0  209.0
27.084  249.0  139.0  199.0
27.104  253.0  138.0  193.0
27.104  253.0  138.0  193.0
27.123  257.0  137.0  187.0
27.144  259.0  136.0  181.0
27.163  261.0  141.0  177.0
27.163  261.0  141.0  177.0
27.183  262.0  143.0  176.0
27.203  264.0  147.0  176.0
27.223  268.0  154.0  176.0
27.242  273.0  159.0  177.0
27.242  273.0  159.0  177.0
27.262  278.0  165.0  176.0
27.282  283.0  172.0  175.0
27.301  286.0  176.0  174.0
27.341  287.0  187.0  172.0
27.341  287.0  187.0  172.0
27.361  287.0  195.0  174.0
27.38  286.0  202.0  175.0
27.401  286.0  212.0  177.0
27.401  286.0  212.0  177.0
27.42  286.0  224.0  179.0
27.44  286.0  235.0  181.0
27.459  286.0  245.0  181.0
27.48  285.0  255.0  181.0
27.48  285.0  255.0  181.0
27.499  282.0  262.0  182.0
27.518  280.0  267.0  183.0
27.539  278.0  272.0  185.0
27.558  276.0  280.0  188.0
27.558  276.0  280.0  188.0
27.578  276.0  288.0  193.0
27.598  274.0  297.0  198.0
27.618  275.0  311.0  204.0
27.637  273.0  320.0  209.0
27.637  273.0  320.0  209.0
27.657  271.0  327.0  212.0
27.677  269.0  330.0  216.0
27.716  266.0  333.0  225.0
27.737  265.0  334.0  230.0
27.737  265.0  334.0  230.0
27.756  262.0  340.0  237.0
27.776  262.0  343.0  245.0
27.796  262.0  347.0  253.0
27.815  263.0  350.0  261.0
27.815  263.0  350.0  261.0
27.835  264.0  354.0  267.0
27.854  262.0  354.0  272.0
27.875  260.0  353.0  276.0
27.894  256.0  354.0  280.0
27.894  256.0  354.0  280.0
27.914  252.0  355.0  285.0
27.934  247.0  355.0  291.0
27.954  243.0  357.0  297.0
27.954  243.0  357.0  297.0
27.994  239.0  361.0  312.0
28.013  238.0  358.0  316.0
28.033  236.0  356.0  318.0
28.033  236.0  356.0  318.0
28.052  232.0  351.0  318.0
28.072  227.0  344.0  316.0
28.092  220.0  338.0  315.0
28.111  213.0  330.0  316.0
28.111  213.0  330.0  316.0
28.132  206.0  323.0  316.0
28.151  203.0  317.0  316.0
28.171  199.0  312.0  316.0
28.19  198.0  305.0  316.0
28.19  198.0  305.0  316.0
28.211  198.0  295.0  313.0
28.23  197.0  286.0  310.0
28.25  195.0  277.0  307.0
28.25  195.0  277.0  307.0
28.29  194.0  251.0  302.0
28.309  193.0  240.0  300.0
28.329  193.0  230.0  299.0
28.349  194.0  222.0  299.0
28.349  194.0  222.0  299.0
28.368  196.0  217.0  297.0
28.388  198.0  210.0  295.0
28.408  199.0  203.0  292.0
28.428  200.0  194.0  287.0
28.428  200.0  194.0  287.0
28.447  201.0  184.0  282.0
28.468  201.0  171.0  276.0
28.487  203.0  162.0  271.0
28.507  205.0  154.0  267.0
28.507  205.0  154.0  267.0
28.547  211.0  149.0  260.0
28.566  215.0  148.0  255.0
28.585  218.0  149.0  250.0
28.585  218.0  149.0  250.0
28.606  221.0  144.0  243.0
28.625  223.0  142.0  236.0
28.645  225.0  141.0  229.0
28.665  226.0  138.0  224.0
28.665  226.0  138.0  224.0
28.685  229.0  137.0  218.0
28.704  232.0  138.0  215.0
28.724  235.0  139.0  212.0
28.724  235.0  139.0  212.0
28.744  239.0  139.0  209.0
28.764  244.0  140.0  205.0
28.783  250.0  138.0  199.0
28.804  254.0  139.0  192.0
28.804  254.0  139.0  192.0
28.823  258.0  138.0  186.0
28.843  259.0  137.0  181.0
28.882  263.0  144.0  177.0
28.902  265.0  149.0  177.0
28.902  265.0  149.0  177.0
28.921  269.0  155.0  177.0
28.942  275.0  160.0  178.0
28.961  280.0  168.0  177.0
28.981  284.0  173.0  175.0
28.981  284.0  173.0  175.0
29.001  286.0  177.0  174.0
29.021  287.0  182.0  173.0
29.04  287.0  190.0  173.0
29.061  286.0  197.0  174.0
29.061  286.0  197.0  174.0
29.08  286.0  205.0  176.0
29.1  286.0  215.0  178.0
29.119  286.0  225.0  180.0
29.119  286.0  225.0  180.0
29.159  285.0  248.0  182.0
29.178  284.0  256.0  182.0
29.199  281.0  264.0  182.0
29.218  279.0  270.0  184.0
29.218  279.0  270.0  184.0
29.238  277.0  275.0  187.0
29.258  276.0  281.0  190.0
29.278  275.0  291.0  195.0
29.297  275.0  302.0  201.0
29.297  275.0  302.0  201.0
29.317  274.0  313.0  206.0
29.337  272.0  321.0  210.0
29.357  270.0  327.0  214.0
29.357  270.0  327.0  214.0
29.376  268.0  330.0  217.0
29.396  266.0  332.0  222.0
29.435  262.0  335.0  233.0
29.455  260.0  338.0  240.0
29.475  261.0  342.0  248.0
29.475  261.0  342.0  248.0
29.495  261.0  346.0  255.0
29.514  262.0  349.0  262.0
29.535  261.0  352.0  268.0
29.535  261.0  352.0  268.0
29.554  259.0  350.0  272.0
29.574  257.0  351.0  276.0
29.594  253.0  351.0  280.0
29.614  248.0  353.0  285.0
29.614  248.0  353.0  285.0
29.633  243.0  354.0  292.0
29.652  239.0  356.0  300.0
29.673  238.0  356.0  307.0
29.673  238.0  356.0  307.0
29.692  237.0  356.0  312.0
29.712  235.0  354.0  315.0
29.752  228.0  344.0  315.0
29.771  222.0  337.0  313.0
29.771  222.0  337.0  313.0
29.792  215.0  330.0  314.0
29.811  207.0  323.0  314.0
29.831  202.0  318.0  314.0
29.831  202.0  318.0  314.0
29.85  199.0  313.0  314.0
29.871  198.0  306.0  314.0
29.89  197.0  297.0  312.0
29.91  196.0  288.0  309.0
29.91  196.0  288.0  309.0
29.93  195.0  278.0  307.0
29.949  194.0  267.0  304.0
29.969  193.0  254.0  301.0
29.988  192.0  243.0  299.0
29.988  192.0  243.0  299.0
30.009  192.0  232.0  298.0
30.048  194.0  218.0  295.0
30.068  196.0  211.0  293.0
30.088  197.0  205.0  290.0
30.088  197.0  205.0  290.0
30.107  198.0  196.0  286.0
30.128  199.0  186.0  281.0
30.147  199.0  174.0  275.0
30.167  201.0  164.0  270.0
30.167  201.0  164.0  270.0
30.186  203.0  157.0  266.0
30.206  205.0  151.0  263.0
30.226  208.0  149.0  259.0
30.245  212.0  147.0  254.0
30.245  212.0  147.0  254.0
30.266  215.0  148.0  249.0
30.285  218.0  145.0  244.0
30.305  221.0  143.0  237.0
30.305  221.0  143.0  237.0
30.345  225.0  137.0  224.0
30.364  226.0  136.0  218.0
30.384  229.0  136.0  214.0
30.404  233.0  137.0  212.0
30.404  233.0  137.0  212.0
30.424  236.0  138.0  209.0
30.443  242.0  139.0  204.0
30.464  247.0  138.0  200.0
30.483  253.0  136.0  193.0
30.483  253.0  136.0  193.0
30.502  256.0  138.0  186.0
30.523  258.0  136.0  181.0
30.542  260.0  140.0  177.0
30.562  261.0  143.0  176.0
30.562  261.0  143.0  176.0
30.581  264.0  146.0  176.0
30.602  267.0  153.0  176.0
30.641  278.0  166.0  176.0
30.641  278.0  166.0  176.0
30.661  282.0  173.0  176.0
30.681  284.0  177.0  174.0
30.7  286.0  182.0  173.0
30.72  286.0  187.0  173.0
30.72  286.0  187.0  173.0
30.74  285.0  196.0  173.0
30.759  285.0  203.0  175.0
30.779  285.0  211.0  177.0
30.779  285.0  211.0  177.0
30.799  285.0  224.0  179.0
30.819  285.0  235.0  180.0
30.838  284.0  245.0  181.0
30.859  284.0  255.0  181.0
30.859  284.0  255.0  181.0
30.878  281.0  261.0  182.0
30.898  279.0  266.0  183.0
30.917  277.0  273.0  185.0
30.938  275.0  280.0  189.0
30.938  275.0  280.0  189.0
30.977  274.0  299.0  199.0
30.997  273.0  310.0  205.0
31.016  272.0  320.0  209.0
31.036  270.0  326.0  213.0
31.036  270.0  326.0  213.0
31.056  268.0  330.0  216.0
31.076  266.0  331.0  221.0
31.095  264.0  332.0  226.0
31.095  264.0  332.0  226.0
31.115  262.0  333.0  231.0
31.135  261.0  338.0  237.0
31.155  260.0  340.0  245.0
31.174  261.0  345.0  253.0
31.174  261.0  345.0  253.0
31.214  261.0  351.0  266.0
31.234  260.0  352.0  270.0
31.253  257.0  352.0  274.0
31.273  254.0  351.0  279.0
31.273  254.0  351.0  279.0
31.293  249.0  353.0  284.0
31.312  244.0  354.0  290.0
31.333  240.0  355.0  298.0
31.333  240.0  355.0  298.0
31.352  237.0  358.0  305.0
31.372  237.0  357.0  311.0
31.392  236.0  355.0  315.0
31.412  233.0  351.0  315.0
31.412  233.0  351.0  315.0
31.431  229.0  347.0  315.0
31.451  223.0  339.0  315.0
31.471  217.0  332.0  313.0
31.491  210.0  325.0  313.0
31.491  210.0  325.0  313.0
31.531  200.0  314.0  314.0
31.55  197.0  308.0  314.0
31.569  197.0  298.0  313.0
31.569  197.0  298.0  313.0
31.59  196.0  290.0  310.0
31.609  197.0  281.0  307.0
31.629  194.0  270.0  304.0
31.648  193.0  257.0  302.0
31.648  193.0  257.0  302.0
31.669  193.0  246.0  299.0
31.688  191.0  234.0  298.0
31.708  192.0  226.0  297.0
31.728  194.0  218.0  296.0
31.728  194.0  218.0  296.0
31.748  196.0  213.0  293.0
31.767  198.0  208.0  291.0
31.787  198.0  198.0  288.0
31.826  199.0  178.0  276.0
31.826  199.0  178.0  276.0
31.846  200.0  166.0  270.0
31.866  201.0  158.0  267.0
31.886  204.0  152.0  263.0
31.886  204.0  152.0  263.0
31.905  206.0  150.0  260.0
31.926  210.0  148.0  255.0
31.945  214.0  149.0  250.0
31.965  217.0  147.0  245.0
31.965  217.0  147.0  245.0
31.984  220.0  144.0  238.0
32.005  222.0  142.0  231.0
32.024  223.0  139.0  226.0
32.044  225.0  136.0  219.0
32.044  225.0  136.0  219.0
32.083  231.0  137.0  213.0
32.103  234.0  139.0  209.0
32.123  239.0  139.0  206.0
32.123  239.0  139.0  206.0
32.143  245.0  138.0  200.0
32.162  250.0  138.0  195.0
32.182  255.0  138.0  188.0
32.202  257.0  137.0  182.0
32.202  257.0  137.0  182.0
32.222  259.0  139.0  178.0
32.241  260.0  142.0  176.0
32.262  262.0  145.0  176.0
32.281  266.0  151.0  176.0
32.281  266.0  151.0  176.0
32.301  269.0  157.0  177.0
32.321  275.0  163.0  176.0
32.34  280.0  169.0  175.0
32.34  280.0  169.0  175.0
32.36  284.0  174.0  173.0
32.379  286.0  179.0  173.0
32.419  285.0  193.0  173.0
32.439  285.0  200.0  175.0
32.439  285.0  200.0  175.0
32.459  285.0  208.0  176.0
32.479  284.0  219.0  177.0
32.498  284.0  230.0  179.0
32.498  284.0  230.0  179.0
32.518  284.0  242.0  181.0
32.538  283.0  252.0  181.0
32.558  281.0  259.0  181.0
32.577  279.0  264.0  182.0
32.577  279.0  264.0  182.0
32.598  277.0  271.0  184.0
32.617  275.0  276.0  187.0
32.657  273.0  295.0  196.0
32.676  272.0  307.0  202.0
32.676  272.0  307.0  202.0
32.696  272.0  317.0  208.0
32.715  270.0  324.0  211.0
32.736  268.0  327.0  214.0
32.755  266.0  330.0  219.0
32.755  266.0  330.0  219.0
32.775  264.0  331.0  223.0
32.795  262.0  332.0  228.0
32.815  260.0  335.0  235.0
32.834  259.0  339.0  242.0
32.834  259.0  339.0  242.0
32.855  260.0  342.0  250.0
32.874  261.0  346.0  257.0
32.893  261.0  350.0  264.0
32.893  261.0  350.0  264.0
32.913  259.0  351.0  269.0
32.933  258.0  350.0  272.0
32.972  250.0  351.0  281.0
32.993  245.0  352.0  287.0
32.993  245.0  352.0  287.0
33.012  241.0  354.0  294.0
33.032  238.0  356.0  302.0
33.051  237.0  356.0  309.0
33.072  236.0  355.0  313.0
33.072  236.0  355.0  313.0
33.091  234.0  352.0  314.0
33.111  230.0  347.0  315.0
33.131  225.0  341.0  314.0
33.15  219.0  334.0  313.0
33.15  219.0  334.0  313.0
33.17  211.0  326.0  313.0
33.19  205.0  319.0  313.0
33.21  201.0  314.0  313.0
33.21  201.0  314.0  313.0
33.229  198.0  310.0  313.0
33.249  197.0  302.0  313.0
33.269  196.0  293.0  311.0
33.308  194.0  273.0  305.0
33.308  194.0  273.0  305.0
33.329  193.0  261.0  302.0
33.348  193.0  249.0  299.0
33.368  192.0  237.0  298.0
33.368  192.0  237.0  298.0
33.388  192.0  227.0  297.0
33.408  193.0  221.0  296.0
33.427  195.0  214.0  294.0
33.446  197.0  208.0  292.0
33.446  197.0  208.0  292.0
33.467  198.0  201.0  289.0
33.486  198.0  192.0  284.0
33.506  199.0  180.0  278.0
33.526  200.0  170.0  272.0
33.526  200.0  170.0  272.0
33.546  201.0  160.0  268.0
33.586  206.0  151.0  261.0
33.605  209.0  148.0  256.0
33.625  213.0  147.0  252.0
33.625  213.0  147.0  252.0
33.644  216.0  147.0  246.0
33.665  220.0  144.0  241.0
33.684  222.0  142.0  233.0
33.703  223.0  140.0  227.0
33.703  223.0  140.0  227.0
33.724  225.0  138.0  221.0
33.743  227.0  136.0  217.0
33.763  230.0  137.0  213.0
33.763  230.0  137.0  213.0
33.782  233.0  139.0  210.0
33.803  238.0  140.0  207.0
33.842  250.0  139.0  197.0
33.862  253.0  138.0  190.0
33.862  253.0  138.0  190.0
33.882  256.0  137.0  184.0
33.901  258.0  138.0  180.0
33.922  259.0  142.0  176.0
33.922  259.0  142.0  176.0
33.941  261.0  145.0  176.0
33.96  264.0  149.0  177.0
33.98  268.0  156.0  177.0
34.0  273.0  162.0  176.0
34.0  273.0  162.0  176.0
34.02  279.0  169.0  176.0
34.039  283.0  175.0  175.0
34.06  285.0  177.0  174.0
34.079  286.0  182.0  172.0
34.079  286.0  182.0  172.0
34.099  286.0  190.0  172.0
34.119  285.0  198.0  174.0
34.139  285.0  205.0  176.0
34.178  285.0  227.0  180.0
34.178  285.0  227.0  180.0
34.198  285.0  239.0  181.0
34.217  284.0  249.0  182.0
34.237  283.0  256.0  181.0
34.257  280.0  262.0  182.0
34.257  280.0  262.0  182.0
34.277  278.0  270.0  184.0
34.296  276.0  275.0  187.0
34.317  274.0  283.0  191.0
34.317  274.0  283.0  191.0
34.336  274.0  291.0  196.0
34.356  274.0  303.0  201.0
34.375  273.0  314.0  206.0
34.396  271.0  322.0  210.0
34.396  271.0  322.0  210.0
34.415  269.0  327.0  214.0
34.455  265.0  329.0  222.0
34.475  263.0  331.0  227.0
34.475  263.0  331.0  227.0
34.494  261.0  335.0  233.0
34.513  260.0  339.0  240.0
34.534  260.0  341.0  249.0
34.553  261.0  345.0  256.0
34.553  261.0  345.0  256.0
34.573  261.0  349.0  262.0
34.593  260.0  349.0  267.0
34.613  258.0  350.0  272.0
34.632  255.0  351.0  276.0
34.632  255.0  351.0  276.0
34.653  251.0  351.0  281.0
34.672  246.0  351.0  287.0
34.692  242.0  353.0  293.0
34.692  242.0  353.0  293.0
34.732  237.0  355.0  307.0
34.751  236.0  355.0  312.0
34.77  234.0  352.0  314.0
34.791  231.0  349.0  314.0
34.791  231.0  349.0  314.0
34.81  225.0  341.0  314.0
34.83  220.0  336.0  313.0
34.85  212.0  327.0  313.0
34.87  206.0  320.0  313.0
34.87  206.0  320.0  313.0
34.889  201.0  315.0  313.0
34.909  198.0  310.0  313.0
34.929  197.0  303.0  313.0
34.949  196.0  294.0  311.0
34.949  196.0  294.0  311.0
34.968  195.0  286.0  308.0
34.989  194.0  276.0  306.0
35.008  193.0  263.0  303.0
35.008  193.0  263.0  303.0
35.027  192.0  250.0  300.0
35.067  218.0  230.0  287.0
35.087  213.0  225.0  282.0
35.106  211.0  221.0  279.0
35.106  211.0  221.0  279.0
35.127  209.0  215.0  277.0
35.146  208.0  209.0  273.0
35.166  207.0  201.0  268.0
35.186  205.0  193.0  263.0
35.186  205.0  193.0  263.0
35.206  205.0  183.0  257.0
35.225  204.0  174.0  253.0
35.245  205.0  168.0  251.0
35.265  205.0  165.0  248.0
35.265  205.0  165.0  248.0
35.284  206.0  163.0  244.0
35.304  207.0  139.0  240.0
35.324  192.0  132.0  234.0
35.324  192.0  132.0  234.0
35.363  207.0  129.0  223.0
35.384  211.0  129.0  217.0
35.403  214.0  129.0  213.0
35.423  217.0  127.0  209.0
35.423  217.0  127.0  209.0
35.442  222.0  128.0  206.0
35.463  226.0  132.0  204.0
35.482  230.0  131.0  201.0
35.502  236.0  132.0  197.0
35.502  236.0  132.0  197.0
35.522  242.0  131.0  192.0
35.542  248.0  132.0  186.0
35.561  251.0  132.0  179.0
35.561  251.0  132.0  179.0
35.581  253.0  133.0  175.0
35.62  256.0  139.0  171.0
35.64  259.0  144.0  170.0
35.66  262.0  149.0  172.0
35.66  262.0  149.0  172.0
35.68  268.0  155.0  172.0
35.699  274.0  162.0  171.0
35.72  279.0  169.0  171.0
35.739  281.0  173.0  169.0
35.739  281.0  173.0  169.0
35.759  281.0  178.0  169.0
35.778  282.0  185.0  168.0
35.799  281.0  193.0  170.0
35.799  281.0  193.0  170.0
35.818  280.0  201.0  172.0
35.837  281.0  210.0  174.0
35.858  281.0  222.0  176.0
35.877  281.0  234.0  177.0
35.877  281.0  234.0  177.0
35.897  280.0  244.0  177.0
35.917  280.0  253.0  178.0
35.956  275.0  265.0  181.0
35.976  274.0  272.0  183.0
35.976  274.0  272.0  183.0
35.996  273.0  278.0  187.0
36.016  272.0  287.0  192.0
36.035  272.0  298.0  197.0
36.056  271.0  310.0  203.0
36.056  271.0  310.0  203.0
36.075  270.0  318.0  207.0
36.094  268.0  325.0  211.0
36.115  266.0  328.0  214.0
36.134  264.0  331.0  219.0
36.134  264.0  331.0  219.0
36.154  263.0  331.0  225.0
36.173  262.0  332.0  230.0
36.194  260.0  337.0  237.0
36.213  260.0  341.0  246.0
36.213  260.0  341.0  246.0
36.233  261.0  344.0  253.0
36.273  262.0  352.0  267.0
36.292  260.0  352.0  272.0
36.292  260.0  352.0  272.0
36.312  258.0  353.0  276.0
36.332  255.0  353.0  280.0
36.352  248.0  354.0  286.0
36.371  245.0  356.0  292.0
36.371  245.0  356.0  292.0
36.391  242.0  358.0  299.0
36.411  240.0  358.0  307.0
36.43  238.0  358.0  312.0
36.43  238.0  358.0  312.0
36.451  237.0  356.0  316.0
36.47  234.0  352.0  317.0
36.509  225.0  340.0  316.0
36.53  217.0  334.0  315.0
36.53  217.0  334.0  315.0
36.549  210.0  324.0  314.0
36.569  205.0  318.0  314.0
36.589  200.0  314.0  314.0
36.609  199.0  308.0  315.0
36.609  199.0  308.0  315.0
36.628  197.0  299.0  314.0
36.648  197.0  290.0  311.0
36.668  196.0  282.0  308.0
36.687  194.0  271.0  305.0
36.687  194.0  271.0  305.0
36.707  193.0  259.0  302.0
36.727  192.0  246.0  300.0
36.747  192.0  234.0  298.0
36.747  192.0  234.0  298.0
36.766  192.0  225.0  297.0
36.787  194.0  219.0  296.0
36.826  197.0  205.0  292.0
36.846  198.0  198.0  288.0
36.846  198.0  198.0  288.0
36.866  199.0  189.0  283.0
36.885  199.0  178.0  277.0
36.904  200.0  167.0  271.0
36.925  202.0  158.0  267.0
36.925  202.0  158.0  267.0
36.944  204.0  151.0  263.0
36.964  206.0  151.0  260.0
36.984  209.0  147.0  255.0
37.004  213.0  147.0  251.0
37.004  213.0  147.0  251.0
37.023  216.0  146.0  245.0
37.043  220.0  143.0  239.0
37.063  222.0  140.0  232.0
37.063  222.0  140.0  232.0
37.083  223.0  138.0  225.0
37.102  225.0  135.0  219.0
37.123  227.0  135.0  215.0
37.161  234.0  136.0  209.0
37.161  234.0  136.0  209.0
37.182  239.0  138.0  206.0
37.201  244.0  137.0  201.0
37.221  250.0  137.0  195.0
37.24  255.0  137.0  189.0
37.24  255.0  137.0  189.0
37.261  257.0  137.0  182.0
37.28  259.0  138.0  179.0
37.3  260.0  141.0  176.0
37.32  262.0  145.0  175.0
37.32  262.0  145.0  175.0
37.34  265.0  150.0  176.0
37.359  269.0  157.0  176.0
37.38  275.0  161.0  175.0
37.38  275.0  161.0  175.0
37.399  280.0  169.0  175.0
37.419  283.0  173.0  174.0
37.458  286.0  184.0  172.0
37.478  285.0  192.0  173.0
37.478  285.0  192.0  173.0
37.497  286.0  200.0  175.0
37.518  285.0  209.0  177.0
37.537  286.0  219.0  178.0
37.557  286.0  231.0  180.0
37.557  286.0  231.0  180.0
37.576  285.0  242.0  181.0
37.597  284.0  252.0  181.0
37.616  282.0  259.0  182.0
37.616  282.0  259.0  182.0
37.636  280.0  265.0  182.0
37.656  278.0  271.0  184.0
37.676  276.0  277.0  187.0
37.715  275.0  295.0  197.0
37.715  275.0  295.0  197.0
37.735  274.0  307.0  203.0
37.754  272.0  318.0  208.0
37.774  271.0  324.0  212.0
37.794  269.0  328.0  215.0
37.794  269.0  328.0  215.0
37.814  267.0  330.0  218.0
37.833  265.0  333.0  224.0
37.854  263.0  332.0  229.0
37.873  261.0  336.0  235.0
37.873  261.0  336.0  235.0
37.893  260.0  339.0  242.0
37.913  261.0  343.0  250.0
37.933  261.0  348.0  258.0
37.952  261.0  352.0  264.0
37.952  261.0  352.0  264.0
37.971  261.0  352.0  270.0
37.992  258.0  352.0  274.0
38.011  255.0  352.0  278.0
38.031  251.0  353.0  283.0
38.031  251.0  353.0  283.0
38.071  242.0  356.0  295.0
38.09  239.0  357.0  303.0
38.111  238.0  357.0  310.0
38.111  238.0  357.0  310.0
38.13  237.0  356.0  314.0
38.15  234.0  353.0  315.0
38.169  231.0  349.0  316.0
38.19  225.0  341.0  315.0
38.19  225.0  341.0  315.0
38.209  219.0  336.0  313.0
38.228  211.0  327.0  314.0
38.249  206.0  320.0  314.0
38.268  201.0  316.0  314.0
38.268  201.0  316.0  314.0
38.288  198.0  311.0  314.0
38.307  197.0  303.0  315.0
38.328  196.0  292.0  312.0
38.347  196.0  283.0  309.0
38.347  196.0  283.0  309.0
38.387  193.0  261.0  303.0
38.407  192.0  248.0  301.0
38.426  192.0  237.0  299.0
38.426  192.0  237.0  299.0
38.447  192.0  229.0  298.0
38.466  193.0  221.0  297.0
38.486  195.0  215.0  295.0
38.505  196.0  209.0  293.0
38.505  196.0  209.0  293.0
38.525  198.0  200.0  289.0
38.545  199.0  192.0  285.0
38.564  200.0  180.0  279.0
38.585  201.0  169.0  273.0
38.585  201.0  169.0  273.0
38.604  202.0  159.0  268.0
38.624  204.0  152.0  264.0
38.644  207.0  150.0  261.0
38.664  211.0  148.0  257.0
38.664  211.0  148.0  257.0
38.703  217.0  147.0  247.0
38.723  220.0  143.0  240.0
38.743  223.0  141.0  233.0
38.743  223.0  141.0  233.0
38.762  224.0  139.0  226.0
38.782  225.0  137.0  221.0
38.802  228.0  134.0  216.0
38.821  231.0  137.0  213.0
38.821  231.0  137.0  213.0
38.841  234.0  138.0  210.0
38.861  239.0  138.0  206.0
38.881  245.0  139.0  202.0
38.9  250.0  138.0  196.0
38.9  250.0  138.0  196.0
38.921  254.0  138.0  189.0
38.94  257.0  136.0  183.0
38.96  259.0  137.0  179.0
38.98  260.0  141.0  176.0
38.98  260.0  141.0  176.0
39.0  262.0  146.0  176.0
39.038  270.0  155.0  176.0
39.059  275.0  162.0  176.0
39.078  280.0  169.0  175.0
39.078  280.0  169.0  175.0
39.098  284.0  174.0  174.0
39.118  286.0  178.0  172.0
39.138  287.0  184.0  172.0
39.157  286.0  192.0  173.0
39.157  286.0  192.0  173.0
39.178  285.0  200.0  174.0
39.197  285.0  208.0  176.0
39.217  285.0  217.0  178.0
39.236  285.0  229.0  179.0
39.236  285.0  229.0  179.0
39.257  285.0  241.0  180.0
39.276  285.0  250.0  181.0
39.296  283.0  257.0  181.0
39.296  283.0  257.0  181.0
39.335  278.0  271.0  184.0
39.355  276.0  277.0  187.0
39.375  275.0  285.0  191.0
39.395  275.0  294.0  196.0
39.395  275.0  294.0  196.0
39.414  273.0  306.0  202.0
39.434  273.0  317.0  207.0
39.454  271.0  324.0  211.0
39.474  269.0  329.0  214.0
39.474  269.0  329.0  214.0
39.493  267.0  330.0  218.0
39.514  265.0  332.0  223.0
39.533  263.0  333.0  229.0
39.533  263.0  333.0  229.0
39.553  261.0  337.0  234.0
39.592  261.0  344.0  250.0
39.612  262.0  348.0  258.0
39.631  262.0  352.0  264.0
39.631  262.0  352.0  264.0
39.652  261.0  352.0  269.0
39.671  259.0  353.0  274.0
39.691  256.0  353.0  278.0
39.711  252.0  353.0  283.0
39.711  252.0  353.0  283.0
39.731  247.0  355.0  289.0
39.75  243.0  357.0  296.0
39.77  240.0  357.0  303.0
39.79  238.0  358.0  310.0
39.79  238.0  358.0  310.0
39.81  237.0  357.0  314.0
39.829  235.0  353.0  316.0
39.849  232.0  351.0  317.0
39.849  232.0  351.0  317.0
39.869  227.0  343.0  316.0
39.888  221.0  336.0  315.0
39.928  207.0  322.0  315.0
39.948  203.0  316.0  315.0
39.948  203.0  316.0  315.0
39.967  200.0  312.0  316.0
39.988  200.0  305.0  316.0
40.007  199.0  295.0  314.0
40.027  199.0  287.0  311.0
40.027  199.0  287.0  311.0
40.047  197.0  277.0  308.0
40.067  196.0  264.0  305.0
40.086  194.0  253.0  303.0
40.105  194.0  240.0  301.0
40.105  194.0  240.0  301.0
40.126  194.0  231.0  300.0
40.145  196.0  223.0  298.0
40.165  197.0  218.0  297.0
40.185  198.0  210.0  295.0
40.185  198.0  210.0  295.0
40.205  200.0  202.0  291.0
40.224  200.0  194.0  286.0
40.264  202.0  171.0  275.0
40.264  202.0  171.0  275.0
40.284  203.0  161.0  269.0
40.303  204.0  155.0  265.0
40.324  207.0  150.0  262.0
40.343  210.0  149.0  258.0
40.343  210.0  149.0  258.0
40.363  213.0  148.0  253.0
40.383  217.0  147.0  249.0
40.402  221.0  144.0  242.0
40.422  223.0  143.0  235.0
40.422  223.0  143.0  235.0
40.442  225.0  140.0  229.0
40.462  227.0  139.0  223.0
40.481  228.0  138.0  218.0
40.501  232.0  137.0  215.0
40.501  232.0  137.0  215.0
40.521  235.0  138.0  211.0
40.541  239.0  140.0  208.0
40.56  245.0  139.0  204.0
40.6  255.0  140.0  192.0
40.6  255.0  140.0  192.0
40.62  258.0  138.0  185.0
40.64  259.0  139.0  181.0
40.659  261.0  142.0  178.0
40.659  261.0  142.0  178.0
40.679  263.0  146.0  177.0
40.698  265.0  151.0  177.0
40.719  269.0  157.0  178.0
40.738  275.0  162.0  178.0
40.738  275.0  162.0  178.0
40.758  280.0  169.0  177.0
40.778  284.0  176.0  176.0
40.798  287.0  179.0  175.0
40.817  287.0  185.0  173.0
40.817  287.0  185.0  173.0
40.857  286.0  199.0  175.0
40.877  286.0  207.0  177.0
40.896  286.0  217.0  179.0
40.896  286.0  217.0  179.0
40.916  286.0  229.0  181.0
40.936  285.0  240.0  182.0
40.955  286.0  250.0  183.0
40.976  285.0  257.0  183.0
40.976  285.0  257.0  183.0
40.995  282.0  264.0  183.0
41.015  280.0  271.0  185.0
41.034  278.0  275.0  188.0
41.055  276.0  285.0  192.0
41.055  276.0  285.0  192.0
41.074  276.0  292.0  196.0
41.094  276.0  303.0  202.0
41.114  275.0  315.0  208.0
41.153  272.0  328.0  215.0
41.153  272.0  328.0  215.0
41.174  269.0  331.0  219.0
41.193  267.0  333.0  223.0
41.212  264.0  333.0  228.0
41.212  264.0  333.0  228.0
41.232  263.0  334.0  234.0
41.252  261.0  338.0  240.0
41.272  261.0  342.0  248.0
41.291  262.0  345.0  256.0
41.291  262.0  345.0  256.0
41.312  263.0  349.0  262.0
41.331  261.0  352.0  268.0
41.351  259.0  351.0  272.0
41.37  257.0  352.0  276.0
41.37  257.0  352.0  276.0
41.391  253.0  352.0  280.0
41.41  247.0  352.0  286.0
41.43  243.0  354.0  292.0
41.45  240.0  357.0  307.0
41.469  238.0  357.0  307.0
41.489  237.0  356.0  312.0
41.509  235.0  353.0  315.0
41.529  232.0  350.0  316.0
41.529  232.0  350.0  316.0
41.548  228.0  344.0  315.0
41.568  222.0  337.0  314.0
41.588  216.0  330.0  314.0
41.608  209.0  322.0  314.0
41.608  209.0  322.0  314.0
41.627  204.0  318.0  314.0
41.648  200.0  313.0  315.0
41.667  199.0  307.0  315.0
41.667  199.0  307.0  315.0
41.687  197.0  299.0  313.0
41.707  197.0  289.0  311.0
41.726  196.0  280.0  308.0
41.765  194.0  256.0  302.0
41.765  194.0  256.0  302.0
41.765  194.0  256.0  302.0
41.805  193.0  234.0  298.0
41.825  193.0  227.0  297.0
41.845  195.0  218.0  296.0
41.845  195.0  218.0  296.0
41.865  197.0  213.0  293.0
41.884  198.0  206.0  290.0
41.905  199.0  198.0  285.0
41.924  200.0  189.0  280.0
41.924  200.0  189.0  280.0
41.944  200.0  180.0  274.0
41.963  201.0  169.0  270.0
41.984  202.0  163.0  266.0
42.003  204.0  158.0  264.0
42.022  207.0  156.0  261.0
42.022  207.0  156.0  261.0
42.062  213.0  155.0  253.0
42.082  216.0  154.0  248.0
42.082  216.0  154.0  248.0
42.101  219.0  150.0  242.0
42.122  221.0  147.0  235.0
42.141  221.0  145.0  229.0
42.161  222.0  142.0  224.0
42.161  222.0  142.0  224.0
42.181  225.0  140.0  220.0
42.201  227.0  140.0  216.0
42.22  231.0  141.0  213.0
42.22  231.0  141.0  213.0
42.241  236.0  141.0  209.0
42.26  242.0  140.0  204.0
42.279  246.0  139.0  199.0
42.299  251.0  139.0  192.0
42.299  251.0  139.0  192.0
42.319  253.0  138.0  186.0
42.358  256.0  142.0  179.0
42.379  258.0  145.0  179.0
42.398  262.0  150.0  180.0
42.398  262.0  150.0  180.0
42.418  266.0  157.0  180.0
42.438  273.0  162.0  180.0
42.458  278.0  167.0  179.0
42.477  282.0  174.0  178.0
42.477  282.0  174.0  178.0
42.497  284.0  176.0  176.0
42.517  284.0  181.0  175.0
42.536  283.0  189.0  175.0
42.556  283.0  195.0  176.0
42.556  283.0  195.0  176.0
42.576  282.0  203.0  177.0
42.596  282.0  214.0  179.0
42.615  283.0  224.0  180.0
42.615  283.0  224.0  180.0
42.635  282.0  235.0  181.0
42.655  281.0  245.0  181.0
42.694  279.0  257.0  182.0
42.715  276.0  263.0  183.0
42.715  276.0  263.0  183.0
42.734  274.0  268.0  185.0
42.754  273.0  275.0  189.0
42.774  273.0  284.0  193.0
42.793  272.0  295.0  199.0
42.793  272.0  295.0  199.0
42.813  271.0  305.0  203.0
42.832  270.0  313.0  207.0
42.853  268.0  320.0  210.0
42.872  266.0  322.0  214.0
42.872  266.0  322.0  214.0
42.892  263.0  322.0  217.0
42.912  260.0  322.0  221.0
42.951  256.0  326.0  232.0
42.951  256.0  326.0  232.0
42.972  255.0  330.0  239.0
42.991  255.0  334.0  246.0
43.011  256.0  336.0  252.0
43.03  255.0  339.0  257.0
43.03  255.0  339.0  257.0
43.051  253.0  339.0  261.0
43.07  251.0  338.0  264.0
43.089  247.0  339.0  268.0
43.11  242.0  340.0  273.0
43.11  242.0  340.0  273.0
43.129  238.0  342.0  279.0
43.149  234.0  344.0  286.0
43.169  232.0  345.0  293.0
43.189  231.0  346.0  299.0
43.189  231.0  346.0  299.0
43.208  230.0  345.0  303.0
43.248  225.0  338.0  304.0
43.268  219.0  332.0  303.0
43.268  219.0  332.0  303.0
43.287  213.0  326.0  303.0
43.308  206.0  318.0  304.0
43.327  201.0  313.0  303.0
43.346  197.0  311.0  304.0
43.346  197.0  311.0  304.0
43.366  195.0  305.0  305.0
43.386  194.0  297.0  304.0
43.406  193.0  289.0  303.0
43.425  193.0  279.0  300.0
43.425  193.0  279.0  300.0
43.446  191.0  270.0  298.0
43.465  190.0  258.0  295.0
43.485  189.0  246.0  294.0
43.505  189.0  236.0  292.0
43.505  189.0  236.0  292.0
43.525  189.0  228.0  291.0
43.544  190.0  221.0  291.0
43.584  193.0  209.0  287.0
43.603  194.0  200.0  283.0
43.603  194.0  200.0  283.0
43.623  194.0  192.0  278.0
43.643  195.0  181.0  273.0
43.663  195.0  170.0  268.0
43.663  195.0  170.0  268.0
43.682  196.0  161.0  263.0
43.703  198.0  154.0  260.0
43.722  201.0  152.0  258.0
43.742  203.0  150.0  253.0
43.742  203.0  150.0  253.0
43.761  207.0  151.0  249.0
43.782  209.0  149.0  245.0
43.801  213.0  145.0  239.0
43.821  216.0  143.0  232.0
43.821  216.0  143.0  232.0
43.841  217.0  140.0  226.0
43.86  218.0  139.0  220.0
43.899  223.0  138.0  213.0
43.92  226.0  138.0  210.0
43.92  226.0  138.0  210.0
43.939  231.0  138.0  207.0
43.959  236.0  139.0  203.0
43.979  241.0  138.0  197.0
43.979  241.0  138.0  197.0
43.999  246.0  135.0  191.0
44.018  249.0  136.0  185.0
44.039  251.0  136.0  180.0
44.058  252.0  138.0  177.0
44.058  252.0  138.0  177.0
44.078  254.0  141.0  177.0
44.097  257.0  145.0  176.0
44.118  261.0  151.0  176.0
44.137  266.0  156.0  177.0
44.137  266.0  156.0  177.0
44.177  276.0  167.0  174.0
44.196  279.0  171.0  173.0
44.216  280.0  175.0  172.0
44.216  280.0  175.0  172.0
44.236  280.0  181.0  171.0
44.256  279.0  190.0  173.0
44.275  279.0  196.0  174.0
44.295  280.0  205.0  176.0
44.295  280.0  205.0  176.0
44.315  280.0  216.0  177.0
44.335  280.0  228.0  178.0
44.354  280.0  238.0  179.0
44.354  280.0  238.0  179.0
44.375  279.0  246.0  179.0
44.394  277.0  252.0  180.0
44.413  275.0  256.0  181.0
44.453  272.0  270.0  185.0
44.453  272.0  270.0  185.0
44.473  271.0  278.0  190.0
44.492  271.0  288.0  195.0
44.513  270.0  300.0  200.0
44.532  269.0  309.0  205.0
44.532  269.0  309.0  205.0
44.552  268.0  317.0  208.0
44.572  265.0  319.0  211.0
44.592  263.0  320.0  214.0
44.611  260.0  322.0  219.0
44.611  260.0  322.0  219.0
44.631  258.0  320.0  223.0
44.651  256.0  325.0  229.0
44.67  254.0  328.0  235.0
44.69  254.0  332.0  242.0
44.69  254.0  332.0  242.0
44.71  255.0  334.0  248.0
44.73  255.0  338.0  254.0
44.749  253.0  339.0  258.0
44.789  249.0  339.0  266.0
44.789  249.0  339.0  266.0
44.809  243.0  341.0  270.0
44.828  239.0  343.0  276.0
44.849  236.0  344.0  283.0
44.868  233.0  346.0  291.0
44.868  233.0  346.0  291.0
44.888  232.0  346.0  297.0
44.908  231.0  346.0  302.0
44.928  230.0  343.0  304.0
44.928  230.0  343.0  304.0
44.947  227.0  339.0  304.0
44.967  222.0  334.0  303.0
44.987  216.0  329.0  302.0
45.006  209.0  321.0  303.0
45.006  209.0  321.0  303.0
45.026  203.0  316.0  303.0
45.046  199.0  310.0  304.0
45.066  196.0  307.0  305.0
45.085  194.0  301.0  305.0
45.085  194.0  301.0  305.0
45.125  194.0  284.0  301.0
45.145  192.0  277.0  298.0
45.164  191.0  266.0  296.0
45.164  191.0  266.0  296.0
45.185  190.0  253.0  295.0
45.204  189.0  242.0  293.0
45.223  189.0  233.0  292.0
45.244  189.0  224.0  291.0
45.244  189.0  224.0  291.0
45.263  191.0  219.0  290.0
45.283  192.0  212.0  288.0
45.303  193.0  206.0  286.0
45.303  193.0  206.0  286.0
45.323  194.0  197.0  282.0
45.362  195.0  178.0  271.0
45.382  195.0  166.0  266.0
45.402  197.0  158.0  263.0
45.402  197.0  158.0  263.0
45.421  199.0  153.0  260.0
45.442  201.0  151.0  256.0
45.461  205.0  149.0  252.0
45.48  207.0  149.0  248.0
45.48  207.0  149.0  248.0
45.501  211.0  147.0  243.0
45.52  214.0  144.0  237.0
45.54  216.0  141.0  230.0
45.559  217.0  139.0  224.0
45.559  217.0  139.0  224.0
45.58  218.0  137.0  218.0
45.599  221.0  136.0  215.0
45.619  224.0  136.0  212.0
45.619  224.0  136.0  212.0
45.639  227.0  138.0  209.0
45.678  237.0  137.0  202.0
45.699  243.0  135.0  196.0
45.718  247.0  136.0  190.0
45.718  247.0  136.0  190.0
45.737  249.0  135.0  184.0
45.757  251.0  136.0  179.0
45.777  252.0  139.0  177.0
45.797  254.0  141.0  176.0
45.797  254.0  141.0  176.0
45.816  257.0  146.0  176.0
45.837  260.0  151.0  177.0
45.856  265.0  156.0  177.0
45.876  271.0  162.0  175.0
45.876  271.0  162.0  175.0
45.895  275.0  167.0  175.0
45.916  279.0  171.0  173.0
45.935  279.0  175.0  172.0
45.935  279.0  175.0  172.0
45.955  279.0  182.0  172.0
45.995  278.0  197.0  175.0
46.014  279.0  205.0  176.0
46.034  280.0  215.0  177.0
46.034  280.0  215.0  177.0
46.054  280.0  226.0  178.0
46.073  279.0  237.0  179.0
46.093  279.0  244.0  179.0
46.113  277.0  251.0  180.0
46.113  277.0  251.0  180.0
46.133  275.0  256.0  180.0
46.152  273.0  262.0  182.0
46.173  272.0  269.0  185.0
46.173  272.0  269.0  185.0
46.192  271.0  277.0  189.0
46.212  271.0  287.0  194.0
46.252  270.0  308.0  204.0
46.271  268.0  314.0  207.0
46.271  268.0  314.0  207.0
46.29  265.0  319.0  210.0
46.311  264.0  319.0  213.0
46.33  261.0  320.0  218.0
46.35  258.0  320.0  222.0
46.35  258.0  320.0  222.0
46.37  256.0  324.0  227.0
46.39  254.0  326.0  234.0
46.409  254.0  331.0  241.0
46.429  255.0  334.0  248.0
46.429  255.0  334.0  248.0
46.449  256.0  337.0  253.0
46.469  254.0  339.0  258.0
46.488  252.0  339.0  262.0
46.488  252.0  339.0  262.0
46.509  250.0  339.0  265.0
46.528  245.0  341.0  270.0
46.568  236.0  345.0  282.0
46.587  233.0  346.0  290.0
46.607  232.0  348.0  297.0
46.607  232.0  348.0  297.0
46.626  231.0  347.0  302.0
46.647  230.0  344.0  305.0
46.666  228.0  341.0  305.0
46.666  228.0  341.0  305.0
46.686  223.0  336.0  304.0
46.706  217.0  331.0  303.0
46.726  210.0  323.0  303.0
46.745  203.0  317.0  303.0
46.745  203.0  317.0  303.0
46.766  198.0  312.0  304.0
46.785  195.0  307.0  305.0
46.804  194.0  302.0  305.0
46.824  194.0  294.0  304.0
46.824  194.0  294.0  304.0
46.844  193.0  286.0  302.0
46.883  192.0  267.0  297.0
46.904  190.0  255.0  295.0
46.904  190.0  255.0  295.0
46.923  189.0  244.0  293.0
46.943  189.0  234.0  292.0
46.962  189.0  227.0  291.0
46.983  191.0  220.0  290.0
46.983  191.0  220.0  290.0
47.002  192.0  214.0  288.0
47.022  193.0  207.0  286.0
47.042  194.0  199.0  282.0
47.062  194.0  190.0  277.0
47.062  194.0  190.0  277.0
47.081  194.0  180.0  272.0
47.101  195.0  169.0  267.0
47.121  196.0  160.0  263.0
47.14  198.0  153.0  260.0
47.14  198.0  153.0  260.0
47.16  201.0  152.0  257.0
47.18  203.0  150.0  253.0
47.219  210.0  148.0  244.0
47.219  210.0  148.0  244.0
47.24  213.0  145.0  239.0
47.259  216.0  142.0  231.0
47.279  216.0  140.0  225.0
47.299  218.0  138.0  219.0
47.299  218.0  138.0  219.0
47.319  220.0  137.0  216.0
47.338  223.0  136.0  213.0
47.357  226.0  137.0  210.0
47.378  231.0  138.0  207.0
47.378  231.0  138.0  207.0
47.397  236.0  137.0  203.0
47.417  241.0  137.0  198.0
47.437  245.0  136.0  192.0
47.457  249.0  135.0  186.0
47.476  250.0  137.0  181.0
47.497  252.0  139.0  178.0
47.516  254.0  141.0  178.0
47.536  256.0  145.0  177.0
47.536  256.0  145.0  177.0
47.555  259.0  151.0  177.0
47.576  265.0  154.0  178.0
47.595  270.0  160.0  176.0
47.614  275.0  165.0  175.0
47.614  275.0  165.0  175.0
47.635  278.0  169.0  174.0
47.654  279.0  174.0  173.0
47.674  279.0  180.0  171.0
47.693  279.0  188.0  172.0
47.693  279.0  188.0  172.0
47.714  278.0  194.0  174.0
47.733  279.0  203.0  175.0
47.773  279.0  224.0  178.0
47.773  279.0  224.0  178.0
47.793  279.0  234.0  179.0
47.812  279.0  243.0  179.0
47.833  277.0  249.0  179.0
47.852  275.0  256.0  180.0
47.852  275.0  256.0  180.0
47.872  273.0  261.0  182.0
47.891  272.0  267.0  184.0
47.911  271.0  275.0  187.0
47.911  271.0  275.0  187.0
47.931  271.0  284.0  192.0
47.95  270.0  295.0  198.0
47.971  269.0  305.0  202.0
47.99  267.0  311.0  205.0
47.99  267.0  311.0  205.0
48.01  266.0  317.0  209.0
48.03  264.0  318.0  212.0
48.069  258.0  319.0  220.0
48.089  256.0  321.0  225.0
48.089  256.0  321.0  225.0
48.109  254.0  325.0  231.0
48.129  254.0  328.0  238.0
48.148  254.0  331.0  244.0
48.148  254.0  331.0  244.0
48.168  254.0  335.0  250.0
48.188  253.0  336.0  255.0
48.207  252.0  337.0  259.0
48.228  249.0  338.0  263.0
48.228  249.0  338.0  263.0
48.228  249.0  338.0  263.0
48.267  240.0  340.0  272.0
48.286  237.0  341.0  277.0
48.286  237.0  341.0  277.0
48.326  232.0  346.0  292.0
48.346  231.0  347.0  298.0
48.366  230.0  343.0  302.0
48.386  228.0  341.0  303.0
48.386  228.0  341.0  303.0
48.405  224.0  337.0  302.0
48.424  218.0  332.0  302.0
48.445  211.0  325.0  302.0
48.464  205.0  319.0  302.0
48.464  205.0  319.0  302.0
48.484  200.0  314.0  303.0
48.504  196.0  308.0  304.0
48.524  194.0  304.0  304.0
48.524  194.0  304.0  304.0
48.543  194.0  297.0  304.0
48.564  193.0  288.0  301.0
48.583  192.0  281.0  299.0
48.603  190.0  270.0  297.0
48.622  190.0  260.0  295.0
48.622  190.0  260.0  295.0
48.662  188.0  237.0  292.0
48.681  188.0  229.0  291.0
48.702  189.0  223.0  290.0
48.702  189.0  223.0  290.0
48.721  191.0  215.0  289.0
48.741  192.0  209.0  287.0
48.761  193.0  203.0  283.0
48.781  193.0  193.0  279.0
48.781  193.0  193.0  279.0
48.8  194.0  184.0  274.0
48.82  194.0  174.0  268.0
48.84  195.0  163.0  265.0
48.86  197.0  156.0  261.0
48.86  197.0  156.0  261.0
48.879  200.0  152.0  258.0
48.9  202.0  151.0  255.0
48.939  208.0  150.0  246.0
48.958  211.0  146.0  241.0
48.958  211.0  146.0  241.0
48.978  214.0  143.0  234.0
48.998  216.0  142.0  228.0
49.017  216.0  139.0  222.0
49.038  218.0  137.0  218.0
49.038  218.0  137.0  218.0
49.057  221.0  136.0  215.0
49.077  224.0  137.0  211.0
49.097  228.0  139.0  209.0
49.097  228.0  139.0  209.0
49.117  233.0  138.0  205.0
49.136  239.0  137.0  200.0
49.156  244.0  136.0  195.0
49.176  247.0  135.0  188.0
49.176  247.0  135.0  188.0
49.196  250.0  134.0  183.0
49.215  252.0  135.0  179.0
49.235  253.0  140.0  176.0
49.274  258.0  146.0  176.0
49.274  258.0  146.0  176.0
49.295  262.0  152.0  177.0
49.314  267.0  158.0  176.0
49.334  272.0  164.0  176.0
49.353  276.0  168.0  174.0
49.353  276.0  168.0  174.0
49.374  278.0  172.0  173.0
49.393  279.0  176.0  172.0
49.413  279.0  183.0  172.0
49.433  278.0  190.0  173.0
49.433  278.0  190.0  173.0
49.453  278.0  197.0  175.0
49.472  279.0  207.0  176.0
49.491  279.0  217.0  178.0
49.512  279.0  228.0  178.0
49.512  279.0  228.0  178.0
49.531  279.0  238.0  179.0
49.551  278.0  244.0  178.0
49.571  276.0  252.0  179.0
49.591  274.0  257.0  180.0
49.591  274.0  257.0  180.0
49.61  273.0  264.0  183.0
49.65  271.0  279.0  190.0
49.67  271.0  289.0  195.0
49.689  270.0  299.0  200.0
49.689  270.0  299.0  200.0
49.71  269.0  309.0  204.0
49.729  267.0  315.0  207.0
49.748  265.0  318.0  210.0
49.748  265.0  318.0  210.0
49.769  262.0  319.0  214.0
49.788  259.0  320.0  218.0
49.808  257.0  320.0  222.0
49.828  255.0  323.0  228.0
49.848  254.0  326.0  235.0
49.848  254.0  326.0  235.0
49.867  254.0  330.0  241.0
49.887  255.0  333.0  247.0
49.907  255.0  337.0  253.0
49.907  255.0  337.0  253.0
49.927  253.0  337.0  257.0
49.946  251.0  338.0  260.0
49.986  243.0  339.0  269.0
50.006  239.0  341.0  275.0
50.006  239.0  341.0  275.0
50.026  235.0  343.0  281.0
50.045  232.0  344.0  289.0
50.065  232.0  345.0  295.0
50.084  231.0  344.0  300.0
50.084  231.0  344.0  300.0
50.105  229.0  342.0  302.0
50.124  226.0  339.0  303.0
50.144  221.0  333.0  302.0
50.164  215.0  329.0  301.0
50.164  215.0  329.0  301.0
50.184  209.0  322.0  302.0
50.203  202.0  314.0  302.0
50.223  198.0  311.0  303.0
50.223  198.0  311.0  303.0
50.243  195.0  306.0  304.0
50.282  192.0  293.0  303.0
50.302  192.0  284.0  301.0
50.322  191.0  275.0  298.0
50.322  191.0  275.0  298.0
50.341  190.0  266.0  295.0
50.362  189.0  253.0  293.0
50.381  188.0  240.0  292.0
50.381  188.0  240.0  292.0
50.401  188.0  232.0  290.0
50.42  188.0  225.0  290.0
50.441  190.0  218.0  290.0
50.46  191.0  212.0  287.0
50.46  191.0  212.0  287.0
50.48  192.0  206.0  284.0
50.5  193.0  197.0  280.0
50.539  194.0  176.0  270.0
50.56  194.0  165.0  265.0
50.56  194.0  165.0  265.0
50.579  196.0  158.0  261.0
50.598  199.0  152.0  259.0
50.618  201.0  150.0  256.0
50.618  201.0  150.0  256.0
50.638  204.0  149.0  251.0
50.658  207.0  149.0  247.0
50.677  210.0  147.0  242.0
50.698  214.0  143.0  236.0
50.698  214.0  143.0  236.0
50.717  215.0  142.0  228.0
50.737  216.0  139.0  223.0
50.757  218.0  135.0  218.0
50.777  221.0  137.0  214.0
50.777  221.0  137.0  214.0
50.796  224.0  137.0  212.0
50.816  228.0  138.0  209.0
50.836  232.0  139.0  205.0
50.875  243.0  137.0  196.0
50.875  243.0  137.0  196.0
50.895  247.0  136.0  189.0
50.915  249.0  135.0  182.0
50.934  251.0  135.0  178.0
50.954  253.0  140.0  176.0
50.954  253.0  140.0  176.0
50.974  254.0  143.0  176.0
50.994  257.0  146.0  176.0
51.013  262.0  152.0  177.0
51.034  267.0  158.0  176.0
51.034  267.0  158.0  176.0
51.053  272.0  163.0  175.0
51.073  276.0  167.0  174.0
51.093  279.0  172.0  172.0
51.093  279.0  172.0  172.0
51.112  279.0  175.0  171.0
51.132  279.0  184.0  171.0
51.151  278.0  191.0  173.0
51.191  279.0  209.0  176.0
51.191  279.0  209.0  176.0
51.211  279.0  220.0  177.0
51.231  279.0  230.0  178.0
51.251  278.0  239.0  179.0
51.27  278.0  246.0  178.0
51.27  278.0  246.0  178.0
51.291  275.0  252.0  179.0
51.31  273.0  258.0  181.0
51.33  272.0  263.0  183.0
51.349  271.0  271.0  186.0
51.349  271.0  271.0  186.0
51.369  271.0  280.0  191.0
51.389  270.0  290.0  196.0
51.408  270.0  302.0  201.0
51.429  268.0  310.0  205.0
51.429  268.0  310.0  205.0
51.448  266.0  316.0  208.0
51.487  262.0  320.0  215.0
51.508  259.0  321.0  219.0
51.508  259.0  321.0  219.0
51.527  257.0  321.0  223.0
51.547  255.0  324.0  230.0
51.567  254.0  328.0  236.0
51.587  254.0  331.0  242.0
51.587  254.0  331.0  242.0
51.606  254.0  334.0  249.0
51.627  254.0  336.0  253.0
51.646  252.0  338.0  257.0
51.665  250.0  337.0  262.0
51.665  250.0  337.0  262.0
51.685  246.0  338.0  265.0
51.705  242.0  339.0  270.0
51.725  238.0  340.0  276.0
51.725  238.0  340.0  276.0
51.744  234.0  342.0  283.0
51.784  231.0  344.0  296.0
51.804  230.0  344.0  301.0
51.824  228.0  341.0  302.0
51.824  228.0  341.0  302.0
51.844  225.0  337.0  302.0
51.863  220.0  332.0  302.0
51.883  214.0  327.0  301.0
51.903  207.0  319.0  302.0
51.903  207.0  319.0  302.0
51.922  201.0  313.0  302.0
51.942  198.0  310.0  303.0
51.962  195.0  306.0  304.0
51.982  194.0  298.0  304.0
51.982  194.0  298.0  304.0
52.001  193.0  290.0  302.0
52.021  193.0  283.0  300.0
52.041  192.0  274.0  297.0
52.041  192.0  274.0  297.0
52.08  189.0  251.0  293.0
52.101  189.0  238.0  292.0
52.12  188.0  230.0  291.0
52.14  189.0  224.0  290.0
52.14  189.0  224.0  290.0
52.16  191.0  217.0  289.0
52.179  192.0  210.0  287.0
52.199  192.0  204.0  283.0
52.218  193.0  195.0  279.0
52.218  193.0  195.0  279.0
52.239  194.0  185.0  275.0
52.258  194.0  175.0  269.0
52.278  194.0  164.0  265.0
52.298  197.0  156.0  261.0
52.298  197.0  156.0  261.0
52.318  199.0  152.0  258.0
52.337  201.0  151.0  255.0
52.358  204.0  150.0  251.0
52.358  204.0  150.0  251.0
52.377  207.0  149.0  247.0
52.416  214.0  143.0  235.0
52.436  215.0  141.0  228.0
52.456  216.0  138.0  222.0
52.456  216.0  138.0  222.0
52.475  218.0  135.0  217.0
52.496  221.0  135.0  213.0
52.515  223.0  137.0  211.0
52.535  228.0  137.0  208.0
52.535  228.0  137.0  208.0
52.555  232.0  138.0  204.0
52.575  238.0  137.0  200.0
52.594  243.0  136.0  194.0
52.614  246.0  135.0  188.0
52.614  246.0  135.0  188.0
52.634  249.0  135.0  183.0
52.654  251.0  136.0  179.0
52.673  252.0  140.0  176.0
52.673  252.0  140.0  176.0
52.713  257.0  147.0  176.0
52.732  261.0  153.0  177.0
52.752  267.0  158.0  176.0
52.772  272.0  163.0  175.0
52.772  272.0  163.0  175.0
52.792  275.0  168.0  174.0
52.811  278.0  170.0  172.0
52.832  279.0  176.0  171.0
52.851  279.0  184.0  171.0
52.851  279.0  184.0  171.0
52.871  278.0  190.0  173.0
52.891  278.0  198.0  174.0
52.911  278.0  209.0  176.0
52.911  278.0  209.0  176.0
52.93  279.0  220.0  178.0
52.97  278.0  241.0  178.0
52.989  277.0  247.0  179.0
53.009  275.0  252.0  179.0
53.009  275.0  252.0  179.0
53.029  273.0  259.0  181.0
53.049  272.0  265.0  183.0
53.068  271.0  271.0  187.0
53.089  271.0  280.0  191.0
53.089  271.0  280.0  191.0
53.108  270.0  292.0  196.0
53.128  270.0  302.0  201.0
53.147  269.0  310.0  205.0
53.168  266.0  315.0  208.0
53.168  266.0  315.0  208.0
53.187  264.0  318.0  211.0
53.207  261.0  319.0  215.0
53.227  258.0  319.0  220.0
53.246  256.0  320.0  224.0
53.246  256.0  320.0  224.0
53.266  254.0  324.0  231.0
53.306  254.0  331.0  244.0
53.325  254.0  334.0  250.0
53.325  254.0  334.0  250.0
53.345  254.0  336.0  254.0
53.365  252.0  337.0  258.0
53.385  249.0  338.0  262.0
53.404  245.0  337.0  266.0
53.404  245.0  337.0  266.0
53.425  241.0  338.0  271.0
53.444  237.0  342.0  278.0
53.464  233.0  344.0  284.0
53.483  231.0  346.0  292.0
53.483  231.0  346.0  292.0
53.504  230.0  346.0  297.0
53.523  230.0  343.0  301.0
53.542  227.0  340.0  302.0
53.542  227.0  340.0  302.0
53.563  224.0  336.0  302.0
53.582  218.0  330.0  302.0
53.622  205.0  317.0  302.0
53.642  200.0  312.0  303.0
53.642  200.0  312.0  303.0
53.661  196.0  308.0  303.0
53.681  194.0  304.0  304.0
53.701  193.0  297.0  303.0
53.721  193.0  288.0  301.0
53.721  193.0  288.0  301.0
53.74  192.0  280.0  299.0
53.761  190.0  270.0  297.0
53.78  189.0  256.0  294.0
53.799  189.0  246.0  292.0
53.799  189.0  246.0  292.0
53.82  188.0  236.0  291.0
53.839  188.0  228.0  291.0
53.859  190.0  221.0  290.0
53.878  191.0  215.0  288.0
53.878  191.0  215.0  288.0
53.918  193.0  200.0  282.0
53.938  194.0  192.0  278.0
53.958  194.0  182.0  273.0
53.958  194.0  182.0  273.0
53.978  194.0  170.0  268.0
53.997  196.0  161.0  263.0
54.017  197.0  155.0  260.0
54.037  200.0  152.0  257.0
54.037  200.0  152.0  257.0
54.056  203.0  151.0  253.0
54.076  205.0  150.0  249.0
54.096  208.0  149.0  245.0
54.116  212.0  144.0  239.0
54.116  212.0  144.0  239.0
54.135  215.0  142.0  232.0
54.156  216.0  139.0  225.0
54.175  217.0  137.0  220.0
54.214  222.0  136.0  213.0
54.214  222.0  136.0  213.0
54.235  225.0  136.0  210.0
54.254  229.0  137.0  207.0
54.274  235.0  138.0  203.0
54.274  235.0  138.0  203.0
54.294  241.0  137.0  198.0
54.313  247.0  137.0  192.0
54.333  251.0  135.0  186.0
54.353  253.0  138.0  180.0
54.353  253.0  138.0  180.0
54.373  255.0  143.0  176.0
54.392  257.0  146.0  177.0
54.412  259.0  148.0  176.0
54.432  260.0  151.0  176.0
54.432  260.0  151.0  176.0
54.452  265.0  156.0  177.0
54.471  271.0  163.0  177.0
54.511  279.0  173.0  175.0
54.511  279.0  173.0  175.0
54.531  282.0  177.0  174.0
54.55  282.0  182.0  173.0
54.571  281.0  191.0  174.0
54.59  280.0  197.0  175.0
54.59  280.0  197.0  175.0
54.609  280.0  204.0  176.0
54.63  281.0  216.0  179.0
54.649  281.0  226.0  180.0
54.649  281.0  226.0  180.0
54.669  282.0  238.0  182.0
54.689  282.0  250.0  183.0
54.709  283.0  257.0  185.0
54.728  281.0  263.0  186.0
54.748  279.0  269.0  187.0
54.748  279.0  269.0  187.0
54.768  278.0  275.0  190.0
54.788  277.0  283.0  195.0
54.828  278.0  310.0  208.0
54.828  278.0  310.0  208.0
54.847  277.0  321.0  213.0
54.866  274.0  327.0  216.0
54.887  272.0  331.0  218.0
54.906  269.0  332.0  221.0
54.906  269.0  332.0  221.0
54.926  265.0  333.0  225.0
54.945  263.0  333.0  230.0
54.966  262.0  334.0  234.0
54.985  259.0  338.0  241.0
54.985  259.0  338.0  241.0
55.005  259.0  341.0  249.0
55.025  261.0  345.0  256.0
55.045  261.0  349.0  262.0
55.045  261.0  349.0  262.0
55.085  259.0  350.0  271.0
55.104  256.0  350.0  275.0
55.123  251.0  351.0  279.0
55.143  247.0  352.0  285.0
55.143  247.0  352.0  285.0
55.163  242.0  354.0  291.0
55.183  238.0  356.0  298.0
55.202  237.0  357.0  306.0
55.223  237.0  356.0  311.0
55.223  237.0  356.0  311.0
55.242  235.0  353.0  315.0
55.262  233.0  350.0  316.0
55.281  229.0  346.0  317.0
55.302  224.0  341.0  316.0
55.302  224.0  341.0  316.0
55.321  218.0  335.0  316.0
55.341  210.0  326.0  316.0
55.361  205.0  320.0  315.0
55.361  205.0  320.0  315.0
55.4  198.0  308.0  316.0
55.42  197.0  300.0  314.0
55.44  197.0  290.0  312.0
55.459  196.0  282.0  309.0
55.459  196.0  282.0  309.0
55.479  194.0  270.0  306.0
55.499  193.0  256.0  303.0
55.519  192.0  245.0  299.0
55.538  191.0  234.0  297.0
55.538  191.0  234.0  297.0
55.559  191.0  225.0  297.0
55.578  192.0  218.0  295.0
55.598  194.0  213.0  293.0
55.618  195.0  206.0  291.0
55.618  195.0  206.0  291.0
55.638  197.0  198.0  288.0
55.657  197.0  190.0  283.0
55.676  198.0  179.0  277.0
55.697  199.0  167.0  272.0
55.697  199.0  167.0  272.0
55.736  203.0  151.0  263.0
55.756  206.0  147.0  260.0
55.776  209.0  147.0  256.0
55.776  209.0  147.0  256.0
55.795  213.0  145.0  251.0
55.816  216.0  145.0  246.0
55.835  219.0  141.0  239.0
55.855  222.0  139.0  232.0
55.855  222.0  139.0  232.0
55.874  223.0  137.0  226.0
55.895  224.0  136.0  220.0
55.914  226.0  133.0  215.0
55.914  226.0  133.0  215.0
55.933  229.0  134.0  212.0
55.954  232.0  136.0  208.0
55.973  237.0  136.0  206.0
55.993  242.0  135.0  201.0
56.012  248.0  136.0  196.0
56.012  248.0  136.0  196.0
56.052  255.0  135.0  183.0
56.072  257.0  137.0  179.0
56.092  258.0  141.0  175.0
56.092  258.0  141.0  175.0
56.112  260.0  144.0  175.0
56.131  263.0  148.0  175.0
56.152  266.0  153.0  176.0
56.171  271.0  159.0  176.0
56.171  271.0  159.0  176.0
56.19  277.0  166.0  175.0
56.21  281.0  171.0  173.0
56.23  284.0  175.0  172.0
56.25  285.0  180.0  171.0
56.25  285.0  180.0  171.0
56.269  284.0  186.0  171.0
56.309  282.0  202.0  174.0
56.329  283.0  212.0  176.0
56.349  283.0  223.0  177.0
56.349  283.0  223.0  177.0
56.369  284.0  234.0  179.0
56.388  283.0  245.0  180.0
56.408  282.0  253.0  180.0
56.408  282.0  253.0  180.0
56.428  280.0  260.0  181.0
56.448  277.0  266.0  182.0
56.467  275.0  272.0  184.0
56.487  274.0  278.0  188.0
56.487  274.0  278.0  188.0
56.507  273.0  286.0  192.0
56.526  273.0  295.0  197.0
56.546  272.0  308.0  202.0
56.566  270.0  317.0  207.0
56.566  270.0  317.0  207.0
56.586  269.0  324.0  211.0
56.626  265.0  328.0  218.0
56.645  262.0  331.0  223.0
56.645  262.0  331.0  223.0
56.665  260.0  330.0  228.0
56.685  259.0  335.0  234.0
56.705  257.0  338.0  241.0
56.724  259.0  341.0  249.0
56.724  259.0  341.0  249.0
56.743  260.0  346.0  256.0
56.764  260.0  349.0  263.0
56.783  259.0  350.0  268.0
56.803  257.0  351.0  273.0
56.803  257.0  351.0  273.0
56.823  255.0  351.0  276.0
56.843  250.0  352.0  281.0
56.862  245.0  353.0  287.0
56.883  241.0  355.0  294.0
56.883  241.0  355.0  294.0
56.902  238.0  355.0  301.0
56.941  235.0  353.0  311.0
56.962  234.0  346.0  311.0
56.962  234.0  346.0  311.0
56.981  231.0  342.0  309.0
57.0  226.0  337.0  308.0
57.021  221.0  332.0  306.0
57.04  213.0  326.0  308.0
57.04  213.0  326.0  308.0
57.06  207.0  321.0  308.0
57.08  202.0  315.0  310.0
57.1  198.0  309.0  311.0
57.119  196.0  303.0  311.0
57.119  196.0  303.0  311.0
57.139  195.0  293.0  308.0
57.159  195.0  284.0  305.0
57.179  194.0  277.0  302.0
57.198  194.0  267.0  299.0
57.198  194.0  267.0  299.0
57.238  192.0  245.0  295.0
57.257  191.0  235.0  294.0
57.277  192.0  228.0  294.0
57.277  192.0  228.0  294.0
57.297  193.0  223.0  292.0
57.317  193.0  215.0  290.0
57.336  195.0  209.0  288.0
57.357  195.0  201.0  284.0
57.357  195.0  201.0  284.0
57.376  196.0  191.0  279.0
57.396  196.0  180.0  272.0
57.416  196.0  169.0  268.0
57.436  197.0  160.0  264.0
57.436  197.0  160.0  264.0
57.455  200.0  155.0  262.0
57.475  204.0  153.0  260.0
57.495  209.0  154.0  256.0
57.515  214.0  154.0  253.0
57.515  214.0  154.0  253.0
57.534  219.0  151.0  248.0
57.574  223.0  141.0  232.0
57.593  224.0  138.0  224.0
57.614  224.0  135.0  219.0
57.614  224.0  135.0  219.0
57.633  226.0  134.0  214.0
57.653  229.0  133.0  210.0
57.672  232.0  135.0  207.0
57.672  232.0  135.0  207.0
57.693  236.0  135.0  203.0
57.712  242.0  135.0  198.0
57.732  247.0  136.0  193.0
57.752  251.0  134.0  186.0
57.752  251.0  134.0  186.0
57.772  254.0  133.0  180.0
57.791  255.0  136.0  176.0
57.81  256.0  139.0  173.0
57.831  258.0  142.0  173.0
57.831  258.0  142.0  173.0
57.85  261.0  146.0  173.0
57.89  270.0  159.0  174.0
57.91  275.0  166.0  172.0
57.929  279.0  171.0  172.0
57.929  279.0  171.0  172.0
57.95  283.0  174.0  170.0
57.969  283.0  179.0  169.0
57.989  283.0  188.0  170.0
58.008  282.0  196.0  172.0
58.008  282.0  196.0  172.0
58.029  281.0  203.0  174.0
58.048  283.0  214.0  176.0
58.067  282.0  225.0  177.0
58.067  282.0  225.0  177.0
58.088  282.0  235.0  178.0
58.107  281.0  245.0  180.0
58.127  280.0  254.0  181.0
58.167  275.0  264.0  182.0
58.167  275.0  264.0  182.0
58.186  273.0  269.0  185.0
58.206  271.0  275.0  188.0
58.226  271.0  282.0  191.0
58.246  271.0  291.0  196.0
58.246  271.0  291.0  196.0
58.265  270.0  304.0  202.0
58.286  268.0  311.0  206.0
58.305  267.0  318.0  215.0
58.305  267.0  318.0  215.0
58.324  237.0  295.0  218.0
58.345  243.0  294.0  219.0
58.364  245.0  294.0  223.0
58.384  243.0  292.0  225.0
58.384  243.0  292.0  225.0
58.403  242.0  294.0  228.0
58.424  240.0  295.0  233.0
58.443  240.0  295.0  237.0
58.463  239.0  297.0  241.0
58.463  239.0  297.0  241.0
58.503  234.0  295.0  245.0
58.522  231.0  294.0  246.0
58.542  227.0  292.0  248.0
58.562  224.0  293.0  250.0
58.562  224.0  293.0  250.0
58.582  218.0  294.0  254.0
58.601  217.0  301.0  262.0
58.621  213.0  300.0  267.0
58.621  213.0  300.0  267.0
58.641  211.0  298.0  271.0
58.66  208.0  295.0  273.0
58.681  206.0  292.0  273.0
58.7  204.0  289.0  271.0
58.7  204.0  289.0  271.0
58.72  200.0  285.0  270.0
58.76  189.0  275.0  270.0
58.779  184.0  275.0  274.0
58.799  177.0  284.0  283.0
58.799  177.0  284.0  283.0
58.819  174.0  277.0  284.0
58.839  174.0  268.0  284.0
58.858  174.0  259.0  282.0
58.858  174.0  259.0  282.0
58.878  176.0  247.0  277.0
58.898  176.0  238.0  273.0
58.917  189.0  229.0  266.0
58.917  189.0  229.0  266.0
58.937  186.0  218.0  261.0
58.957  184.0  213.0  259.0
58.977  183.0  207.0  259.0
58.996  184.0  201.0  258.0
58.996  184.0  201.0  258.0
