Time  Force1  Force2
0.0  1.0  1.0
0.0  1.0  1.0
0.0  1.0  1.0
0.0  1.0  1.0
0.0  1.0  1.0
0.0  1.0  1.0
0.0  1.0  1.0
0.0  1.0  1.0
0.0  1.0  1.0
0.0  1.0  1.0
0.0  1.0  1.0
0.0  1.0  1.0
0.0  1.0  1.0
0.0  1.0  1.0
0.0  1.0  1.0
0.0  1.0  1.0
0.0  1.0  1.0
0.0  1.0  1.0
0.0  1.0  1.0
0.0  1.0  1.0
0.0  1.0  1.0
0.0  1.0  1.0
0.0  1.0  1.0
0.0  1.0  1.0
0.0  1.0  1.0
0.0  1.0  1.0
0.0010  0.0048875855  0.0
0.0030  0.0048875855  0.0
0.0090  0.0048875855  0.0
0.046  0.0048875855  0.0
0.07  0.0048875855  0.0
0.095  0.009775171  0.0048875855
0.108  0.0048875855  0.0
0.135  0.0048875855  0.0
0.161  0.009775171  0.0
0.176  0.0048875855  0.0
0.202  0.009775171  0.0
0.229  0.0048875855  0.0
0.243  0.009775171  0.0
0.27  0.0048875855  0.0
0.283  0.0048875855  0.0
0.311  0.0048875855  0.0
0.324  0.0048875855  0.0
0.351  0.0048875855  0.0
0.378  0.009775171  0.0
0.392  0.0048875855  0.0
0.418  0.009775171  0.0
0.432  0.0048875855  0.0
0.459  0.009775171  0.0
0.486  0.0048875855  0.0
0.499  0.014662757  0.0
0.527  0.009775171  0.0
0.594  0.009775171  0.0
0.621  0.009775171  0.0
0.621  0.009775171  0.0
0.662  0.009775171  0.0
0.662  0.009775171  0.0
0.689  0.0  0.0
0.702  0.014662757  0.0
0.743  0.014662757  0.0
0.77  0.0  0.0
0.797  0.0048875855  0.0
0.851  0.0  0.0
0.878  0.009775171  0.0
0.906  0.009775171  0.0
0.932  0.014662757  0.0
0.946  0.009775171  0.0
0.973  0.009775171  0.0
0.987  0.014662757  0.0
1.014  0.014662757  0.0048875855
1.029  0.009775171  0.0
1.029  0.009775171  0.0
1.073  0.0048875855  0.009775171
1.087  0.0048875855  0.0
1.117  0.014662757  0.019550342
1.145  0.009775171  0.0
1.16  0.014662757  0.019550342
1.175  0.009775171  0.039100684
1.204  0.009775171  0.009775171
1.204  0.009775171  0.009775171
1.218  0.009775171  0.024437927
1.248  0.0048875855  0.0
1.262  0.0048875855  0.0048875855
1.276  0.009775171  0.024437927
1.32  0.0048875855  0.019550342
1.32  0.0048875855  0.019550342
1.349  0.0  0.0048875855
1.363  0.0048875855  0.0048875855
1.408  0.0048875855  0.0
1.408  0.0048875855  0.0
1.437  0.009775171  0.019550342
1.452  0.0048875855  0.019550342
1.48  0.009775171  0.0048875855
1.495  0.019550342  0.024437927
1.51  0.014662757  0.0
1.539  0.04398827  0.0
1.554  0.12707722  0.014662757
1.586  0.38123167  0.0
1.601  0.4692082  0.0
1.617  0.601173  0.0
1.651  1.0361681  0.0
1.668  1.2707722  0.0
1.684  1.485826  0.0
1.718  1.4711632  0.0
1.734  1.5884652  0.0048875855
1.751  1.5835776  0.0
1.751  1.5835776  0.0
1.801  1.5640273  0.0
1.801  1.5640273  0.0
1.817  1.4907136  0.0
1.833  1.4662756  0.0
1.867  1.3049853  0.0
1.884  1.1730205  0.0
1.934  0.71847504  0.0048875855
1.95  0.6158358  0.0
1.966  0.38123167  0.0
1.997  0.29325512  0.0
2.028  0.10752688  0.0
2.028  0.10752688  0.0
2.06  0.05376344  0.0
2.105  0.024437927  0.0
2.119  0.014662757  0.0
2.119  0.014662757  0.0
2.162  0.0048875855  0.0
2.162  0.0048875855  0.0
2.178  0.009775171  0.019550342
2.206  0.0  0.0
2.236  0.0048875855  0.029325513
2.25  0.0  0.009775171
2.279  0.0048875855  0.019550342
2.293  0.0  0.039100684
2.309  0.0  0.009775171
2.337  0.019550342  0.0342131
2.352  0.0048875855  0.0342131
2.381  0.0  0.009775171
2.396  0.0048875855  0.024437927
2.424  0.019550342  0.0
2.441  0.11730205  0.0
2.456  0.14662756  0.0048875855
2.487  0.400782  0.0
2.504  0.69403714  0.0
2.521  0.84066474  0.0
2.553  1.368524  0.009775171
2.571  1.5200391  0.0
2.587  1.6129031  0.0
2.587  1.6129031  0.0
2.604  1.7741935  0.0
2.637  1.827957  0.0
2.654  1.8914956  0.0
2.67  1.9159335  0.0
2.704  2.0136852  0.0
2.72  2.0576735  0.0
2.753  1.9208211  0.0
2.77  1.8377322  0.0
2.787  1.7497556  0.0
2.82  1.461388  0.0
2.837  1.3538612  0.0
2.853  1.1974584  0.0
2.87  1.0654937  0.0
2.904  0.75268817  0.0
2.92  0.58651024  0.0
2.935  0.342131  0.0
2.966  0.200391  0.0
2.982  0.07331378  0.0
3.012  0.024437927  0.014662757
3.026  0.0342131  0.0
3.042  0.019550342  0.009775171
3.042  0.019550342  0.009775171
3.1  0.0048875855  0.029325513
3.1  0.0048875855  0.029325513
3.115  0.0048875855  0.04398827
3.129  0.0  0.029325513
3.159  0.009775171  0.048875853
3.189  0.0  0.039100684
3.204  0.009775171  0.019550342
3.218  0.014662757  0.04398827
3.249  0.0048875855  0.029325513
3.263  0.019550342  0.019550342
3.292  0.014662757  0.04398827
3.307  0.0048875855  0.009775171
3.336  0.019550342  0.029325513
3.35  0.014662757  0.024437927
3.38  0.014662757  0.0
3.394  0.019550342  0.014662757
3.423  0.039100684  0.0
3.439  0.048875853  0.0
3.468  0.039100684  0.0
3.483  0.048875853  0.0
3.5  0.05376344  0.0
3.5  0.05376344  0.0
3.545  0.048875853  0.0
3.56  0.06353861  0.0
3.56  0.06353861  0.0
3.592  0.07331378  0.0
3.607  0.11241447  0.0
3.622  0.15640274  0.0
3.654  0.26881722  0.0048875855
3.671  0.5278593  0.0048875855
3.687  0.7917888  0.0
3.721  1.9354838  0.0048875855
3.737  2.380254  0.029325513
3.755  2.737048  0.06353861
3.773  3.4164224  0.06353861
3.808  4.5601172  0.07331378
3.826  5.0  0.07331378
3.846  5.0  0.0684262
3.864  5.0  0.0684262
3.883  5.0  0.10752688
3.92  5.0  0.10752688
3.939  5.0  0.10752688
3.957  5.0  0.11241447
3.977  5.0  0.12218964
3.995  5.0  0.12218964
3.995  5.0  0.12218964
4.014  5.0  0.12218964
4.033  5.0  0.11241447
4.07  5.0  0.092864126
4.088  5.0  0.08308896
4.108  5.0  0.07820137
4.126  5.0  0.07331378
4.163  5.0  0.07331378
4.183  5.0  0.08308896
4.183  5.0  0.08308896
4.201  5.0  0.08797654
4.219  5.0  0.09775171
4.239  5.0  0.10752688
4.257  5.0  0.1026393
4.314  5.0  0.12218964
4.314  5.0  0.12218964
4.332  5.0  0.11241447
4.35  5.0  0.11241447
4.388  5.0  0.07820137
4.407  5.0  0.07331378
4.425  5.0  0.07331378
4.445  5.0  0.07820137
4.463  5.0  0.08797654
4.482  5.0  0.08308896
4.501  5.0  0.08797654
4.519  5.0  0.092864126
4.556  5.0  0.10752688
4.576  5.0  0.1026393
4.576  5.0  0.1026393
4.594  4.9853373  0.10752688
4.647  4.760508  0.0684262
4.665  4.657869  0.058651026
4.665  4.657869  0.058651026
4.682  4.6138806  0.07331378
4.701  4.57478  0.07820137
4.718  4.4037147  0.08797654
4.753  4.3352885  0.10752688
4.771  4.261975  0.09775171
4.789  4.217986  0.07820137
4.806  4.0762463  0.05376344
4.824  4.0518084  0.058651026
4.859  4.00782  0.0684262
4.877  4.0615835  0.07331378
4.894  3.9931574  0.07820137
4.93  3.8465297  0.07820137
4.946  3.9051807  0.04398827
4.964  3.9345064  0.0342131
4.981  3.914956  0.048875853
5.016  3.8367546  0.0684262
5.035  3.8709676  0.07331378
5.052  3.7536657  0.07331378
5.069  3.748778  0.05376344
5.103  3.9296188  0.0342131
5.103  3.9296188  0.0342131
5.121  3.890518  0.048875853
5.138  3.8856304  0.06353861
5.155  3.963832  0.0684262
5.191  3.9296188  0.0684262
5.209  3.9100685  0.05376344
5.225  3.9784946  0.039100684
5.242  4.0029325  0.039100684
5.277  4.0713587  0.06353861
5.295  4.125122  0.0684262
5.313  4.0615835  0.08308896
5.313  4.0615835  0.08308896
5.365  4.081134  0.0342131
5.383  4.0615835  0.048875853
5.4  3.998045  0.048875853
5.417  4.022483  0.06353861
5.436  4.0615835  0.0684262
5.436  4.0615835  0.0684262
5.471  3.9345064  0.0684262
5.487  3.8611925  0.04398827
5.505  3.8269794  0.029325513
5.521  3.7194526  0.039100684
5.574  3.3137832  0.058651026
5.574  3.3137832  0.058651026
5.592  3.0938416  0.05376344
5.608  3.0596285  0.04398827
5.624  2.9374387  0.024437927
5.658  2.8934505  0.039100684
5.676  2.9423263  0.05376344
5.693  3.0107527  0.058651026
5.711  3.0351906  0.05376344
5.744  3.1329422  0.029325513
5.761  3.1769304  0.039100684
5.796  3.15738  0.058651026
5.814  3.123167  0.06353861
5.832  3.1378298  0.058651026
5.85  2.9765396  0.05376344
5.882  2.737048  0.024437927
5.9  2.5317693  0.029325513
5.917  2.4682307  0.048875853
5.952  2.28739  0.06353861
5.97  2.3167155  0.048875853
5.987  2.253177  0.029325513
6.003  2.1994135  0.009775171
6.037  2.0087976  0.0342131
6.053  1.8572825  0.04398827
6.07  1.7546432  0.039100684
6.086  1.5933528  0.024437927
6.086  1.5933528  0.024437927
6.12  1.5542521  0.019550342
6.136  1.4956012  0.029325513
6.153  1.5053763  0.0342131
6.17  1.3978494  0.029325513
6.203  1.3587488  0.0
6.219  1.3391985  0.014662757
6.237  1.2316716  0.029325513
6.269  1.0508308  0.029325513
6.286  1.1094819  0.009775171
6.303  1.143695  0.0
6.32  1.1534702  0.014662757
6.352  1.143695  0.0342131
6.37  1.0752689  0.029325513
6.386  1.0899316  0.0
6.419  0.8797654  0.0048875855
6.436  0.92864126  0.019550342
6.453  0.9677419  0.029325513
6.469  0.8504399  0.019550342
6.503  0.53763443  0.0
6.518  0.4349951  0.0
6.518  0.4349951  0.0
6.534  0.33235583  0.0048875855
6.565  0.21016619  0.0
6.581  0.200391  0.0
6.596  0.19061583  0.0
6.643  0.05376344  0.0
6.674  0.05376344  0.0048875855
6.674  0.05376344  0.0048875855
6.719  0.029325513  0.0
6.733  0.024437927  0.0
6.733  0.024437927  0.0
6.748  0.024437927  0.0
6.777  0.019550342  0.0
6.792  0.019550342  0.0
6.82  0.0048875855  0.0
6.836  0.009775171  0.0
6.864  0.0048875855  0.0
6.879  0.0048875855  0.0
6.937  0.0  0.0
6.967  0.0  0.0
6.995  0.0  0.0
7.01  0.0  0.0
7.068  0.0  0.0
7.098  0.0048875855  0.0
7.127  0.0  0.0
7.155  0.0  0.0
7.185  0.0  0.0
7.199  0.0  0.0
7.229  0.0  0.0
7.243  0.0  0.0
7.272  0.0  0.0
7.286  0.0  0.0
7.302  0.0  0.0
7.33  0.0  0.0
7.345  0.0  0.0
7.374  0.0  0.0
7.389  0.0  0.0
7.417  0.0  0.0
7.433  0.0  0.0
7.461  0.0  0.0
7.476  0.0  0.0
7.505  0.0  0.0
7.52  0.0  0.0
7.548  0.0  0.0
7.564  0.0  0.0
7.592  0.0  0.0
7.607  0.0  0.0
7.607  0.0  0.0
7.636  0.024437927  0.0
7.667  0.13196482  0.0
7.667  0.13196482  0.0
7.715  0.62072337  0.0
7.715  0.62072337  0.0
7.748  1.1485826  0.0
7.766  1.6764419  0.0
7.782  2.1798632  0.0
7.798  2.3655913  0.0
7.832  3.0107527  0.0
7.848  3.1378298  0.0
7.881  3.15738  0.0
7.881  3.15738  0.0
7.915  2.922776  0.0
7.931  2.898338  0.0
7.948  2.922776  0.0
7.982  2.8787878  0.0
7.998  2.8836753  0.0
8.014  2.9130008  0.0
8.032  2.8739002  0.0
8.065  2.7077224  0.0
8.081  2.5513196  0.0
8.098  2.4437928  0.0
8.131  2.0136852  0.0
8.147  1.7253177  0.0
8.165  1.5982404  0.0
8.198  1.2072335  0.0
8.198  1.2072335  0.0
8.214  1.0801564  0.0
8.263  0.40566957  0.0
8.263  0.40566957  0.0
8.295  0.15151516  0.0
8.295  0.15151516  0.0
8.326  0.07820137  0.0
8.356  0.11241447  0.0
8.387  0.024437927  0.0
8.401  0.039100684  0.0
8.401  0.039100684  0.0
8.431  0.024437927  0.0
8.474  0.024437927  0.0
8.488  0.009775171  0.0
8.518  0.009775171  0.0
8.518  0.009775171  0.0
8.532  0.014662757  0.0
8.547  0.0048875855  0.0
8.577  0.0048875855  0.0
8.62  0.0  0.0
8.62  0.0  0.0
8.635  0.0  0.0
8.664  0.0  0.0
8.678  0.0048875855  0.0
8.708  0.0048875855  0.0
8.722  0.0  0.0
8.751  0.0048875855  0.0
8.766  0.0  0.0
8.78  0.0048875855  0.0
8.809  0.0048875855  0.0
8.839  0.0048875855  0.0
8.853  0.014662757  0.0
8.867  0.014662757  0.0
8.897  0.014662757  0.0
8.911  0.014662757  0.0048875855
8.94  0.014662757  0.0
8.954  0.024437927  0.014662757
8.986  0.009775171  0.05376344
9.001  0.0048875855  0.08797654
9.017  0.019550342  0.12218964
9.049  0.009775171  0.18084066
9.049  0.009775171  0.18084066
9.064  0.0048875855  0.18084066
9.111  0.014662757  0.24926686
9.111  0.014662757  0.24926686
9.126  0.014662757  0.24926686
9.142  0.014662757  0.22971652
9.174  0.019550342  0.25415444
9.189  0.014662757  0.26392964
9.204  0.009775171  0.24437928
9.236  0.019550342  0.26881722
9.251  0.014662757  0.2981427
9.267  0.0048875855  0.3079179
9.298  0.009775171  0.31280547
9.314  0.014662757  0.31769305
9.345  0.009775171  0.33235583
9.361  0.014662757  0.32746822
9.392  0.014662757  0.400782
9.423  0.009775171  0.3665689
9.423  0.009775171  0.3665689
9.454  0.014662757  0.42033237
9.469  0.019550342  0.45943305
9.485  0.009775171  0.42033237
9.517  0.014662757  0.45454547
9.533  0.019550342  0.48875856
9.549  0.014662757  0.51319647
9.582  0.009775171  0.4692082
9.597  0.014662757  0.47898337
9.614  0.014662757  0.5034213
9.631  0.014662757  0.53274685
9.663  0.009775171  0.4692082
9.679  0.009775171  0.48875856
9.697  0.019550342  0.49853373
9.697  0.019550342  0.49853373
9.73  0.019550342  0.52297163
9.746  0.014662757  0.49853373
9.762  0.009775171  0.48387095
9.795  0.014662757  0.5278593
9.811  0.009775171  0.53763443
9.829  0.0048875855  0.53274685
9.845  0.0  0.51808405
9.878  0.009775171  0.52297163
9.895  0.009775171  0.542522
9.928  0.0048875855  0.56207234
9.945  0.009775171  0.5278593
9.962  0.009775171  0.51319647
9.995  0.009775171  0.5522972
10.011  0.014662757  0.58162266
10.03  0.014662757  0.55718476
10.047  0.0048875855  0.55718476
10.064  0.0048875855  0.53763443
10.082  0.0048875855  0.5278593
10.118  0.014662757  0.52297163
10.118  0.014662757  0.52297163
10.135  0.014662757  0.53763443
10.171  0.014662757  0.5767351
10.171  0.014662757  0.5767351
10.206  0.009775171  0.5522972
10.224  0.014662757  0.53763443
10.242  0.019550342  0.53274685
10.259  0.014662757  0.5474096
10.312  0.019550342  0.5474096
10.312  0.019550342  0.5474096
10.33  0.019550342  0.56207234
10.365  0.0048875855  0.53274685
10.365  0.0048875855  0.53274685
10.383  0.009775171  0.5278593
10.418  0.014662757  0.53763443
10.436  0.019550342  0.542522
10.454  0.019550342  0.56207234
10.471  0.009775171  0.5718475
10.507  0.0048875855  0.5767351
10.524  0.0048875855  0.542522
10.542  0.0048875855  0.5522972
10.56  0.0048875855  0.542522
10.56  0.0048875855  0.542522
10.612  0.014662757  0.58162266
10.612  0.014662757  0.58162266
10.631  0.009775171  0.5913978
10.665  0.0048875855  0.55718476
10.701  0.009775171  0.5278593
10.701  0.009775171  0.5278593
10.719  0.009775171  0.53763443
10.736  0.014662757  0.5474096
10.772  0.014662757  0.5522972
10.789  0.009775171  0.5522972
10.807  0.0048875855  0.5522972
10.825  0.0048875855  0.53274685
10.843  0.009775171  0.5034213
10.893  0.014662757  0.4740958
10.909  0.009775171  0.47898337
10.942  0.014662757  0.3714565
10.959  0.024437927  0.342131
10.976  0.024437927  0.35679373
10.992  0.024437927  0.35190615
11.009  0.029325513  0.31280547
11.042  0.019550342  0.21505377
11.059  0.024437927  0.15640274
11.075  0.024437927  0.18084066
11.109  0.024437927  0.2981427
11.125  0.019550342  0.2981427
11.142  0.019550342  0.28836754
11.159  0.019550342  0.27859238
11.192  0.024437927  0.3079179
11.208  0.019550342  0.342131
11.226  0.014662757  0.34701857
11.258  0.014662757  0.3372434
11.275  0.019550342  0.3616813
11.275  0.019550342  0.3616813
11.292  0.014662757  0.37634408
11.309  0.014662757  0.400782
11.341  0.009775171  0.38611925
11.359  0.014662757  0.3958944
11.375  0.019550342  0.4349951
11.392  0.019550342  0.4496579
11.425  0.014662757  0.4398827
11.442  0.009775171  0.40566957
11.458  0.014662757  0.39100683
11.492  0.019550342  0.39100683
11.508  0.019550342  0.38123167
11.525  0.009775171  0.3616813
11.541  0.009775171  0.32258064
11.575  0.014662757  0.35679373
11.591  0.019550342  0.39100683
11.608  0.019550342  0.42033237
11.641  0.014662757  0.3958944
11.658  0.014662757  0.3958944
11.674  0.019550342  0.4105572
11.708  0.014662757  0.4398827
11.724  0.019550342  0.4349951
11.741  0.019550342  0.400782
11.741  0.019550342  0.400782
11.758  0.024437927  0.3958944
11.791  0.029325513  0.4349951
11.807  0.024437927  0.4496579
11.825  0.019550342  0.4349951
11.841  0.019550342  0.400782
11.874  0.024437927  0.42033237
11.891  0.029325513  0.45943305
11.924  0.019550342  0.44477028
11.958  0.029325513  0.44477028
11.974  0.029325513  0.47898337
11.992  0.029325513  0.52297163
12.009  0.024437927  0.51319647
12.062  0.024437927  0.5034213
12.08  0.024437927  0.5083089
12.098  0.029325513  0.53274685
12.133  0.029325513  0.58651024
12.15  0.024437927  0.58651024
12.169  0.024437927  0.62072337
12.186  0.019550342  0.62072337
12.204  0.014662757  0.6060606
12.239  0.019550342  0.6109482
12.257  0.019550342  0.6353861
12.274  0.024437927  0.65493643
12.293  0.019550342  0.6793744
12.31  0.019550342  0.68914956
12.327  0.014662757  0.69403714
12.363  0.009775171  0.66471165
12.381  0.014662757  0.65004885
12.381  0.014662757  0.65004885
12.416  0.019550342  0.69403714
12.416  0.019550342  0.69403714
12.434  0.019550342  0.6989247
12.487  0.019550342  0.71847504
12.505  0.014662757  0.6989247
12.522  0.014662757  0.66959924
12.558  0.019550342  0.6989247
12.575  0.024437927  0.71358746
12.593  0.019550342  0.7282502
12.61  0.024437927  0.7331378
12.628  0.019550342  0.75268817
12.663  0.014662757  0.7233626
12.681  0.014662757  0.7038123
12.699  0.019550342  0.7038123
12.717  0.019550342  0.71847504
12.752  0.019550342  0.7282502
12.77  0.014662757  0.73802537
12.787  0.019550342  0.7478006
12.805  0.009775171  0.76246333
12.805  0.009775171  0.76246333
12.823  0.009775171  0.7233626
12.858  0.014662757  0.7038123
12.894  0.014662757  0.7478006
12.911  0.019550342  0.7673509
12.929  0.019550342  0.76246333
12.946  0.019550342  0.75757575
12.964  0.009775171  0.742913
12.982  0.009775171  0.7233626
13.017  0.009775171  0.742913
13.035  0.014662757  0.742913
13.052  0.014662757  0.75757575
13.07  0.014662757  0.76246333
13.088  0.014662757  0.7722385
13.106  0.009775171  0.76246333
13.14  0.009775171  0.71847504
13.159  0.009775171  0.71847504
13.176  0.014662757  0.7233626
13.194  0.014662757  0.71358746
13.23  0.014662757  0.73802537
13.23  0.014662757  0.73802537
13.264  0.009775171  0.742913
13.264  0.009775171  0.742913
13.3  0.009775171  0.7086999
13.3  0.009775171  0.7086999
13.353  0.009775171  0.7331378
13.371  0.014662757  0.7478006
13.388  0.009775171  0.73802537
13.406  0.009775171  0.7331378
13.442  0.0048875855  0.69403714
13.459  0.0048875855  0.6793744
13.476  0.009775171  0.7038123
13.476  0.009775171  0.7038123
13.512  0.009775171  0.71847504
13.547  0.0048875855  0.7331378
13.565  0.0048875855  0.71847504
13.565  0.0048875855  0.71847504
13.583  0.0048875855  0.69403714
13.6  0.0048875855  0.6744868
13.619  0.009775171  0.684262
13.636  0.014662757  0.69403714
13.671  0.014662757  0.71358746
13.689  0.019550342  0.71847504
13.707  0.019550342  0.7233626
13.724  0.019550342  0.71358746
13.76  0.019550342  0.6744868
13.777  0.024437927  0.66959924
13.795  0.029325513  0.6744868
13.812  0.029325513  0.6793744
13.831  0.029325513  0.6744868
13.848  0.024437927  0.6744868
13.884  0.019550342  0.659824
13.901  0.019550342  0.6451613
13.919  0.024437927  0.6402737
13.955  0.024437927  0.66959924
13.972  0.029325513  0.6744868
13.989  0.029325513  0.684262
14.007  0.029325513  0.68914956
14.025  0.024437927  0.684262
14.06  0.024437927  0.6402737
14.077  0.029325513  0.6451613
14.096  0.029325513  0.659824
14.113  0.029325513  0.66471165
14.131  0.0342131  0.6744868
14.167  0.029325513  0.684262
14.184  0.024437927  0.6793744
14.201  0.024437927  0.65004885
14.22  0.029325513  0.6353861
14.237  0.029325513  0.6304985
14.272  0.029325513  0.65004885
14.29  0.0342131  0.659824
14.308  0.029325513  0.66471165
14.325  0.024437927  0.66959924
14.343  0.024437927  0.65004885
14.361  0.019550342  0.62561095
14.396  0.024437927  0.6304985
14.413  0.029325513  0.62561095
14.432  0.029325513  0.6353861
14.449  0.029325513  0.6402737
14.467  0.029325513  0.65493643
14.502  0.024437927  0.6158358
14.52  0.029325513  0.5962854
14.537  0.029325513  0.5913978
14.556  0.029325513  0.601173
14.573  0.0342131  0.6060606
14.608  0.029325513  0.6158358
14.608  0.029325513  0.6158358
14.626  0.029325513  0.6158358
14.644  0.029325513  0.6109482
14.679  0.029325513  0.5718475
14.697  0.0342131  0.5669599
14.714  0.0342131  0.58162266
14.732  0.0342131  0.58651024
14.768  0.029325513  0.6109482
14.785  0.0342131  0.601173
14.802  0.029325513  0.5913978
14.821  0.024437927  0.56207234
14.838  0.029325513  0.5522972
14.873  0.0342131  0.5669599
14.892  0.0342131  0.5767351
14.909  0.0342131  0.5767351
14.926  0.0342131  0.58162266
14.944  0.0342131  0.5767351
14.963  0.048875853  0.55718476
15.0  0.07820137  0.53274685
15.02  0.14173998  0.5278593
15.038  0.200391  0.51808405
15.038  0.200391  0.51808405
15.056  0.2737048  0.51319647
15.094  0.4398827  0.5278593
15.094  0.4398827  0.5278593
15.114  0.6402737  0.5278593
15.133  0.6793744  0.5278593
15.154  0.8553275  0.52297163
15.173  1.1730205  0.52297163
15.193  1.3587488  0.51808405
15.252  1.7057674  0.51319647
15.252  1.7057674  0.51319647
15.271  1.8523949  0.51808405
15.311  2.1016617  0.5278593
15.331  2.453568  0.52297163
15.331  2.453568  0.52297163
15.351  2.487781  0.51808405
15.371  2.7614858  0.51319647
15.39  2.9130008  0.49364614
15.429  3.0107527  0.48875856
15.429  3.0107527  0.48875856
15.448  2.9814272  0.48387095
15.467  2.7614858  0.49364614
15.506  1.8132943  0.47898337
15.524  1.143695  0.47898337
15.543  0.49853373  0.46432063
15.561  0.34701857  0.4496579
15.579  0.19061583  0.43010753
15.596  0.09775171  0.400782
15.632  0.08308896  0.42033237
15.649  0.05376344  0.4105572
15.666  0.0342131  0.4349951
15.699  0.014662757  0.40566957
15.716  0.014662757  0.3958944
15.732  0.019550342  0.40566957
15.75  0.014662757  0.4154448
15.782  0.0342131  0.42033237
15.799  0.009775171  0.38611925
15.816  0.009775171  0.37634408
15.849  0.0048875855  0.4105572
15.865  0.0048875855  0.42521995
15.883  0.0048875855  0.42033237
15.932  0.0048875855  0.38611925
15.949  0.0  0.40566957
15.949  0.0  0.40566957
15.966  0.0  0.42521995
16.017  0.08797654  0.37634408
16.017  0.08797654  0.37634408
16.034  0.18572825  0.3616813
16.07  0.71847504  0.3616813
16.146  2.2238514  0.3714565
16.183  2.6930597  0.3958944
16.201  2.7908113  0.4105572
16.258  2.6979473  0.38611925
16.276  2.6490712  0.39100683
16.295  2.453568  0.400782
16.314  2.28739  0.400782
16.314  2.28739  0.400782
16.332  1.8475074  0.4105572
16.389  0.84066474  0.42033237
16.389  0.84066474  0.42033237
16.407  0.8504399  0.42521995
16.445  0.742913  0.42521995
16.445  0.742913  0.42521995
16.482  0.4496579  0.4105572
16.517  0.31769305  0.3714565
16.534  0.2052786  0.3616813
16.552  0.11241447  0.37634408
16.552  0.11241447  0.37634408
16.57  0.10752688  0.38123167
16.587  0.05376344  0.39100683
16.622  0.039100684  0.400782
16.638  0.024437927  0.37634408
16.655  0.014662757  0.3665689
16.689  0.029325513  0.38123167
16.705  0.009775171  0.3958944
16.738  0.0048875855  0.3616813
16.755  0.0048875855  0.3665689
16.772  0.014662757  0.3714565
16.788  0.024437927  0.38611925
16.804  0.039100684  0.400782
16.84  0.2737048  0.38123167
16.858  0.48387095  0.3616813
16.876  0.8162267  0.35679373
16.896  1.2121212  0.35190615
16.914  1.4662756  0.35190615
16.932  1.9159335  0.3665689
16.952  2.204301  0.3665689
16.989  1.7497556  0.38611925
17.007  1.5591397  0.38611925
17.027  1.1241447  0.39100683
17.045  0.93352884  0.4105572
17.063  0.89442813  0.4154448
17.083  0.8797654  0.4154448
17.101  0.89442813  0.4154448
17.12  0.8553275  0.40566957
17.158  0.6793744  0.38611925
17.175  0.4398827  0.37634408
17.192  0.26881722  0.38123167
17.211  0.1710655  0.37634408
17.228  0.15151516  0.3714565
17.263  0.07331378  0.33235583
17.282  0.05376344  0.3030303
17.299  0.05376344  0.24437928
17.299  0.05376344  0.24437928
17.315  0.029325513  0.19061583
17.332  0.019550342  0.200391
17.366  0.014662757  0.11241447
17.397  0.024437927  0.0342131
17.429  0.014662757  0.009775171
17.444  0.019550342  0.014662757
17.46  0.014662757  0.009775171
17.491  0.0342131  0.0
17.507  0.029325513  0.0
17.538  0.0048875855  0.0
17.554  0.0  0.0
17.569  0.019550342  0.0
17.6  0.009775171  0.0048875855
17.616  0.009775171  0.0
17.647  0.0048875855  0.0
17.662  0.0  0.009775171
17.679  0.0  0.0
17.71  0.0048875855  0.0
17.725  0.0  0.0048875855
17.74  0.009775171  0.0048875855
17.772  0.0  0.0
17.787  0.0  0.0
17.803  0.009775171  0.009775171
17.835  0.009775171  0.0
17.835  0.009775171  0.0
17.85  0.0342131  0.0
17.897  0.009775171  0.0
17.897  0.009775171  0.0
17.928  0.029325513  0.0
17.959  0.029325513  0.0
17.975  0.019550342  0.0
17.99  0.014662757  0.0
18.022  0.0  0.009775171
18.037  0.0  0.0
18.053  0.0  0.0
18.084  0.0  0.0
18.1  0.0  0.0
18.115  0.0  0.0
18.115  0.0  0.0
18.147  0.0  0.0
18.162  0.0  0.0048875855
18.193  0.0  0.0
18.225  0.0  0.0
18.225  0.0  0.0
18.255  0.0  0.0
18.271  0.0  0.0
18.302  0.0  0.0048875855
18.318  0.0  0.0
18.35  0.0  0.0
18.365  0.0  0.0
18.396  0.0  0.0
18.412  0.0048875855  0.0
18.427  0.0  0.0
18.458  0.0  0.0
18.473  0.0  0.0
18.49  0.0048875855  0.0
18.49  0.0048875855  0.0
18.536  0.0  0.0
18.536  0.0  0.0
18.568  0.014662757  0.0
18.568  0.014662757  0.0
18.677  0.009775171  0.0
18.693  0.029325513  0.0
18.693  0.029325513  0.0
18.708  0.04398827  0.0
18.739  0.019550342  0.0
18.755  0.029325513  0.0
18.786  0.029325513  0.0
18.801  0.024437927  0.009775171
18.833  0.019550342  0.0
19.051  0.024437927  0.0
19.066  0.04398827  0.0
19.099  0.029325513  0.0
19.116  0.048875853  0.0
19.148  0.058651026  0.0
19.165  0.0684262  0.0
19.181  0.07820137  0.0048875855
19.196  0.04398827  0.0
19.23  0.09775171  0.0
19.247  0.11241447  0.0
19.263  0.11241447  0.0048875855
19.28  0.15151516  0.009775171
19.313  0.10752688  0.0
19.33  0.14173998  0.0
19.347  0.11730205  0.0
19.363  0.17595308  0.0048875855
19.396  0.1026393  0.0
19.414  0.10752688  0.0
19.43  0.13196482  0.0
19.463  0.19550341  0.0048875855
19.48  0.15151516  0.0048875855
19.496  0.21994135  0.0
19.496  0.21994135  0.0
19.529  0.19550341  0.0
19.529  0.19550341  0.0
19.563  0.3372434  0.009775171
19.579  0.2981427  0.014662757
19.632  0.7233626  0.0
19.649  0.86510265  0.009775171
19.649  0.86510265  0.009775171
19.686  1.3831867  0.048875853
19.686  1.3831867  0.048875853
19.704  1.7546432  0.05376344
19.723  2.0674486  0.08308896
19.742  2.2922776  0.09775171
19.779  3.2306938  0.11241447
19.798  3.9247313  0.13196482
19.817  4.5454545  0.11241447
19.836  5.0  0.14662756
19.856  5.0  0.15151516
19.876  5.0  0.18084066
19.896  5.0  0.17595308
19.915  5.0  0.21016619
19.935  5.0  0.22971652
19.975  5.0  0.22971652
19.994  5.0  0.21505377
20.015  5.0  0.2052786
20.034  5.0  0.200391
20.054  5.0  0.19550341
20.074  5.0  0.1710655
20.093  5.0  0.14662756
20.113  5.0  0.12218964
20.132  4.9266863  0.092864126
20.152  4.0762463  0.07820137
20.187  2.3069403  0.029325513
20.204  1.4222873  0.019550342
20.222  0.8797654  0.014662757
20.24  0.5083089  0.019550342
20.274  0.21016619  0.0
20.29  0.16129032  0.0
20.306  0.21505377  0.0
20.323  0.11730205  0.0048875855
20.356  0.04398827  0.0
20.372  0.0684262  0.0
20.387  0.029325513  0.0
20.419  0.014662757  0.0
20.434  0.014662757  0.0
20.465  0.0048875855  0.0
20.482  0.0342131  0.009775171
20.497  0.009775171  0.0
20.528  0.0048875855  0.0
20.544  0.019550342  0.0
20.559  0.009775171  0.0
20.59  0.029325513  0.0
20.606  0.0342131  0.0
20.623  0.058651026  0.0
20.656  0.18572825  0.0
20.656  0.18572825  0.0
20.69  0.51319647  0.0
20.69  0.51319647  0.0
20.708  0.65004885  0.0
20.725  0.7673509  0.009775171
20.762  1.2561095  0.05376344
20.781  1.5347018  0.06353861
20.799  1.8230695  0.05376344
20.818  1.9990225  0.0684262
20.873  2.6246333  0.0342131
20.89  2.6637342  0.039100684
20.909  2.8005865  0.058651026
20.927  2.864125  0.058651026
20.946  2.864125  0.07820137
21.002  2.9667642  0.092864126
21.002  2.9667642  0.092864126
21.04  2.5855327  0.092864126
21.058  2.4633431  0.07331378
21.078  2.2922776  0.06353861
21.095  2.062561  0.039100684
21.13  1.3734115  0.0
21.148  1.260997  0.014662757
21.166  0.78690124  0.009775171
21.183  0.56207234  0.0048875855
21.217  0.25904202  0.0
21.217  0.25904202  0.0
21.233  0.18572825  0.0
21.25  0.12218964  0.0
21.266  0.092864126  0.0
21.298  0.0048875855  0.0048875855
21.313  0.014662757  0.0
21.328  0.024437927  0.0
21.36  0.0  0.009775171
21.376  0.0  0.0
21.391  0.0048875855  0.0
21.423  0.0048875855  0.0
21.438  0.009775171  0.0
21.469  0.0  0.0
21.485  0.0  0.0
21.5  0.0  0.0048875855
21.531  0.0  0.0
21.548  0.0  0.0
21.563  0.0  0.0
21.594  0.0  0.0
21.61  0.0  0.0
21.625  0.0  0.0
21.656  0.0  0.0
21.672  0.0048875855  0.0
21.688  0.0  0.0
21.719  0.0  0.0048875855
21.734  0.0  0.0
21.766  0.0  0.0
21.781  0.0  0.0
21.796  0.0  0.0
21.828  0.0  0.0
21.843  0.0  0.0
21.859  0.0  0.0048875855
21.891  0.0  0.0
21.921  0.0  0.0
21.953  0.0  0.0
21.968  0.009775171  0.0
21.999  0.0342131  0.009775171
22.016  0.039100684  0.0
22.032  0.048875853  0.0
22.047  0.04398827  0.009775171
22.064  0.058651026  0.039100684
22.099  0.07331378  0.13196482
22.117  0.05376344  0.18572825
22.117  0.05376344  0.18572825
22.134  0.16129032  0.21016619
22.153  0.11730205  0.25415444
22.188  0.0684262  0.32258064
22.206  0.09775171  0.38611925
22.241  0.092864126  0.400782
22.258  0.07820137  0.3714565
22.277  0.08308896  0.3372434
22.294  0.048875853  0.25904202
22.311  0.08797654  0.19061583
22.329  0.092864126  0.14662756
22.329  0.092864126  0.14662756
22.365  0.048875853  0.058651026
22.397  0.024437927  0.029325513
22.397  0.024437927  0.029325513
22.414  0.039100684  0.0
22.446  0.024437927  0.0
22.461  0.0342131  0.0
22.493  0.0342131  0.0
22.509  0.06353861  0.0
22.525  0.05376344  0.0
22.558  0.029325513  0.0
22.574  0.04398827  0.0
22.605  0.029325513  0.0
22.622  0.058651026  0.0
22.638  0.05376344  0.0048875855
22.671  0.05376344  0.0
22.686  0.04398827  0.0
22.702  0.04398827  0.0
22.732  0.04398827  0.0
22.749  0.0342131  0.0
22.765  0.048875853  0.0
22.765  0.048875853  0.0
22.814  0.019550342  0.0
22.814  0.019550342  0.0
22.83  0.0048875855  0.0
22.845  0.0342131  0.0
22.879  0.0684262  0.0048875855
22.894  0.014662757  0.0
22.909  0.024437927  0.0
22.942  0.04398827  0.0
22.959  0.05376344  0.0048875855
22.974  0.014662757  0.0
23.006  0.009775171  0.0
23.022  0.058651026  0.0048875855
23.053  0.0342131  0.0
23.069  0.0342131  0.0
23.086  0.048875853  0.0
23.117  0.05376344  0.009775171
23.133  0.019550342  0.0
23.15  0.058651026  0.0
23.181  0.039100684  0.014662757
23.197  0.0684262  0.024437927
23.215  0.07820137  0.014662757
23.231  0.08797654  0.0048875855
23.264  0.14662756  0.029325513
23.282  0.16617791  0.06353861
23.3  0.19550341  0.08797654
23.335  0.19061583  0.12218964
23.353  0.1710655  0.15151516
23.37  0.16617791  0.200391
23.388  0.21505377  0.2346041
23.406  0.21505377  0.2737048
23.441  0.28347996  0.3372434
23.458  0.24926686  0.3616813
23.477  0.28347996  0.38123167
23.494  0.28347996  0.38123167
23.512  0.35190615  0.3958944
23.547  0.4105572  0.37634408
23.565  0.35190615  0.3714565
23.565  0.35190615  0.3714565
23.582  0.31769305  0.34701857
23.601  0.39100683  0.31769305
23.618  0.39100683  0.26881722
23.653  0.4740958  0.14173998
23.672  0.49364614  0.07331378
23.707  0.5278593  0.019550342
23.725  0.5522972  0.0
23.743  0.78201365  0.009775171
23.76  0.95307916  0.0048875855
23.76  0.95307916  0.0048875855
23.795  1.7741935  0.0
23.814  2.096774  0.0
23.831  2.7272727  0.0
23.848  3.655914  0.0
23.866  4.657869  0.0
23.904  5.0  0.0
23.922  5.0  0.0
23.942  5.0  0.0
23.96  5.0  0.0
23.979  5.0  0.0048875855
24.016  5.0  0.0
24.035  5.0  0.0
24.053  5.0  0.0
24.073  5.0  0.0
24.091  5.0  0.0
24.11  5.0  0.0
24.11  5.0  0.0
24.128  5.0  0.0
24.166  5.0  0.0
24.184  5.0  0.0
24.204  5.0  0.0048875855
24.222  5.0  0.014662757
24.241  5.0  0.04398827
24.26  5.0  0.05376344
24.281  5.0  0.08797654
24.318  3.216031  0.19061583
24.338  1.6275659  0.24437928
24.356  0.6793744  0.27859238
24.374  0.34701857  0.31769305
24.391  0.18084066  0.34701857
24.41  0.10752688  0.42521995
24.427  0.0684262  0.48387095
24.463  0.04398827  0.53763443
24.481  0.039100684  0.542522
24.5  0.06353861  0.5767351
24.517  0.0342131  0.5962854
24.536  0.019550342  0.5718475
24.57  0.024437927  0.55718476
24.588  0.009775171  0.58162266
24.606  0.014662757  0.5913978
24.624  0.009775171  0.6158358
24.624  0.009775171  0.6158358
24.641  0.019550342  0.5962854
24.677  0.0048875855  0.53763443
24.693  0.009775171  0.4398827
24.727  0.05376344  0.28347996
24.727  0.05376344  0.28347996
24.763  0.1368524  0.12218964
24.78  0.21016619  0.08797654
24.798  0.3714565  0.058651026
24.834  0.8993158  0.024437927
24.851  1.1779081  0.0
24.869  2.062561  0.0
24.887  3.1769304  0.0
24.904  4.57478  0.0
24.942  5.0  0.0
24.961  5.0  0.0
24.979  5.0  0.0
24.997  5.0  0.0048875855
25.017  5.0  0.009775171
25.035  5.0  0.0048875855
25.054  5.0  0.0
25.092  5.0  0.0
25.11  5.0  0.0
25.128  5.0  0.0
25.148  5.0  0.0
25.166  5.0  0.039100684
25.186  5.0  0.06353861
25.226  5.0  0.17595308
25.226  5.0  0.17595308
25.245  5.0  0.22971652
25.284  2.9325511  0.40566957
25.303  1.4956012  0.4496579
25.321  0.8162267  0.47898337
25.34  0.4692082  0.53763443
25.359  0.28347996  0.5962854
25.377  0.21016619  0.62561095
25.396  0.1026393  0.659824
25.415  0.06353861  0.66959924
25.45  0.039100684  0.65004885
25.468  0.039100684  0.7038123
25.486  0.024437927  0.71358746
25.504  0.048875853  0.742913
25.522  0.0342131  0.7771261
25.558  0.029325513  0.80645156
25.575  0.019550342  0.7966764
25.592  0.024437927  0.7722385
25.611  0.009775171  0.7722385
25.628  0.0  0.7966764
25.646  0.014662757  0.801564
25.681  0.0048875855  0.81133914
25.699  0.024437927  0.8211144
25.716  0.019550342  0.8211144
25.735  0.0  0.8162267
25.752  0.014662757  0.801564
25.787  0.0  0.83577716
25.805  0.0048875855  0.8455523
25.823  0.0048875855  0.8553275
25.84  0.014662757  0.86510265
25.858  0.014662757  0.8553275
25.893  0.0  0.8504399
25.911  0.0  0.8504399
25.928  0.009775171  0.8553275
25.947  0.0048875855  0.8797654
25.981  0.0048875855  0.90909094
26.0  0.009775171  0.9139785
26.017  0.024437927  0.90420336
26.035  0.014662757  0.88954055
26.052  0.019550342  0.884653
26.088  0.019550342  0.90909094
26.105  0.019550342  0.90420336
26.123  0.019550342  0.9237537
26.141  0.024437927  0.92864126
26.159  0.019550342  0.9384164
26.193  0.014662757  0.92864126
26.212  0.024437927  0.9139785
26.229  0.029325513  0.90909094
26.247  0.029325513  0.90909094
26.265  0.029325513  0.9139785
26.283  0.039100684  0.9237537
26.317  0.04398827  0.90420336
26.317  0.04398827  0.90420336
26.336  0.0342131  0.88954055
26.371  0.029325513  0.80645156
26.371  0.029325513  0.80645156
26.388  0.019550342  0.76246333
26.424  0.024437927  0.66471165
26.441  0.029325513  0.6158358
26.459  0.0342131  0.58162266
26.477  0.0342131  0.49853373
26.493  0.024437927  0.35190615
26.526  0.024437927  0.14173998
26.544  0.029325513  0.08797654
26.56  0.024437927  0.06353861
26.591  0.019550342  0.0
26.607  0.019550342  0.0
26.638  0.024437927  0.0048875855
26.653  0.019550342  0.0
26.67  0.029325513  0.0
26.7  0.039100684  0.0
26.716  0.0342131  0.009775171
26.747  0.04398827  0.0
26.763  0.039100684  0.0
26.778  0.039100684  0.0
26.793  0.0342131  0.0
26.825  0.019550342  0.0
26.841  0.029325513  0.0
26.841  0.029325513  0.0
26.872  0.024437927  0.0
26.903  0.0342131  0.0
26.935  0.024437927  0.0
26.95  0.029325513  0.0
26.966  0.0342131  0.0
26.997  0.029325513  0.009775171
27.013  0.029325513  0.0048875855
27.028  0.029325513  0.0
27.06  0.039100684  0.06353861
27.077  0.039100684  0.09775171
27.094  0.039100684  0.10752688
27.126  0.039100684  0.200391
27.144  0.0342131  0.29325512
27.16  0.04398827  0.38611925
27.16  0.04398827  0.38611925
27.176  0.0342131  0.43010753
27.193  0.0342131  0.4692082
27.229  0.039100684  0.5718475
27.265  0.039100684  0.6793744
27.282  0.039100684  0.7233626
27.282  0.039100684  0.7233626
27.317  0.024437927  0.7966764
27.335  0.019550342  0.86021507
27.353  0.029325513  0.8797654
27.37  0.024437927  0.90420336
27.387  0.024437927  0.9237537
27.423  0.039100684  0.9726295
27.441  0.04398827  0.9872923
27.458  0.039100684  1.0459433
27.478  0.048875853  1.0899316
27.495  0.039100684  1.1094819
27.512  0.04398827  1.1192571
27.55  0.058651026  1.1241447
27.569  0.05376344  1.1876832
27.587  0.048875853  1.2170088
27.607  0.048875853  1.226784
27.625  0.048875853  1.2512219
27.643  0.048875853  1.3000977
27.662  0.04398827  1.3489736
27.697  0.04398827  1.4320625
27.714  0.039100684  1.4516128
27.732  0.039100684  1.4369501
27.75  0.039100684  1.4271749
27.767  0.039100684  1.4320625
27.804  0.048875853  1.4760507
27.823  0.048875853  1.4809383
27.841  0.05376344  1.4956012
27.86  0.048875853  1.5298142
27.879  0.05376344  1.5591397
27.879  0.05376344  1.5591397
27.953  0.04398827  1.5249267
27.97  0.04398827  1.5102639
27.987  0.04398827  1.5249267
27.987  0.04398827  1.5249267
28.042  0.048875853  1.5933528
28.061  0.048875853  1.5835776
28.079  0.04398827  1.5835776
28.113  0.039100684  1.5738025
28.132  0.039100684  1.5542521
28.149  0.04398827  1.5591397
28.168  0.048875853  1.5689149
28.185  0.04398827  1.57869
28.222  0.048875853  1.5591397
28.24  0.048875853  1.5542521
28.258  0.04398827  1.5689149
28.276  0.04398827  1.5689149
28.294  0.0342131  1.5493646
28.311  0.039100684  1.485826
28.348  0.05376344  1.2512219
28.365  0.039100684  1.2170088
28.383  0.029325513  1.143695
28.401  0.024437927  0.95796674
28.435  0.039100684  0.42033237
28.451  0.039100684  0.24437928
28.469  0.04398827  0.092864126
28.5  0.029325513  0.04398827
28.517  0.019550342  0.048875853
28.533  0.024437927  0.019550342
28.549  0.019550342  0.0
28.579  0.029325513  0.0
28.611  0.024437927  0.0
28.626  0.029325513  0.0
28.642  0.0342131  0.0
28.657  0.0342131  0.0
28.689  0.024437927  0.0
28.704  0.029325513  0.0
28.736  0.029325513  0.0048875855
28.751  0.024437927  0.0
28.767  0.024437927  0.0
28.798  0.0342131  0.0
28.814  0.029325513  0.0
28.829  0.029325513  0.0
28.861  0.0342131  0.0
28.876  0.0342131  0.0
28.876  0.0342131  0.0
28.922  0.029325513  0.0
28.939  0.029325513  0.0
28.939  0.029325513  0.0
28.985  0.029325513  0.009775171
28.985  0.029325513  0.009775171
29.018  0.0342131  0.08797654
29.018  0.0342131  0.08797654
29.034  0.029325513  0.16617791
29.084  0.04398827  0.400782
29.103  0.048875853  0.5083089
29.121  0.048875853  0.58651024
29.14  0.048875853  0.6744868
29.159  0.05376344  0.76246333
29.159  0.05376344  0.76246333
29.197  0.07331378  0.89442813
29.215  0.048875853  0.92864126
29.234  0.048875853  1.001955
29.251  0.039100684  1.0215054
29.27  0.04398827  1.0361681
29.306  0.058651026  1.1192571
29.326  0.05376344  1.1583577
29.344  0.058651026  1.2072335
29.363  0.058651026  1.2414467
29.381  0.06353861  1.2756598
29.401  0.058651026  1.2658846
29.419  0.048875853  1.3049853
29.437  0.05376344  1.3294233
29.475  0.048875853  1.3978494
29.494  0.05376344  1.4320625
29.512  0.05376344  1.4418377
29.532  0.048875853  1.4418377
29.55  0.058651026  1.4662756
29.55  0.058651026  1.4662756
29.587  0.058651026  1.4956012
29.587  0.058651026  1.4956012
29.606  0.058651026  1.5395894
29.643  0.048875853  1.6080155
29.663  0.048875853  1.6226783
29.7  0.05376344  1.637341
29.7  0.05376344  1.637341
29.737  0.05376344  1.6764419
29.756  0.05376344  1.6715543
29.774  0.05376344  1.652004
29.794  0.048875853  1.6617792
29.812  0.048875853  1.6617792
29.831  0.048875853  1.6617792
29.849  0.05376344  1.637341
29.869  0.058651026  1.637341
29.905  0.048875853  1.6422288
29.925  0.05376344  1.6617792
29.943  0.048875853  1.6568916
29.962  0.05376344  1.6813295
29.98  0.048875853  1.6911047
30.0  0.048875853  1.7008798
30.018  0.048875853  1.6959922
30.036  0.048875853  1.7008798
30.072  0.04398827  1.6666667
30.09  0.04398827  1.6471164
30.108  0.048875853  1.6666667
30.128  0.048875853  1.6568916
30.146  0.05376344  1.6715543
30.164  0.05376344  1.6959922
30.183  0.05376344  1.6617792
30.202  0.06353861  1.6666667
30.239  0.058651026  1.6959922
30.259  0.058651026  1.6911047
30.277  0.05376344  1.7008798
30.296  0.048875853  1.6813295
30.296  0.048875853  1.6813295
30.314  0.048875853  1.6617792
30.333  0.048875853  1.6617792
30.351  0.039100684  1.6471164
30.388  0.048875853  1.6080155
30.407  0.058651026  1.5493646
30.426  0.05376344  1.5151515
30.444  0.05376344  1.5200391
30.464  0.05376344  1.544477
30.482  0.05376344  1.544477
30.499  0.04398827  1.5200391
30.537  0.05376344  1.4369501
30.556  0.05376344  1.4369501
30.574  0.048875853  1.4173998
30.594  0.05376344  1.4173998
30.612  0.05376344  1.3929619
30.63  0.05376344  1.3782991
30.649  0.05376344  1.3587488
30.687  0.058651026  1.344086
30.705  0.05376344  1.319648
30.725  0.06353861  1.3098729
30.743  0.06353861  1.285435
30.761  0.058651026  1.285435
30.761  0.058651026  1.285435
30.799  0.058651026  1.2805474
30.818  0.058651026  1.2707722
30.856  0.05376344  1.2170088
30.873  0.04398827  1.1876832
30.891  0.039100684  1.1583577
30.908  0.04398827  1.1388074
30.944  0.04398827  1.1583577
30.961  0.04398827  1.1534702
30.98  0.048875853  1.1339198
30.998  0.04398827  1.1485826
31.015  0.039100684  1.1681329
31.033  0.039100684  1.1534702
31.069  0.039100684  1.1045943
31.086  0.04398827  1.1143695
31.105  0.048875853  1.1143695
31.123  0.04398827  1.1290323
31.123  0.04398827  1.1290323
31.176  0.039100684  1.1143695
31.176  0.039100684  1.1143695
31.195  0.039100684  1.1094819
31.212  0.0342131  1.0948192
31.229  0.039100684  1.0557185
31.247  0.029325513  1.0312805
31.283  0.04398827  1.0215054
31.3  0.0342131  1.0312805
31.318  0.009775171  1.0215054
31.336  0.019550342  1.0166178
31.353  0.029325513  1.0068426
31.371  0.029325513  0.9872923
31.407  0.039100684  0.95796674
31.424  0.039100684  0.9775171
31.442  0.048875853  0.9824047
31.462  0.048875853  0.99706745
31.497  0.04398827  1.0166178
31.514  0.024437927  1.0312805
31.533  0.024437927  1.0215054
31.55  0.009775171  1.001955
31.603  0.019550342  0.9872923
31.621  0.019550342  0.9921799
31.656  0.024437927  1.0166178
31.674  0.019550342  1.0068426
31.674  0.019550342  1.0068426
31.709  0.024437927  0.9481916
31.727  0.024437927  0.9384164
31.745  0.029325513  0.943304
31.779  0.0342131  0.9628543
31.798  0.039100684  0.9726295
31.816  0.05376344  0.9726295
31.834  0.04398827  0.9677419
31.834  0.04398827  0.9677419
31.887  0.029325513  0.9188661
31.887  0.029325513  0.9188661
31.923  0.0342131  0.9237537
31.94  0.0342131  0.92864126
31.958  0.04398827  0.9384164
31.993  0.029325513  0.943304
32.011  0.024437927  0.92864126
32.028  0.024437927  0.9188661
32.046  0.0342131  0.9188661
32.064  0.029325513  0.92864126
32.099  0.024437927  0.9628543
32.116  0.024437927  0.9775171
32.135  0.0342131  0.9775171
32.152  0.029325513  0.9628543
32.169  0.024437927  0.943304
32.205  0.039100684  0.93352884
32.205  0.039100684  0.93352884
32.223  0.04398827  0.9481916
32.26  0.04398827  0.95796674
32.277  0.039100684  0.95796674
32.277  0.039100684  0.95796674
32.312  0.039100684  0.9384164
32.33  0.0342131  0.9188661
32.348  0.039100684  0.8993158
32.382  0.039100684  0.9188661
32.401  0.04398827  0.9139785
32.418  0.04398827  0.9139785
32.437  0.048875853  0.9237537
32.455  0.039100684  0.9677419
32.474  0.05376344  0.9677419
32.474  0.05376344  0.9677419
32.527  0.024437927  0.9237537
32.544  0.024437927  0.9188661
32.544  0.024437927  0.9188661
32.579  0.024437927  0.8993158
32.615  0.024437927  0.90420336
32.615  0.024437927  0.90420336
32.632  0.024437927  0.8504399
32.65  0.024437927  0.7673509
32.685  0.024437927  0.4349951
32.701  0.029325513  0.35190615
32.717  0.0342131  0.25415444
32.735  0.0342131  0.17595308
32.766  0.024437927  0.04398827
32.782  0.029325513  0.009775171
32.814  0.024437927  0.014662757
32.829  0.019550342  0.009775171
32.844  0.019550342  0.0
32.861  0.029325513  0.0
32.891  0.029325513  0.009775171
32.907  0.024437927  0.0
32.923  0.029325513  0.0
32.954  0.029325513  0.0048875855
32.954  0.029325513  0.0048875855
33.001  0.029325513  0.0
33.001  0.029325513  0.0
33.032  0.029325513  0.009775171
33.063  0.039100684  0.0
33.063  0.039100684  0.0
33.079  0.039100684  0.0
33.094  0.024437927  0.0
33.127  0.048875853  0.0
33.143  0.05376344  0.0
33.16  0.06353861  0.0
33.193  0.06353861  0.0
33.21  0.05376344  0.0
33.226  0.06353861  0.0
33.26  0.058651026  0.0
33.276  0.058651026  0.0
33.293  0.05376344  0.0
33.308  0.04398827  0.0
33.34  0.029325513  0.0
33.355  0.0342131  0.0
33.387  0.029325513  0.0
33.402  0.029325513  0.0
33.418  0.029325513  0.0
33.448  0.039100684  0.0
33.465  0.024437927  0.0
33.48  0.029325513  0.0
33.511  0.0342131  0.014662757
33.527  0.024437927  0.0
33.558  0.0342131  0.014662757
33.574  0.029325513  0.058651026
33.592  0.029325513  0.12218964
33.608  0.029325513  0.21016619
33.608  0.029325513  0.21016619
33.659  0.0342131  0.6060606
33.677  0.029325513  0.7331378
33.677  0.029325513  0.7331378
33.694  0.024437927  0.86510265
33.747  0.019550342  1.1192571
33.765  0.0342131  1.2072335
33.765  0.0342131  1.2072335
33.782  0.024437927  1.285435
33.801  0.039100684  1.3098729
33.818  0.04398827  1.3831867
33.854  0.029325513  1.4076246
33.871  0.0342131  1.3636364
33.889  0.029325513  1.2561095
33.906  0.029325513  1.1143695
33.925  0.009775171  0.95796674
33.958  0.029325513  0.4740958
33.975  0.039100684  0.31769305
33.992  0.029325513  0.19550341
34.024  0.019550342  0.014662757
34.039  0.024437927  0.0
34.056  0.039100684  0.0048875855
34.086  0.0342131  0.0
34.102  0.0342131  0.0
34.118  0.0342131  0.0
34.149  0.029325513  0.0
34.164  0.024437927  0.0
34.18  0.014662757  0.0
34.212  0.029325513  0.048875853
34.229  0.024437927  0.14173998
34.245  0.024437927  0.24926686
34.263  0.019550342  0.45454547
34.297  0.029325513  0.8308896
34.315  0.029325513  0.9824047
34.333  0.019550342  1.0997068
34.351  0.019550342  1.1779081
34.386  0.024437927  1.3294233
34.386  0.024437927  1.3294233
34.404  0.0342131  1.3831867
34.421  0.0342131  1.485826
34.439  0.0342131  1.5640273
34.475  0.0342131  1.603128
34.492  0.029325513  1.5982404
34.509  0.029325513  1.5884652
34.528  0.024437927  1.6080155
34.545  0.029325513  1.637341
34.563  0.029325513  1.6324534
34.598  0.029325513  1.6080155
34.616  0.039100684  1.6422288
34.633  0.039100684  1.6862171
34.633  0.039100684  1.6862171
34.652  0.04398827  1.7057674
34.669  0.039100684  1.744868
34.704  0.039100684  1.6666667
34.722  0.039100684  1.6568916
34.757  0.039100684  1.7253177
34.775  0.0342131  1.6911047
34.793  0.039100684  1.6422288
34.81  0.0342131  1.6129031
34.845  0.029325513  1.2512219
34.864  0.039100684  0.89442813
34.881  0.0342131  0.53274685
34.897  0.039100684  0.3030303
34.931  0.039100684  0.08308896
34.947  0.0342131  0.0342131
34.947  0.0342131  0.0342131
34.962  0.0342131  0.0
34.994  0.0342131  0.0
35.024  0.0342131  0.0
35.024  0.0342131  0.0
35.056  0.0342131  0.0
35.102  0.0342131  0.0
35.102  0.0342131  0.0
35.134  0.04398827  0.0
35.165  0.0342131  0.0
35.165  0.0342131  0.0
35.18  0.04398827  0.0
35.212  0.039100684  0.0
35.227  0.029325513  0.0
35.259  0.039100684  0.0
35.274  0.039100684  0.0
35.29  0.039100684  0.009775171
35.29  0.039100684  0.009775171
35.321  0.0342131  0.0
35.337  0.0342131  0.0
35.352  0.0342131  0.0
35.384  0.029325513  0.0
35.399  0.024437927  0.0
35.415  0.019550342  0.0
35.445  0.014662757  0.0
35.462  0.019550342  0.0
35.492  0.029325513  0.0
35.508  0.04398827  0.0
35.524  0.019550342  0.0
35.555  0.0342131  0.0
35.57  0.029325513  0.0048875855
35.587  0.014662757  0.0
35.617  0.019550342  0.0
35.633  0.019550342  0.0
35.664  0.009775171  0.0
35.68  0.014662757  0.0
35.695  0.029325513  0.0
35.727  0.024437927  0.0
35.742  0.019550342  0.0
35.758  0.024437927  0.0
35.789  0.024437927  0.0048875855
35.805  0.019550342  0.0
35.82  0.024437927  0.0
35.852  0.029325513  0.0
35.867  0.024437927  0.0
35.883  0.019550342  0.0
35.913  0.0342131  0.0
35.93  0.0342131  0.0048875855
35.945  0.024437927  0.0
35.976  0.024437927  0.0
35.992  0.024437927  0.0
36.023  0.024437927  0.0
36.038  0.0342131  0.0
36.055  0.0342131  0.0
36.085  0.029325513  0.0
36.101  0.029325513  0.0
36.132  0.0342131  0.0
36.148  0.0342131  0.0
36.163  0.0342131  0.0
36.178  0.0342131  0.0
36.21  0.029325513  0.0
36.226  0.0342131  0.0
36.226  0.0342131  0.0
36.257  0.0342131  0.0
36.273  0.039100684  0.0
36.288  0.039100684  0.0048875855
36.32  0.0342131  0.0
36.335  0.029325513  0.0
36.35  0.0342131  0.0
36.382  0.024437927  0.0
36.398  0.029325513  0.0
36.413  0.024437927  0.0
36.444  0.024437927  0.0
36.46  0.024437927  0.0
36.475  0.024437927  0.0
36.506  0.024437927  0.0
36.523  0.014662757  0.0
36.553  0.024437927  0.0
36.569  0.024437927  0.0048875855
36.585  0.014662757  0.0
36.6  0.019550342  0.0
36.631  0.024437927  0.0
36.647  0.019550342  0.0
36.678  0.024437927  0.0
36.678  0.029325513  0.0
36.709  0.029325513  0.0
36.709  0.029325513  0.0
36.741  0.024437927  0.0
36.756  0.0342131  0.0
36.788  0.029325513  0.0
36.803  0.024437927  0.0
36.818  0.024437927  0.0
36.85  0.029325513  0.0
36.866  0.029325513  0.0
36.896  0.029325513  0.0
36.912  0.029325513  0.0
36.928  0.024437927  0.0
36.959  0.024437927  0.0
36.974  0.024437927  0.0
36.974  0.024437927  0.0
37.021  0.024437927  0.0
37.021  0.024437927  0.0
37.037  0.024437927  0.0
37.053  0.0342131  0.0
37.099  0.0342131  0.0
37.131  0.039100684  0.0
37.146  0.029325513  0.0
37.161  0.024437927  0.0
37.177  0.039100684  0.0
37.194  0.058651026  0.0
37.21  0.04398827  0.0
37.241  0.048875853  0.0
37.259  0.05376344  0.0
37.275  0.05376344  0.0
37.292  0.05376344  0.0
37.324  0.04398827  0.0
37.341  0.048875853  0.0
37.357  0.048875853  0.0
37.373  0.05376344  0.0
37.407  0.048875853  0.0
37.407  0.048875853  0.0
37.423  0.04398827  0.0
37.456  0.058651026  0.0
37.473  0.048875853  0.0
37.504  0.024437927  0.0
37.52  0.029325513  0.0
37.551  0.0342131  0.0
37.566  0.014662757  0.0
37.582  0.029325513  0.0
37.613  0.029325513  0.0
37.628  0.009775171  0.0
37.66  0.0  0.0
37.676  0.009775171  0.0
37.691  0.014662757  0.0
37.706  0.009775171  0.0
37.706  0.009775171  0.0
37.753  0.029325513  0.0
37.753  0.029325513  0.0
37.785  0.019550342  0.0
37.8  0.0342131  0.0
37.816  0.039100684  0.0
37.848  0.039100684  0.014662757
37.863  0.0342131  0.0
37.878  0.029325513  0.0
37.925  0.014662757  0.0
37.925  0.014662757  0.0
37.941  0.024437927  0.0
37.971  0.039100684  0.0
37.988  0.0342131  0.0
38.019  0.029325513  0.0
38.035  0.048875853  0.0
38.052  0.05376344  0.0
38.085  0.1026393  0.0
38.102  0.12707722  0.0
38.119  0.21994135  0.0
38.135  0.35190615  0.0
38.153  0.53763443  0.0
38.189  1.3245356  0.0
38.206  1.8181819  0.0
38.223  2.3264906  0.0
38.241  2.9178884  0.0
38.259  3.4848485  0.0
38.294  3.9345064  0.0
38.312  4.3352885  0.0
38.33  4.340176  0.0
38.347  4.354839  0.0
38.365  4.354839  0.0
38.401  4.115347  0.0
38.418  3.9833822  0.0
38.435  3.9931574  0.0
38.454  3.86608  0.0
38.471  3.8025415  0.0
38.506  4.081134  0.0
38.524  4.296188  0.0
38.542  4.389052  0.0
38.559  4.27175  0.0
38.578  4.2521996  0.0
38.612  4.14956  0.0
38.612  4.14956  0.0
38.648  3.797654  0.0
38.648  3.797654  0.0
38.666  3.5043988  0.0
38.719  1.7008798  0.0
38.719  1.7008798  0.0
38.736  1.2561095  0.0
38.754  1.0997068  0.0
38.79  0.6451613  0.0
38.807  0.5474096  0.0
38.807  0.5474096  0.0
38.84  0.21505377  0.0
38.857  0.19061583  0.0
38.874  0.14173998  0.0
38.906  0.08308896  0.0
38.924  0.07820137  0.0
38.939  0.029325513  0.0
38.97  0.04398827  0.0
38.986  0.039100684  0.0
39.002  0.029325513  0.0
39.032  0.04398827  0.0
39.049  0.024437927  0.0
39.079  0.019550342  0.0
39.095  0.04398827  0.0
39.127  0.029325513  0.0
39.142  0.0342131  0.0
39.157  0.039100684  0.0
39.174  0.06353861  0.0
39.207  0.21994135  0.0
39.224  0.43010753  0.0
39.242  0.5083089  0.0
39.26  0.7086999  0.0
39.277  0.89442813  0.0
39.313  1.1192571  0.0
39.313  1.1192571  0.0
39.348  1.2218964  0.0
39.348  1.2218964  0.0
39.384  1.285435  0.0
39.401  1.319648  0.0
39.418  1.2463343  0.0
39.454  1.0948192  0.0
39.472  0.95796674  0.0
39.489  0.81133914  0.0
39.506  0.75268817  0.0
39.525  0.7478006  0.0
39.56  0.69403714  0.0
39.578  0.5718475  0.0
39.595  0.4496579  0.0
39.611  0.39100683  0.0
39.627  0.3030303  0.0
39.661  0.22971652  0.0
39.677  0.28836754  0.0
39.677  0.28836754  0.0
39.711  0.29325512  0.0
39.711  0.29325512  0.0
39.744  0.4105572  0.0
39.761  0.65004885  0.0
39.78  0.93352884  0.0
39.797  1.001955  0.0
39.815  1.2463343  0.0
39.851  1.6715543  0.0
39.868  1.7986315  0.0
39.885  1.7399805  0.0
39.903  1.6862171  0.0
39.921  1.3343109  0.0
39.956  0.86510265  0.0
39.974  0.66471165  0.0
39.992  0.52297163  0.0
40.009  0.5083089  0.0
40.027  0.6402737  0.0
40.062  1.3147604  0.0
40.08  1.769306  0.0
40.097  2.0185728  0.0
40.116  2.1212122  0.0
40.151  1.9892473  0.0
40.168  1.8181819  0.0
40.186  1.6080155  0.0
40.204  1.344086  0.0
40.221  1.0752689  0.0
40.257  0.9677419  0.0
40.274  1.0606061  0.0
40.292  1.1192571  0.0
40.292  1.1192571  0.0
40.31  1.1094819  0.0
40.328  1.5053763  0.0
40.363  2.4193547  0.0
40.381  2.6490712  0.0
40.398  2.5855327  0.0
40.416  2.4389052  0.0
40.433  2.311828  0.0
40.469  2.2140763  0.0
40.486  2.1994135  0.0
40.504  2.2385142  0.0
40.522  2.3851416  0.0
40.54  2.3753664  0.0
40.576  2.5073314  0.0
40.593  2.6001954  0.0
40.61  2.6246333  0.0
40.628  2.71261  0.0
40.646  2.7174976  0.0
40.664  2.7272727  0.0
40.698  2.7321603  0.0
40.717  2.795699  0.0
40.734  2.746823  0.0
40.752  2.7174976  0.0
40.769  2.6344085  0.0
40.805  2.414467  0.0048875855
40.822  2.2971652  0.0
40.841  2.1309874  0.0
40.858  1.9550343  0.0
40.876  1.8523949  0.0
40.876  1.8523949  0.0
40.911  1.7839687  0.0
40.946  1.4173998  0.0
40.982  1.285435  0.0
40.999  1.2805474  0.0
41.017  1.226784  0.0
41.034  1.1388074  0.0
41.053  1.1045943  0.0
41.088  1.1290323  0.0
41.106  1.1730205  0.0
41.123  1.1632453  0.0
41.141  1.1681329  0.0
41.158  1.1779081  0.0
41.177  1.1632453  0.0
41.211  1.2218964  0.0
41.229  1.2463343  0.0
41.247  1.226784  0.0
41.265  1.2463343  0.0
41.282  1.2463343  0.0
41.318  1.344086  0.0
41.335  1.4271749  0.0
41.353  1.5347018  0.0
41.353  1.5347018  0.0
41.37  1.5835776  0.0
41.389  1.5933528  0.0
41.423  1.6275659  0.009775171
41.442  1.6617792  0.0048875855
41.459  1.6617792  0.0
41.477  1.6568916  0.0
41.494  1.6568916  0.0
41.512  1.7057674  0.024437927
41.548  1.6471164  0.048875853
41.567  1.6080155  0.048875853
41.605  1.544477  0.08797654
41.623  1.485826  0.092864126
41.643  1.4516128  0.10752688
41.661  1.4222873  0.11241447
41.679  1.3538612  0.1368524
41.717  1.1925708  0.16617791
41.736  1.1143695  0.2052786
41.754  0.9872923  0.23949169
41.774  0.8211144  0.27859238
41.792  0.66959924  0.31769305
41.792  0.66959924  0.31769305
41.809  0.4740958  0.35679373
41.845  0.4105572  0.42033237
41.863  0.3372434  0.45454547
41.881  0.2052786  0.49853373
41.9  0.22971652  0.56207234
41.919  0.1368524  0.5718475
41.956  0.13196482  0.66959924
41.975  0.12218964  0.69403714
41.994  0.092864126  0.7086999
42.012  0.1026393  0.78201365
42.031  0.092864126  0.8162267
42.05  0.048875853  0.8308896
42.067  0.0342131  0.8699902
42.102  0.029325513  0.89442813
42.121  0.0342131  0.9237537
42.138  0.014662757  0.9188661
42.156  0.024437927  0.9139785
42.174  0.04398827  0.9481916
42.209  0.039100684  0.99706745
42.226  0.04398827  1.0263929
42.245  0.0342131  1.0606061
42.262  0.029325513  1.0801564
42.279  0.029325513  1.0703813
42.316  0.05376344  1.085044
42.334  0.0342131  1.1192571
42.351  0.029325513  1.1339198
42.351  0.029325513  1.1339198
42.369  0.04398827  1.1876832
42.387  0.024437927  1.2218964
42.422  0.029325513  1.1974584
42.44  0.029325513  1.1681329
42.458  0.019550342  1.1730205
42.492  0.019550342  1.202346
42.511  0.024437927  1.2072335
42.511  0.024437927  1.2072335
42.528  0.029325513  1.2121212
42.563  0.0342131  1.2365592
42.582  0.0342131  1.226784
42.599  0.0342131  1.2316716
42.616  0.029325513  1.2463343
42.634  0.029325513  1.2707722
42.687  0.024437927  1.2756598
42.705  0.019550342  1.285435
42.705  0.019550342  1.285435
42.723  0.024437927  1.2658846
42.74  0.019550342  1.2414467
42.776  0.019550342  1.2170088
42.793  0.024437927  1.226784
42.811  0.0342131  1.2316716
42.828  0.039100684  1.2316716
42.847  0.0342131  1.2170088
42.882  0.019550342  1.1681329
42.899  0.024437927  1.1192571
42.917  0.019550342  1.1241447
42.935  0.029325513  1.1192571
42.952  0.029325513  1.0899316
42.989  0.039100684  1.0997068
43.006  0.0342131  1.085044
43.024  0.039100684  1.0948192
43.042  0.039100684  1.085044
43.06  0.0342131  1.0557185
43.095  0.04398827  1.0557185
43.114  0.048875853  1.0606061
43.132  0.05376344  1.0459433
43.132  0.05376344  1.0459433
43.151  0.05376344  0.99706745
43.17  0.05376344  0.9726295
43.188  0.04398827  0.99706745
43.223  0.039100684  0.9726295
43.241  0.0342131  0.95796674
43.276  0.039100684  0.95307916
43.293  0.0342131  0.9677419
43.312  0.0342131  0.9677419
43.33  0.048875853  0.9872923
43.348  0.058651026  0.9775171
43.366  0.039100684  0.9726295
43.384  0.039100684  0.9824047
43.419  0.029325513  0.9384164
43.438  0.0342131  0.9237537
43.455  0.039100684  0.9139785
43.472  0.039100684  0.9188661
43.508  0.039100684  0.9237537
43.526  0.039100684  0.9188661
43.543  0.039100684  0.90909094
43.56  0.0342131  0.88954055
43.579  0.0342131  0.86021507
43.614  0.0342131  0.8553275
43.631  0.039100684  0.8699902
43.65  0.04398827  0.8797654
43.65  0.04398827  0.8797654
43.685  0.039100684  0.90909094
43.721  0.0342131  0.8993158
43.721  0.0342131  0.8993158
43.739  0.0342131  0.8699902
43.774  0.04398827  0.8504399
43.793  0.048875853  0.8553275
43.811  0.06353861  0.8455523
43.811  0.06353861  0.8455523
43.849  0.05376344  0.8504399
43.868  0.058651026  0.86021507
43.886  0.05376344  0.8748778
43.906  0.048875853  0.8993158
43.924  0.048875853  0.90909094
43.942  0.048875853  0.8797654
43.96  0.04398827  0.8699902
43.979  0.048875853  0.8699902
44.016  0.048875853  0.84066474
44.036  0.048875853  0.8455523
44.054  0.058651026  0.8504399
44.072  0.05376344  0.86021507
44.091  0.05376344  0.86510265
44.11  0.05376344  0.8699902
44.129  0.058651026  0.8797654
44.147  0.06353861  0.884653
44.185  0.05376344  0.884653
44.204  0.05376344  0.8748778
44.221  0.04398827  0.8504399
44.239  0.039100684  0.8308896
44.274  0.04398827  0.8162267
44.293  0.048875853  0.826002
44.312  0.05376344  0.8162267
44.331  0.048875853  0.81133914
44.349  0.048875853  0.8211144
44.368  0.048875853  0.8211144
44.387  0.048875853  0.8211144
44.405  0.05376344  0.81133914
44.443  0.05376344  0.801564
44.462  0.05376344  0.801564
44.479  0.04398827  0.78201365
44.496  0.04398827  0.76246333
44.496  0.04398827  0.76246333
44.515  0.039100684  0.75268817
44.551  0.048875853  0.76246333
44.551  0.048875853  0.76246333
44.57  0.05376344  0.76246333
44.607  0.05376344  0.7673509
44.645  0.058651026  0.78201365
44.645  0.058651026  0.78201365
44.663  0.058651026  0.7771261
44.701  0.058651026  0.7673509
44.701  0.058651026  0.7673509
44.738  0.058651026  0.7282502
44.756  0.058651026  0.71847504
44.776  0.06353861  0.71358746
44.794  0.0684262  0.71358746
44.813  0.06353861  0.7086999
44.831  0.06353861  0.71358746
44.869  0.06353861  0.7038123
44.888  0.05376344  0.7038123
44.907  0.05376344  0.68914956
44.925  0.048875853  0.684262
44.943  0.04398827  0.68914956
44.979  0.039100684  0.65493643
44.996  0.04398827  0.62561095
45.014  0.04398827  0.6304985
45.031  0.04398827  0.65004885
45.05  0.048875853  0.65493643
45.069  0.048875853  0.65493643
45.087  0.048875853  0.65493643
45.107  0.048875853  0.65493643
45.143  0.04398827  0.65004885
45.16  0.039100684  0.6158358
45.178  0.039100684  0.58651024
45.178  0.039100684  0.58651024
45.213  0.04398827  0.5278593
45.213  0.04398827  0.5278593
45.249  0.04398827  0.53763443
45.266  0.04398827  0.53274685
45.302  0.04398827  0.5034213
45.32  0.039100684  0.49853373
45.336  0.0342131  0.46432063
45.352  0.039100684  0.43010753
45.37  0.04398827  0.4105572
45.403  0.04398827  0.33235583
45.419  0.04398827  0.24437928
45.436  0.039100684  0.16129032
45.469  0.04398827  0.06353861
45.486  0.04398827  0.048875853
45.503  0.04398827  0.05376344
45.518  0.04398827  0.039100684
45.549  0.039100684  0.0
45.565  0.04398827  0.0
45.565  0.04398827  0.0
45.596  0.0342131  0.0
45.612  0.0342131  0.0
45.659  0.0342131  0.0
45.659  0.0342131  0.0
45.674  0.029325513  0.0
45.689  0.029325513  0.0
45.721  0.024437927  0.009775171
45.736  0.039100684  0.0
45.752  0.024437927  0.0
45.784  0.029325513  0.0
45.799  0.019550342  0.0048875855
45.814  0.009775171  0.0
45.846  0.024437927  0.0
45.861  0.019550342  0.0048875855
45.892  0.014662757  0.0
45.924  0.014662757  0.014662757
45.955  0.009775171  0.0048875855
45.971  0.014662757  0.019550342
46.004  0.014662757  0.08797654
46.02  0.014662757  0.1368524
46.038  0.0048875855  0.15640274
46.054  0.009775171  0.18572825
46.087  0.019550342  0.31280547
46.104  0.014662757  0.38611925
46.12  0.009775171  0.42033237
46.137  0.009775171  0.46432063
46.173  0.029325513  0.601173
46.19  0.029325513  0.6451613
46.208  0.0342131  0.66471165
46.208  0.0342131  0.66471165
46.225  0.0342131  0.68914956
46.261  0.0342131  0.8308896
46.278  0.024437927  0.8553275
46.296  0.009775171  0.84066474
46.314  0.014662757  0.8455523
46.331  0.019550342  0.86510265
46.367  0.019550342  0.93352884
46.385  0.019550342  0.95796674
46.402  0.014662757  0.9384164
46.419  0.014662757  0.9384164
46.438  0.014662757  0.9237537
46.455  0.014662757  0.9188661
46.49  0.014662757  0.95796674
46.509  0.029325513  0.9677419
46.526  0.0342131  0.9872923
46.543  0.039100684  1.0166178
46.561  0.039100684  1.0459433
46.597  0.029325513  1.0361681
46.614  0.039100684  1.0312805
46.632  0.039100684  1.0459433
46.65  0.024437927  1.0654937
46.667  0.0342131  1.0801564
46.705  0.048875853  1.085044
46.724  0.058651026  1.0948192
46.742  0.05376344  1.1290323
46.76  0.048875853  1.1339198
46.76  0.048875853  1.1339198
46.779  0.04398827  1.1241447
46.796  0.04398827  1.1192571
46.814  0.04398827  1.0948192
46.851  0.04398827  0.99706745
46.869  0.048875853  0.9726295
46.887  0.048875853  0.9628543
46.925  0.058651026  0.9384164
46.944  0.048875853  0.90420336
46.962  0.048875853  0.86510265
46.981  0.04398827  0.7673509
47.014  0.0342131  0.4349951
47.032  0.039100684  0.25904202
47.049  0.048875853  0.12707722
47.067  0.048875853  0.08308896
47.084  0.048875853  0.048875853
47.116  0.029325513  0.0048875855
47.131  0.029325513  0.0
47.162  0.029325513  0.0
47.178  0.039100684  0.0048875855
47.194  0.029325513  0.0
47.224  0.0342131  0.0
47.224  0.0342131  0.0
47.256  0.009775171  0.0
47.256  0.009775171  0.0
47.287  0.024437927  0.0
47.303  0.014662757  0.0
47.319  0.029325513  0.0048875855
47.349  0.0048875855  0.0
47.366  0.0048875855  0.0
47.396  0.019550342  0.0
47.412  0.019550342  0.0
47.427  0.039100684  0.0
47.459  0.029325513  0.0048875855
47.474  0.0048875855  0.0
47.49  0.0  0.0
47.521  0.0  0.0
47.537  0.0  0.0
47.552  0.0  0.0
47.552  0.0  0.0
47.599  0.0  0.0048875855
47.599  0.0  0.0048875855
47.646  0.0  0.0
47.662  0.0048875855  0.0
47.677  0.019550342  0.0
47.709  0.0  0.0
47.724  0.0048875855  0.0
47.739  0.0  0.0
47.739  0.0  0.0
47.771  0.0  0.0
47.787  0.0  0.0
47.817  0.0  0.0
47.834  0.0  0.0
47.849  0.0  0.0
47.88  0.0  0.0
47.896  0.0  0.0
47.911  0.0  0.0
47.942  0.0  0.0
47.958  0.0  0.0
47.989  0.0  0.0
48.005  0.0  0.0
48.02  0.009775171  0.0
48.052  0.0  0.0
48.067  0.0  0.0
48.082  0.0  0.0
48.114  0.0  0.0
48.13  0.0  0.0
48.145  0.0  0.0
48.161  0.0  0.0
48.192  0.0  0.0
48.192  0.0  0.0
48.207  0.0  0.0
48.239  0.0  0.0
48.27  0.0  0.0
48.27  0.0  0.0
48.302  0.0048875855  0.0
48.332  0.0  0.0
48.364  0.0048875855  0.0
48.379  0.0048875855  0.029325513
48.379  0.0048875855  0.029325513
48.425  0.0  0.019550342
48.442  0.009775171  0.04398827
48.458  0.0  0.07331378
48.475  0.0  0.08308896
48.508  0.0  0.11730205
48.525  0.009775171  0.14662756
48.541  0.0048875855  0.17595308
48.575  0.0  0.21505377
48.591  0.0048875855  0.24437928
48.608  0.009775171  0.28347996
48.624  0.0048875855  0.32746822
48.658  0.0  0.47898337
48.675  0.0  0.52297163
48.694  0.0  0.53274685
48.711  0.0  0.6109482
48.729  0.0  0.6451613
48.764  0.014662757  0.73802537
48.782  0.009775171  0.75268817
48.799  0.014662757  0.75268817
48.817  0.014662757  0.6989247
48.835  0.009775171  0.6451613
48.869  0.0048875855  0.4740958
48.885  0.009775171  0.400782
48.903  0.024437927  0.3030303
48.935  0.0048875855  0.11730205
48.951  0.0  0.04398827
48.983  0.0  0.04398827
48.998  0.009775171  0.029325513
49.013  0.0  0.0
49.03  0.0  0.0
49.06  0.024437927  0.0048875855
49.076  0.0  0.009775171
49.107  0.0  0.0
49.123  0.0  0.0
49.138  0.014662757  0.0048875855
49.17  0.009775171  0.0
49.185  0.024437927  0.0
49.214  0.009775171  0.0
49.228  0.009775171  0.0
49.255  0.039100684  0.0
49.268  0.019550342  0.0
49.296  0.0342131  0.0
49.31  0.07820137  0.0
49.325  0.092864126  0.0
49.353  0.15640274  0.0
49.369  0.23949169  0.0
49.398  0.56207234  0.0
49.414  0.7771261  0.0
49.445  1.603128  0.0
49.445  1.603128  0.0
49.476  2.8250244  0.0
49.508  4.833822  0.0
49.508  4.833822  0.0
49.524  5.0  0.0
49.541  5.0  0.0
49.557  5.0  0.0
49.607  5.0  0.0
49.607  5.0  0.0
49.624  5.0  0.0
49.674  5.0  0.0
49.69  5.0  0.0
49.724  5.0  0.0
49.755  2.1309874  0.0048875855
49.771  1.260997  0.0
49.801  0.4692082  0.014662757
49.83  0.16129032  0.0
49.845  0.12218964  0.0
49.887  0.014662757  0.0
49.887  0.014662757  0.0
49.929  0.039100684  0.0
49.955  0.024437927  0.019550342
49.971  0.019550342  0.0
49.999  0.029325513  0.029325513
50.015  0.019550342  0.0684262
50.032  0.009775171  0.048875853
50.032  0.009775171  0.048875853
50.065  0.024437927  0.08308896
50.081  0.024437927  0.14662756
50.099  0.029325513  0.19061583
50.115  0.014662757  0.21016619
50.148  0.009775171  0.3079179
50.165  0.019550342  0.35190615
50.182  0.029325513  0.42521995
50.214  0.014662757  0.48387095
50.233  0.014662757  0.5034213
50.25  0.019550342  0.52297163
50.268  0.019550342  0.58162266
50.304  0.014662757  0.62072337
50.304  0.014662757  0.62072337
50.321  0.014662757  0.6402737
50.338  0.014662757  0.6109482
50.356  0.014662757  0.5669599
50.374  0.019550342  0.53763443
50.408  0.0048875855  0.38123167
50.426  0.014662757  0.29325512
50.444  0.009775171  0.17595308
50.461  0.014662757  0.10752688
50.479  0.009775171  0.06353861
50.512  0.0048875855  0.0048875855
50.529  0.009775171  0.0
50.545  0.014662757  0.0
50.563  0.014662757  0.0
50.595  0.014662757  0.0
50.612  0.009775171  0.0
50.629  0.0048875855  0.0
50.662  0.014662757  0.0
50.678  0.009775171  0.0048875855
50.696  0.0  0.0048875855
50.712  0.0048875855  0.0
50.745  0.009775171  0.0
50.762  0.019550342  0.0
50.78  0.0684262  0.024437927
50.797  0.029325513  0.048875853
50.833  0.009775171  0.07820137
50.85  0.014662757  0.12218964
50.868  0.029325513  0.15640274
50.885  0.0342131  0.22971652
50.904  0.0342131  0.3372434
50.921  0.039100684  0.42033237
50.958  0.039100684  0.5278593
50.976  0.024437927  0.65493643
50.995  0.024437927  0.66471165
51.013  0.029325513  0.6744868
51.051  0.0342131  0.71847504
51.069  0.039100684  0.742913
51.088  0.039100684  0.69403714
51.107  0.0342131  0.684262
51.126  0.0342131  0.6353861
51.145  0.05376344  0.5669599
51.165  0.04398827  0.5083089
51.182  0.04398827  0.40566957
51.217  0.039100684  0.19550341
51.235  0.04398827  0.14662756
51.254  0.048875853  0.07820137
51.27  0.0342131  0.024437927
51.304  0.014662757  0.0
51.32  0.024437927  0.0048875855
51.337  0.019550342  0.019550342
51.371  0.014662757  0.0
51.387  0.024437927  0.0
51.403  0.029325513  0.0
51.42  0.0342131  0.0048875855
51.42  0.0342131  0.0048875855
51.437  0.029325513  0.019550342
51.486  0.0342131  0.0048875855
51.486  0.0342131  0.0048875855
51.522  0.039100684  0.10752688
51.558  0.014662757  0.26881722
51.575  0.024437927  0.37634408
51.593  0.024437927  0.4398827
51.611  0.019550342  0.5278593
51.631  0.014662757  0.62072337
51.649  0.024437927  0.68914956
51.667  0.0342131  0.7282502
51.703  0.039100684  0.84066474
51.721  0.04398827  0.8748778
51.738  0.039100684  0.90909094
51.757  0.04398827  0.8993158
51.775  0.048875853  0.9139785
51.792  0.04398827  0.884653
51.829  0.039100684  0.8797654
51.847  0.039100684  0.90909094
51.864  0.039100684  0.93352884
51.881  0.039100684  0.9237537
51.9  0.039100684  0.8993158
51.934  0.0342131  0.83577716
51.934  0.0342131  0.83577716
51.95  0.039100684  0.7233626
51.997  0.04398827  0.39100683
51.997  0.04398827  0.39100683
52.012  0.04398827  0.26881722
52.041  0.019550342  0.12707722
52.056  0.029325513  0.092864126
52.097  0.04398827  0.04398827
52.097  0.04398827  0.04398827
52.123  0.039100684  0.0
52.15  0.019550342  0.0
52.164  0.0342131  0.0
52.191  0.009775171  0.0
52.204  0.014662757  0.0
52.234  0.019550342  0.0048875855
52.248  0.019550342  0.0
52.263  0.019550342  0.0
52.295  0.019550342  0.0342131
52.311  0.014662757  0.009775171
52.326  0.019550342  0.0048875855
52.36  0.019550342  0.08797654
52.376  0.029325513  0.14662756
52.392  0.039100684  0.18572825
52.427  0.05376344  0.27859238
52.444  0.0342131  0.3714565
52.46  0.0342131  0.48387095
52.477  0.029325513  0.52297163
52.496  0.019550342  0.58162266
52.514  0.019550342  0.6402737
52.551  0.039100684  0.68914956
52.551  0.039100684  0.68914956
52.59  0.039100684  0.68914956
52.61  0.048875853  0.73802537
52.629  0.039100684  0.6989247
52.647  0.04398827  0.6353861
52.666  0.04398827  0.58651024
52.684  0.039100684  0.48875856
52.719  0.04398827  0.2737048
52.737  0.048875853  0.2052786
52.755  0.05376344  0.14662756
52.771  0.04398827  0.058651026
52.803  0.039100684  0.0048875855
52.818  0.0342131  0.014662757
52.835  0.029325513  0.024437927
52.866  0.029325513  0.0
52.881  0.04398827  0.0
52.897  0.04398827  0.014662757
52.927  0.0342131  0.0
52.941  0.024437927  0.009775171
52.969  0.019550342  0.009775171
52.997  0.029325513  0.06353861
53.011  0.024437927  0.0684262
53.011  0.024437927  0.0684262
53.041  0.029325513  0.12707722
53.069  0.019550342  0.21016619
53.084  0.029325513  0.26392964
53.099  0.0342131  0.35679373
53.128  0.019550342  0.4692082
53.143  0.039100684  0.5278593
53.159  0.04398827  0.6060606
53.177  0.048875853  0.6793744
53.211  0.029325513  0.659824
53.23  0.048875853  0.6744868
53.249  0.058651026  0.659824
53.267  0.048875853  0.66471165
53.284  0.04398827  0.6402737
53.32  0.039100684  0.49364614
53.337  0.029325513  0.38123167
53.354  0.04398827  0.26881722
53.37  0.024437927  0.18572825
53.403  0.04398827  0.0684262
53.42  0.039100684  0.04398827
53.45  0.0342131  0.0048875855
53.466  0.029325513  0.0
53.482  0.039100684  0.0
53.499  0.039100684  0.009775171
53.532  0.039100684  0.014662757
53.549  0.04398827  0.0
53.566  0.04398827  0.0
53.582  0.048875853  0.024437927
53.616  0.039100684  0.08797654
53.634  0.024437927  0.12218964
53.65  0.04398827  0.14662756
53.666  0.039100684  0.19550341
53.7  0.04398827  0.38611925
53.716  0.039100684  0.44477028
53.734  0.039100684  0.5278593
53.751  0.0342131  0.601173
53.804  0.0342131  0.73802537
53.804  0.0342131  0.73802537
53.821  0.0342131  0.7771261
53.852  0.0342131  0.7722385
53.867  0.0342131  0.7478006
53.899  0.039100684  0.8162267
53.929  0.0342131  0.78690124
53.961  0.039100684  0.7331378
53.977  0.0342131  0.6744868
54.007  0.039100684  0.4154448
54.007  0.039100684  0.4154448
54.025  0.05376344  0.33235583
54.055  0.039100684  0.19550341
54.055  0.039100684  0.19550341
54.089  0.029325513  0.048875853
54.105  0.0342131  0.014662757
54.153  0.039100684  0.009775171
54.153  0.039100684  0.009775171
54.183  0.04398827  0.0
54.183  0.04398827  0.0
54.215  0.05376344  0.0
54.233  0.05376344  0.009775171
54.249  0.048875853  0.0
54.283  0.048875853  0.0
54.301  0.048875853  0.0
54.319  0.05376344  0.014662757
54.337  0.048875853  0.048875853
54.356  0.048875853  0.0684262
54.393  0.048875853  0.21994135
54.411  0.04398827  0.31769305
54.43  0.048875853  0.37634408
54.45  0.048875853  0.49853373
54.469  0.048875853  0.6158358
54.49  0.048875853  0.69403714
54.509  0.048875853  0.7331378
54.529  0.048875853  0.801564
54.548  0.048875853  0.826002
54.568  0.05376344  0.8504399
54.588  0.048875853  0.8699902
54.607  0.05376344  0.826002
54.647  0.048875853  0.7722385
54.667  0.048875853  0.66471165
54.687  0.048875853  0.5669599
54.706  0.05376344  0.38123167
54.724  0.05376344  0.25904202
54.743  0.05376344  0.15151516
54.762  0.048875853  0.08797654
54.78  0.048875853  0.048875853
54.815  0.05376344  0.029325513
54.834  0.048875853  0.0342131
54.85  0.04398827  0.029325513
54.866  0.039100684  0.0048875855
54.901  0.05376344  0.024437927
54.92  0.048875853  0.048875853
54.938  0.05376344  0.06353861
54.958  0.048875853  0.07820137
54.976  0.048875853  0.12218964
54.994  0.048875853  0.16129032
55.013  0.048875853  0.2346041
55.032  0.048875853  0.28836754
55.067  0.039100684  0.35679373
55.086  0.04398827  0.4154448
55.105  0.048875853  0.52297163
55.123  0.04398827  0.6158358
55.143  0.048875853  0.66471165
55.163  0.048875853  0.7086999
55.183  0.05376344  0.78690124
55.202  0.05376344  0.78690124
55.223  0.05376344  0.8162267
55.242  0.048875853  0.78690124
55.262  0.048875853  0.78201365
55.281  0.048875853  0.801564
55.321  0.048875853  0.8308896
55.321  0.048875853  0.8308896
55.361  0.048875853  0.80645156
55.38  0.048875853  0.76246333
55.4  0.048875853  0.7038123
55.42  0.05376344  0.58162266
55.439  0.05376344  0.4349951
55.457  0.048875853  0.29325512
55.476  0.048875853  0.22482894
55.494  0.04398827  0.1368524
55.529  0.039100684  0.05376344
55.545  0.0342131  0.0
55.563  0.039100684  0.0
55.579  0.039100684  0.0
55.612  0.0342131  0.024437927
55.629  0.0342131  0.019550342
55.646  0.0342131  0.0
55.678  0.039100684  0.024437927
55.697  0.04398827  0.06353861
55.714  0.04398827  0.10752688
55.714  0.04398827  0.10752688
55.75  0.024437927  0.18572825
55.768  0.024437927  0.200391
55.802  0.039100684  0.37634408
55.821  0.024437927  0.45943305
55.839  0.029325513  0.5034213
55.858  0.0342131  0.601173
55.876  0.0342131  0.6451613
55.896  0.029325513  0.71358746
55.914  0.029325513  0.7282502
55.952  0.029325513  0.7917888
55.97  0.029325513  0.7917888
55.989  0.029325513  0.7673509
56.007  0.029325513  0.7673509
56.045  0.039100684  0.71847504
56.064  0.039100684  0.66471165
56.083  0.039100684  0.5913978
56.102  0.048875853  0.48875856
56.12  0.04398827  0.38123167
56.156  0.04398827  0.2052786
56.173  0.0342131  0.14173998
56.19  0.039100684  0.08797654
56.207  0.04398827  0.04398827
56.224  0.039100684  0.0048875855
56.257  0.039100684  0.009775171
56.273  0.039100684  0.009775171
56.291  0.0342131  0.014662757
56.307  0.029325513  0.0
56.34  0.039100684  0.0
56.34  0.039100684  0.0
56.374  0.04398827  0.0342131
56.374  0.04398827  0.0342131
56.427  0.0342131  0.10752688
56.444  0.039100684  0.15640274
56.462  0.039100684  0.24926686
56.462  0.039100684  0.24926686
56.479  0.039100684  0.3616813
56.536  0.04398827  0.6353861
56.555  0.04398827  0.71358746
56.555  0.04398827  0.71358746
56.573  0.039100684  0.76246333
56.592  0.029325513  0.80645156
56.61  0.024437927  0.8553275
56.63  0.029325513  0.8455523
56.667  0.039100684  0.8211144
56.686  0.04398827  0.80645156
56.706  0.048875853  0.7966764
56.725  0.048875853  0.826002
56.744  0.048875853  0.78201365
56.765  0.048875853  0.75268817
56.784  0.048875853  0.7233626
56.804  0.05376344  0.6402737
56.843  0.05376344  0.4740958
56.861  0.05376344  0.32746822
56.88  0.048875853  0.21505377
56.899  0.048875853  0.15151516
56.918  0.048875853  0.10752688
56.936  0.07331378  0.08308896
56.955  0.048875853  0.05376344
56.99  0.048875853  0.024437927
56.99  0.048875853  0.024437927
57.024  0.04398827  0.014662757
57.041  0.039100684  0.05376344
57.059  0.039100684  0.07820137
57.076  0.039100684  0.10752688
57.113  0.048875853  0.22482894
57.132  0.048875853  0.26881722
57.132  0.048875853  0.26881722
57.15  0.04398827  0.31769305
57.167  0.039100684  0.342131
57.203  0.048875853  0.4692082
57.223  0.04398827  0.52297163
57.241  0.04398827  0.6451613
57.26  0.04398827  0.6353861
57.278  0.04398827  0.71358746
57.297  0.04398827  0.76246333
57.317  0.048875853  0.7966764
57.356  0.04398827  0.7966764
57.374  0.04398827  0.78690124
57.393  0.039100684  0.742913
57.411  0.029325513  0.69403714
57.431  0.0342131  0.6109482
57.449  0.04398827  0.5083089
57.466  0.0342131  0.3616813
57.502  0.04398827  0.15640274
57.52  0.0342131  0.12218964
57.537  0.039100684  0.08797654
57.555  0.039100684  0.048875853
57.588  0.039100684  0.04398827
57.605  0.039100684  0.0
57.622  0.039100684  0.0
57.638  0.04398827  0.0
57.655  0.04398827  0.0
57.69  0.04398827  0.024437927
57.707  0.05376344  0.0342131
57.724  0.058651026  0.04398827
57.742  0.05376344  0.039100684
57.761  0.06353861  0.08308896
57.78  0.06353861  0.16617791
57.798  0.0684262  0.25904202
57.836  0.0684262  0.3714565
57.836  0.0684262  0.3714565
57.854  0.0684262  0.4692082
57.874  0.06353861  0.5278593
57.894  0.06353861  0.5718475
57.933  0.06353861  0.69403714
57.954  0.06353861  0.71358746
57.973  0.0684262  0.7038123
57.993  0.06353861  0.71358746
58.013  0.06353861  0.7086999
58.033  0.0684262  0.7478006
58.033  0.0684262  0.7478006
58.072  0.06353861  0.78201365
58.072  0.06353861  0.78201365
58.092  0.06353861  0.7771261
58.131  0.06353861  0.73802537
58.151  0.06353861  0.7722385
58.171  0.0684262  0.7771261
58.19  0.06353861  0.742913
58.21  0.05376344  0.742913
58.23  0.05376344  0.7282502
58.25  0.05376344  0.71358746
58.269  0.05376344  0.7038123
58.29  0.05376344  0.71358746
58.309  0.05376344  0.71847504
58.329  0.05376344  0.7233626
58.349  0.058651026  0.7086999
58.369  0.05376344  0.7038123
58.407  0.058651026  0.68914956
58.428  0.058651026  0.6793744
58.447  0.058651026  0.66471165
58.467  0.058651026  0.66471165
58.487  0.058651026  0.66471165
58.507  0.06353861  0.6744868
58.526  0.06353861  0.66471165
58.547  0.06353861  0.6451613
58.566  0.06353861  0.62561095
58.586  0.0684262  0.6109482
58.605  0.0684262  0.5913978
58.626  0.06353861  0.5669599
58.645  0.06353861  0.49853373
58.683  0.06353861  0.4398827
58.701  0.06353861  0.42033237
58.72  0.06353861  0.4105572
58.738  0.0684262  0.38611925
58.738  0.0684262  0.38611925
58.776  0.0684262  0.3714565
58.795  0.0684262  0.3714565
58.795  0.0684262  0.3714565
58.814  0.0684262  0.38123167
58.851  0.06353861  0.38123167
58.869  0.06353861  0.3714565
58.889  0.058651026  0.35190615
58.926  0.058651026  0.33235583
58.945  0.06353861  0.32746822
58.963  0.06353861  0.3372434
58.982  0.0684262  0.3372434
59.02  0.0684262  0.3616813
59.038  0.0684262  0.3665689
59.057  0.0684262  0.38611925
59.075  0.0684262  0.4154448
59.095  0.0684262  0.42521995
59.113  0.0684262  0.4349951
59.131  0.06353861  0.4692082
59.151  0.06353861  0.48387095
59.188  0.06353861  0.47898337
59.206  0.058651026  0.46432063
59.226  0.06353861  0.4496579
59.226  0.06353861  0.4496579
59.244  0.06353861  0.4398827
59.282  0.06353861  0.4349951
59.282  0.06353861  0.4349951
59.3  0.0684262  0.43010753
59.337  0.0684262  0.4496579
59.357  0.0684262  0.45454547
59.375  0.0684262  0.45943305
59.394  0.0684262  0.4692082
59.413  0.06353861  0.47898337
59.451  0.06353861  0.47898337
59.469  0.06353861  0.4740958
59.489  0.058651026  0.45454547
59.507  0.058651026  0.4496579
59.526  0.058651026  0.42033237
59.545  0.058651026  0.4105572
59.564  0.058651026  0.4154448
59.582  0.06353861  0.4105572
59.582  0.06353861  0.4105572
59.62  0.06353861  0.3958944
59.638  0.058651026  0.400782
59.657  0.05376344  0.400782
59.695  0.06353861  0.42521995
59.713  0.058651026  0.44477028
59.731  0.05376344  0.4398827
59.751  0.05376344  0.43010753
59.769  0.05376344  0.42521995
59.788  0.048875853  0.4349951
59.806  0.048875853  0.4398827
59.826  0.05376344  0.4154448
59.826  0.05376344  0.4154448
59.882  0.05376344  0.3714565
59.9  0.048875853  0.38611925
59.9  0.048875853  0.38611925
59.937  0.05376344  0.400782
59.957  0.05376344  0.400782
59.957  0.05376344  0.400782
59.975  0.05376344  0.4105572
60.013  0.05376344  0.42033237
60.032  0.048875853  0.4154448
60.05  0.05376344  0.4349951
60.068  0.048875853  0.43010753
60.088  0.048875853  0.43010753
60.106  0.048875853  0.42033237
60.125  0.048875853  0.3958944
60.144  0.048875853  0.37634408
60.181  0.048875853  0.3616813
60.199  0.048875853  0.3665689
60.219  0.048875853  0.38123167
60.237  0.048875853  0.39100683
60.256  0.05376344  0.38611925
60.256  0.05376344  0.38611925
60.274  0.05376344  0.40566957
60.312  0.048875853  0.42033237
60.331  0.048875853  0.4349951
60.35  0.05376344  0.4349951
60.367  0.04398827  0.43010753
60.385  0.04398827  0.39100683
60.402  0.04398827  0.3665689
60.422  0.048875853  0.3665689
60.44  0.048875853  0.37634408
60.459  0.05376344  0.39100683
60.496  0.05376344  0.3958944
60.515  0.05376344  0.400782
60.533  0.05376344  0.40566957
60.553  0.05376344  0.4154448
60.571  0.048875853  0.42033237
60.59  0.05376344  0.42521995
60.627  0.048875853  0.42521995
60.645  0.04398827  0.400782
60.663  0.048875853  0.38611925
60.683  0.048875853  0.3714565
60.683  0.048875853  0.3714565
60.701  0.048875853  0.3665689
60.738  0.048875853  0.400782
60.758  0.05376344  0.400782
60.776  0.05376344  0.400782
60.794  0.05376344  0.400782
60.832  0.05376344  0.42033237
60.851  0.048875853  0.42033237
60.869  0.05376344  0.43010753
60.889  0.048875853  0.42033237
60.907  0.048875853  0.42521995
60.924  0.04398827  0.3958944
60.962  0.048875853  0.3714565
60.981  0.048875853  0.3665689
60.999  0.048875853  0.35679373
61.019  0.05376344  0.38123167
61.037  0.05376344  0.37634408
61.056  0.05376344  0.38611925
61.075  0.05376344  0.39100683
61.112  0.05376344  0.39100683
61.13  0.048875853  0.39100683
61.15  0.048875853  0.400782
61.168  0.048875853  0.38123167
61.187  0.048875853  0.37634408
61.204  0.04398827  0.35679373
61.223  0.048875853  0.35190615
61.242  0.048875853  0.33235583
61.28  0.048875853  0.32746822
61.298  0.05376344  0.35190615
61.317  0.05376344  0.34701857
61.335  0.05376344  0.35679373
61.355  0.05376344  0.3714565
61.373  0.05376344  0.3665689
61.391  0.05376344  0.3714565
61.411  0.05376344  0.3714565
61.448  0.048875853  0.3714565
61.466  0.048875853  0.3665689
61.486  0.048875853  0.35679373
61.503  0.04398827  0.32746822
61.521  0.048875853  0.3079179
61.541  0.048875853  0.3079179
61.559  0.048875853  0.3079179
61.578  0.048875853  0.31280547
61.616  0.05376344  0.3079179
61.616  0.05376344  0.3079179
61.652  0.05376344  0.32746822
61.671  0.05376344  0.3372434
61.69  0.048875853  0.3372434
61.709  0.05376344  0.34701857
61.727  0.048875853  0.35190615
61.747  0.048875853  0.35679373
61.782  0.04398827  0.3079179
61.8  0.048875853  0.28836754
61.819  0.05376344  0.2981427
61.838  0.048875853  0.31280547
61.838  0.048875853  0.31280547
61.856  0.05376344  0.3079179
61.876  0.05376344  0.31280547
61.894  0.05376344  0.33235583
61.913  0.05376344  0.3372434
61.95  0.048875853  0.34701857
61.969  0.048875853  0.3616813
61.987  0.048875853  0.34701857
62.007  0.048875853  0.35679373
62.024  0.04398827  0.3372434
62.042  0.04398827  0.3030303
62.06  0.048875853  0.31769305
62.098  0.048875853  0.342131
62.116  0.048875853  0.342131
62.135  0.05376344  0.35190615
62.154  0.048875853  0.3616813
62.173  0.05376344  0.37634408
62.191  0.05376344  0.38611925
62.211  0.05376344  0.38611925
62.229  0.048875853  0.3958944
62.266  0.048875853  0.400782
62.285  0.048875853  0.40566957
62.303  0.04398827  0.37634408
62.32  0.04398827  0.3616813
62.34  0.048875853  0.3714565
62.376  0.05376344  0.38611925
62.376  0.05376344  0.38611925
62.395  0.05376344  0.39100683
62.414  0.05376344  0.3958944
62.433  0.05376344  0.40566957
62.451  0.05376344  0.4105572
62.47  0.048875853  0.4154448
62.489  0.048875853  0.42521995
62.508  0.048875853  0.42521995
62.545  0.048875853  0.4154448
62.563  0.04398827  0.38611925
62.581  0.048875853  0.38123167
62.6  0.05376344  0.37634408
62.619  0.048875853  0.38123167
62.656  0.05376344  0.3958944
62.656  0.05376344  0.3958944
62.675  0.05376344  0.400782
62.694  0.05376344  0.40566957
62.712  0.05376344  0.42033237
62.731  0.05376344  0.42521995
62.75  0.05376344  0.42521995
62.769  0.05376344  0.4349951
62.787  0.048875853  0.4398827
62.824  0.04398827  0.4154448
62.841  0.04398827  0.3958944
62.879  0.048875853  0.39100683
62.879  0.048875853  0.39100683
62.898  0.048875853  0.39100683
62.916  0.048875853  0.400782
62.935  0.05376344  0.3958944
62.954  0.048875853  0.4154448
62.991  0.05376344  0.4154448
63.01  0.048875853  0.4105572
63.029  0.048875853  0.40566957
63.047  0.048875853  0.35679373
63.084  0.04398827  0.19550341
63.101  0.04398827  0.11730205
63.12  0.048875853  0.058651026
63.138  0.048875853  0.019550342
63.138  0.048875853  0.019550342
63.173  0.048875853  0.0
63.209  0.048875853  0.009775171
63.226  0.058651026  0.019550342
63.226  0.058651026  0.019550342
63.243  0.019550342  0.0
63.259  0.039100684  0.0
63.293  0.039100684  0.0
63.31  0.048875853  0.0
63.328  0.058651026  0.0
63.345  0.029325513  0.0
63.394  0.0342131  0.0
63.394  0.0342131  0.0
63.428  0.019550342  0.0
63.428  0.019550342  0.0
63.461  0.009775171  0.0
63.495  0.029325513  0.0
63.511  0.009775171  0.0
63.511  0.009775171  0.0
63.545  0.0  0.0
63.561  0.0  0.0
63.578  0.0048875855  0.0
63.628  0.0048875855  0.0
63.644  0.0  0.0
63.661  0.0  0.0
63.694  0.009775171  0.0
63.711  0.009775171  0.0
63.711  0.009775171  0.0
63.745  0.0  0.0
63.777  0.0  0.0
63.777  0.0  0.0
63.794  0.0  0.0
63.811  0.0048875855  0.0
63.844  0.0  0.0
63.86  0.009775171  0.0
63.878  0.0048875855  0.0
63.894  0.0  0.0
63.927  0.0  0.0
63.944  0.0  0.0
63.977  0.0  0.0
63.993  0.0  0.0
64.011  0.009775171  0.0
64.027  0.0  0.0
64.06  0.009775171  0.0
64.077  0.0  0.0
64.094  0.0  0.0
64.11  0.0048875855  0.0
64.11  0.0048875855  0.0
64.144  0.019550342  0.0
64.16  0.0  0.0
64.177  0.0  0.0
64.193  0.0  0.0
64.227  0.009775171  0.0
64.243  0.0048875855  0.0
64.277  0.019550342  0.0
64.293  0.019550342  0.0
64.31  0.014662757  0.0
64.326  0.009775171  0.0
64.36  0.009775171  0.0
64.376  0.019550342  0.0
64.393  0.009775171  0.0
64.393  0.009775171  0.0
64.427  0.024437927  0.0
64.443  0.0048875855  0.0
64.477  0.0  0.0
64.493  0.009775171  0.0
64.509  0.0048875855  0.0
64.526  0.0048875855  0.0
64.56  0.0  0.0
64.576  0.009775171  0.0
64.592  0.014662757  0.0
64.626  0.024437927  0.0
64.643  0.024437927  0.0
64.659  0.0  0.0
64.659  0.0  0.0
64.676  0.014662757  0.0
64.709  0.009775171  0.0
64.726  0.009775171  0.0
64.759  0.019550342  0.0
64.776  0.029325513  0.0
64.792  0.029325513  0.0
64.826  0.014662757  0.0
64.842  0.009775171  0.0
64.859  0.009775171  0.0
64.892  0.019550342  0.0
64.909  0.009775171  0.0
64.925  0.0048875855  0.0
64.943  0.009775171  0.0
64.959  0.0048875855  0.0
64.992  0.0  0.0
65.009  0.0048875855  0.0
65.009  0.0048875855  0.0
65.026  0.0  0.0
65.058  0.0  0.0
65.092  0.0  0.0
65.108  0.019550342  0.0
65.125  0.024437927  0.0
65.159  0.014662757  0.0
65.175  0.024437927  0.0
65.191  0.024437927  0.0
65.209  0.0  0.0
65.209  0.0  0.0
65.225  0.0  0.0
65.258  0.0  0.0
65.275  0.0  0.0
65.292  0.0  0.0
65.325  0.0  0.0
65.342  0.0  0.0
65.358  0.0  0.0
65.375  0.0  0.0
65.409  0.0  0.0
65.425  0.0  0.0
65.441  0.0  0.0
65.458  0.0  0.0
65.491  0.0  0.0
65.508  0.0  0.0
65.524  0.0  0.0
65.542  0.0  0.0
65.574  0.0  0.0
65.591  0.0  0.0
65.608  0.014662757  0.0
65.641  0.0  0.0
65.657  0.0  0.0
65.675  0.0  0.0
65.708  0.0  0.0
65.724  0.0  0.0
65.741  0.0  0.0
65.758  0.0  0.0
65.774  0.0  0.0
65.774  0.0  0.0
65.808  0.0  0.0
65.824  0.0  0.0
65.841  0.0  0.0
65.874  0.0  0.0
65.907  0.0  0.0
65.924  0.0  0.0
65.961  0.0  3.1524925
65.98  0.0  3.1671553
65.998  0.0  3.1720428
66.018  0.0  3.15738
66.036  0.0  2.0136852
66.055  0.0  0.88954055
66.073  0.0  0.19550341
66.106  0.0  0.0
66.124  0.0  1.5395894
66.144  0.0  2.7272727
66.144  0.0  2.7272727
66.181  0.0  3.15738
66.2  0.0  3.1671553
66.2  0.0  3.1671553
66.219  0.0  3.1671553
66.275  0.0  0.6451613
66.275  0.0  0.6451613
66.309  0.0  0.0
66.325  0.0  0.0
66.325  0.0  0.0
66.363  0.0  2.99609
66.381  0.0  3.147605
66.401  0.0  3.1671553
66.419  0.0  3.1769304
66.438  0.0  3.1720428
66.456  0.0  2.5757575
66.493  0.0  0.37634408
66.509  0.0  0.0
66.526  0.0  0.0
66.545  0.0  1.0606061
66.564  0.0  2.4437928
66.601  0.0  3.1622677
66.62  0.0  3.1720428
66.638  0.0  3.1720428
66.657  0.0  3.1671553
66.676  0.0  2.00391
66.695  0.0  0.8748778
66.712  0.0  0.18572825
66.746  0.0  0.0
66.764  0.0  1.57869
66.783  0.0  2.7223852
66.802  0.0  3.1427174
66.821  0.0  3.1671553
66.839  0.0  3.181818
66.857  0.0  3.181818
66.895  0.0  1.544477
66.914  0.0  0.62561095
66.931  0.0  0.039100684
66.948  0.0  0.0
66.964  0.0  0.0
66.982  0.0  2.864125
67.002  0.0  3.1427174
67.039  0.0  3.181818
67.057  0.0  3.1769304
67.077  0.0  2.9521015
67.095  0.0  1.2903225
67.113  0.0  0.48875856
67.131  0.0  0.0
67.164  0.0  0.0
67.182  0.0  2.9521015
67.202  0.0  3.1524925
67.22  0.0  3.1720428
67.238  0.0  3.1769304
67.276  0.0  2.6686218
67.295  0.0  1.1583577
67.312  0.0  0.3958944
67.329  0.0  0.0
67.346  0.0  0.0
67.383  0.0  2.4095795
67.402  0.0  3.0987291
67.421  0.0  3.15738
67.439  0.0  3.1769304
67.458  0.0  3.1720428
67.477  0.0  3.181818
67.51  0.0  0.0
67.526  0.0  0.0
67.544  0.0  0.0
67.56  0.0  0.0
67.593  0.0  0.0
67.61  0.0  0.0
67.627  0.0  0.0
67.643  0.0  0.0
67.677  0.0  0.0
67.693  0.0  0.0
67.709  0.0  0.0
67.743  0.0  0.0
67.76  0.0  0.0
67.776  0.0  0.0
67.792  0.0  0.0
67.81  0.0  0.0
67.843  0.0  0.0
67.859  0.0  0.0
67.876  0.0  0.0
67.909  0.0  0.0
67.926  0.0  0.0
67.943  0.0  0.0
67.976  0.0  0.0
67.992  0.0  0.0
68.009  0.0  0.0
68.026  0.0  0.0
68.059  0.0  0.0
68.076  0.0  0.0
68.092  0.0  0.0
68.109  0.0  0.0
68.143  0.0  0.0
68.159  0.0  0.0
68.175  0.0  0.0
68.192  0.0  0.0
68.226  0.0  0.0
68.258  0.0  0.0
68.292  0.0  0.0
68.308  0.0  0.0
68.325  0.0  0.0
68.342  0.0  0.0
68.359  0.0  0.0
68.391  0.0  0.0
68.409  0.0  0.0
68.425  0.0  0.0
68.458  0.0  0.0
68.475  0.0  0.0
68.492  0.0  0.0
68.508  0.0  0.0
68.542  0.0  0.0
68.558  0.0  0.0
68.575  0.0  0.0
68.609  0.0  0.0
68.625  0.0  0.0
68.641  0.0  0.0
68.658  0.0  0.0
68.675  0.0  0.0
68.708  0.0  0.0
68.724  0.0  0.0
68.774  0.0  0.0
68.774  0.0  0.0
68.791  0.0  0.0
68.808  0.0  0.0
68.841  0.0  0.0
68.857  0.0  0.0
68.875  0.0  0.0
68.908  0.0  0.0
68.924  0.0  0.0
68.941  0.0  0.0
68.974  0.0  0.0
68.99  0.0  0.0
69.008  0.0  0.0
69.024  0.0  0.0
69.057  0.0  0.0
69.074  0.0  0.0