2.635  777.0
2.652  777.0
2.68  777.0
2.716  777.0
2.731  777.0
2.746  777.0
2.765  777.0
2.78  777.0
2.798  777.0
2.819  777.0
2.836  777.0
2.852  777.0
2.865  777.0
2.882  777.0
2.898  777.0
2.916  777.0
2.932  777.0
2.949  777.0
2.967  777.0
2.982  777.0
2.998  777.0
3.017  777.0
3.032  777.0
3.049  777.0
3.066  777.0
3.081  777.0
3.098  777.0
3.115  777.0
3.13  777.0
3.147  777.0
3.166  777.0
3.18  777.0
3.201  777.0
3.214  777.0
3.233  777.0
3.247  777.0
3.264  777.0
3.281  777.0
3.297  777.0
3.313  777.0
3.33  777.0
3.348  777.0
3.367  777.0
3.381  777.0
3.397  777.0
3.414  777.0
3.431  777.0
3.448  777.0
3.464  777.0
3.481  777.0
3.497  777.0
3.514  777.0
3.531  777.0
3.547  777.0
3.564  777.0
3.581  777.0
3.597  777.0
3.616  777.0
3.631  777.0
3.647  777.0
3.665  777.0
3.68  777.0
3.698  777.0
3.714  777.0
3.731  777.0
3.749  777.0
3.764  777.0
3.779  777.0
3.798  777.0
3.819  777.0
3.829  777.0
3.849  777.0
3.863  777.0
3.879  777.0
3.897  777.0
3.912  777.0
3.93  777.0
3.946  777.0
3.962  777.0
3.979  777.0
3.996  777.0
4.013  777.0
4.03  777.0
4.047  777.0
4.064  777.0
4.08  777.0
4.096  777.0
4.112  777.0
4.131  777.0
4.146  777.0
4.163  777.0
4.179  777.0
4.196  776.0
4.213  776.0
4.235  776.0
4.246  776.0
4.263  776.0
4.279  777.0
4.297  780.0
4.313  780.0
4.331  793.0
4.346  806.0
4.363  819.0
4.379  847.0
4.444  944.0
4.452  944.0
4.471  953.0
4.489  953.0
4.506  953.0
4.522  954.0
4.54  954.0
4.557  954.0
4.576  954.0
4.591  954.0
4.607  954.0
4.624  954.0
4.64  955.0
4.658  955.0
4.672  955.0
4.689  954.0
4.706  953.0
4.723  953.0
4.741  951.0
4.758  948.0
4.774  948.0
4.791  941.0
4.806  941.0
4.825  916.0
4.84  886.0
4.858  867.0
4.873  867.0
4.895  864.0
4.914  850.0
4.929  833.0
4.952  811.0
4.965  794.0
4.98  794.0
4.998  777.0
5.027  737.0
5.041  718.0
5.056  707.0
5.073  707.0
5.088  693.0
5.109  688.0
5.124  684.0
5.139  684.0
5.157  683.0
5.173  685.0
5.187  685.0
5.205  687.0
5.222  688.0
5.238  687.0
5.256  689.0
5.272  689.0
5.289  689.0
5.307  689.0
5.322  689.0
5.337  689.0
5.356  689.0
5.372  689.0
5.389  690.0
5.405  690.0
5.421  690.0
5.439  690.0
5.455  690.0
5.472  690.0
5.489  690.0
5.506  689.0
5.522  688.0
5.537  688.0
5.554  688.0
5.571  685.0
5.588  683.0
5.606  678.0
5.622  678.0
5.637  669.0
5.655  658.0
5.673  643.0
5.691  623.0
5.711  623.0
5.727  601.0
5.744  593.0
5.759  587.0
5.771  587.0
5.79  583.0
5.807  579.0
5.82  579.0
5.837  578.0
5.855  575.0
5.871  570.0
5.888  570.0
5.905  565.0
5.922  561.0
5.939  549.0
5.956  548.0
5.973  548.0
5.988  537.0
6.004  528.0
6.021  516.0
6.038  516.0
6.056  500.0
6.07  483.0
6.09  456.0
6.107  441.0
6.126  441.0
6.137  427.0
6.156  428.0
6.174  428.0
6.188  428.0
6.206  428.0
6.222  429.0
6.239  430.0
6.255  431.0
6.272  431.0
6.287  430.0
6.304  430.0
6.324  430.0
6.34  430.0
6.357  430.0
6.382  429.0
6.395  429.0
6.411  430.0
6.427  430.0
6.444  430.0
6.46  430.0
6.477  429.0
6.493  429.0
6.51  429.0
6.527  429.0
6.544  429.0
6.56  429.0
6.578  429.0
6.594  429.0
6.61  428.0
6.627  428.0
6.644  427.0
6.66  426.0
6.677  426.0
6.693  426.0
6.711  424.0
6.728  426.0
6.744  426.0
6.76  421.0
6.777  417.0
6.794  407.0
6.811  405.0
6.827  405.0
6.844  401.0
6.861  397.0
6.877  391.0
6.894  394.0
6.91  394.0
6.927  388.0
6.943  391.0
6.961  390.0
6.977  390.0
6.994  387.0
7.01  388.0
7.027  385.0
7.044  380.0
7.06  380.0
7.077  373.0
7.093  369.0
7.11  370.0
7.127  362.0
7.144  362.0
7.161  361.0
7.177  358.0
7.193  353.0
7.211  353.0
7.227  350.0
7.245  344.0
7.26  343.0
7.278  341.0
7.294  341.0
7.311  341.0
7.327  335.0
7.344  334.0
7.361  334.0
7.377  336.0
7.395  329.0
7.41  328.0
7.427  328.0
7.444  324.0
7.462  320.0
7.477  318.0
7.495  312.0
7.511  312.0
7.527  308.0
7.544  308.0
7.561  308.0
7.577  307.0
7.594  307.0
7.611  308.0
7.629  305.0
7.644  305.0
7.661  302.0
7.677  295.0
7.695  295.0
7.71  293.0
7.727  293.0
7.743  291.0
7.762  291.0
7.777  290.0
7.796  289.0
7.813  289.0
7.827  287.0
7.844  287.0
7.86  286.0
7.877  286.0
7.894  287.0
7.912  286.0
7.927  286.0
7.944  286.0
7.961  286.0
7.977  283.0
7.994  282.0
8.011  280.0
8.028  280.0
8.044  283.0
8.061  278.0
8.077  276.0
8.094  275.0
8.11  275.0
8.127  276.0
8.144  275.0
8.161  274.0
8.178  273.0
8.195  273.0
8.21  272.0
8.228  271.0
8.244  269.0
8.26  269.0
8.277  266.0
8.295  264.0
8.311  264.0
8.329  261.0
8.344  261.0
8.361  259.0
8.377  258.0
8.395  257.0
8.411  255.0
8.427  255.0
8.445  249.0
8.46  244.0
8.478  244.0
8.495  244.0
8.511  237.0
8.528  235.0
8.545  233.0
8.561  232.0
8.577  232.0
8.594  233.0
8.61  227.0
8.628  222.0
8.646  214.0
8.661  214.0
8.678  209.0
8.694  205.0
8.712  206.0
8.727  205.0
8.746  205.0
8.762  205.0
8.778  205.0
8.794  205.0
8.815  205.0
8.828  205.0
8.844  205.0
8.861  205.0
8.878  205.0
8.895  205.0
8.911  205.0
8.928  205.0
8.944  206.0
8.961  206.0
8.977  207.0
8.995  206.0
9.011  206.0
9.027  206.0
9.044  206.0
9.061  206.0
9.077  206.0
9.095  206.0
9.11  205.0
9.128  205.0
9.145  205.0
9.162  205.0
9.177  206.0
9.195  205.0
9.211  205.0
9.228  204.0
9.245  203.0
9.266  203.0
9.277  202.0
9.294  202.0
9.311  202.0
9.327  199.0
9.344  196.0
9.361  196.0
9.378  191.0
9.394  191.0
9.411  187.0
9.428  184.0
9.448  181.0
9.466  181.0
9.479  181.0
9.495  174.0
9.513  174.0
9.528  170.0
9.546  170.0
9.561  166.0
9.579  159.0
9.594  151.0
9.613  138.0
9.627  138.0
9.646  135.0
9.661  133.0
9.679  130.0
9.694  130.0
9.711  131.0
9.733  127.0
9.745  126.0
9.767  123.0
9.784  123.0
9.794  120.0
9.812  118.0
9.83  117.0
9.845  117.0
9.865  117.0
9.88  113.0
9.9  112.0
9.913  113.0
9.931  113.0
9.945  109.0
9.961  106.0
9.979  107.0
9.995  107.0
10.012  106.0
10.027  103.0
10.046  101.0
10.063  100.0
10.081  100.0
10.096  97.0
10.112  95.0
10.13  93.0
10.145  93.0
10.163  89.0
10.18  83.0
10.196  83.0
10.213  80.0
10.229  80.0
10.246  79.0
10.263  78.0
10.28  76.0
10.296  76.0
10.312  74.0
10.329  74.0
10.347  74.0
10.361  73.0
10.382  75.0
10.396  75.0
10.412  74.0
10.432  70.0
10.445  70.0
10.462  70.0
10.478  69.0
10.495  69.0
10.512  69.0
10.528  66.0
10.546  63.0
10.561  63.0
10.579  63.0
10.595  63.0
10.612  63.0
10.629  64.0
10.647  63.0
10.661  63.0
10.681  62.0
10.695  62.0
10.717  62.0
10.729  59.0
10.744  59.0
10.766  58.0
10.778  56.0
10.796  55.0
10.812  54.0
10.827  54.0
10.85  53.0
10.861  53.0
10.878  52.0
10.896  52.0
10.915  51.0
10.928  50.0
10.945  50.0
10.966  49.0
10.977  49.0
11.0  48.0
11.018  47.0
11.03  46.0
11.051  45.0
11.062  45.0
11.078  43.0
11.096  42.0
11.111  41.0
11.129  41.0
11.145  41.0
11.163  41.0
11.179  40.0
11.195  38.0
11.213  37.0
11.228  37.0
11.248  36.0
11.262  34.0
11.278  33.0
11.296  33.0
11.314  33.0
11.328  31.0
11.345  30.0
11.362  31.0
11.386  32.0
11.404  31.0
11.42  31.0
11.436  29.0
11.453  31.0
11.47  31.0
11.487  30.0
11.503  30.0
11.519  31.0
11.536  31.0
11.553  31.0
11.57  31.0
11.586  31.0
11.603  31.0
11.619  31.0
11.637  31.0
11.653  32.0
11.67  31.0
11.686  32.0
11.703  33.0
11.72  33.0
11.736  34.0
11.753  35.0
11.77  36.0
11.787  39.0
11.803  39.0
11.823  49.0
11.837  65.0
11.853  89.0
11.869  115.0
11.886  115.0
11.903  135.0
11.919  154.0
11.936  169.0
11.953  169.0
11.97  184.0
11.987  194.0
12.003  206.0
12.019  214.0
12.038  214.0
12.053  220.0
12.07  221.0
12.086  231.0
12.103  232.0
12.12  232.0
12.136  233.0
12.153  234.0
12.169  235.0
12.186  235.0
12.203  235.0
12.219  236.0
12.237  236.0
12.253  236.0
12.27  236.0
12.286  235.0
12.304  236.0
12.32  233.0
12.337  235.0
12.354  235.0
12.37  234.0
12.387  235.0
12.403  235.0
12.42  235.0
12.437  235.0
12.453  235.0
12.47  236.0
12.487  235.0
12.503  235.0
12.52  235.0
12.537  236.0
12.553  233.0
12.57  235.0
12.587  235.0
12.604  234.0
12.62  234.0
12.637  234.0
12.653  234.0
12.67  234.0
12.686  234.0
12.703  235.0
12.72  235.0
12.736  235.0
12.753  237.0
12.77  236.0
12.787  235.0
12.803  235.0
12.82  235.0
12.837  237.0
12.853  242.0
12.869  242.0
12.886  242.0
12.904  247.0
12.92  249.0
12.936  253.0
12.954  257.0
12.97  257.0
12.987  263.0
13.003  269.0
13.02  276.0
13.036  282.0
13.053  282.0
13.069  293.0
13.086  302.0
13.102  308.0
13.121  319.0
13.137  319.0
13.153  326.0
13.17  330.0
13.187  337.0
13.203  337.0
13.22  349.0
13.237  356.0
13.254  368.0
13.27  368.0
13.287  371.0
13.303  379.0
13.32  388.0
13.337  391.0
13.353  391.0
13.37  394.0
13.387  396.0
13.403  398.0
13.421  398.0
13.437  403.0
13.453  407.0
13.471  411.0
13.487  419.0
13.503  419.0
13.52  422.0
13.537  425.0
13.553  426.0
13.57  426.0
13.587  426.0
13.603  426.0
13.621  425.0
13.637  426.0
13.653  426.0
13.67  426.0
13.687  426.0
13.704  426.0
13.72  427.0
13.736  427.0
13.753  425.0
13.77  425.0
13.787  423.0
13.804  424.0
13.82  424.0
13.837  424.0
13.853  424.0
13.87  424.0
13.887  424.0
13.904  424.0
13.92  423.0
13.936  423.0
13.954  423.0
13.97  423.0
13.987  423.0
14.003  422.0
14.02  422.0
14.037  422.0
14.053  422.0
14.07  423.0
14.086  423.0
14.103  424.0
14.121  425.0
14.137  425.0
14.153  425.0
14.171  428.0
14.187  429.0
14.204  432.0
14.22  432.0
14.237  437.0
14.253  447.0
14.27  456.0
14.286  456.0
14.304  464.0
14.32  474.0
14.339  487.0
14.354  491.0
14.37  491.0
14.387  495.0
14.404  498.0
14.42  500.0
14.437  502.0
14.454  502.0
14.47  503.0
14.486  505.0
14.503  506.0
14.521  506.0
14.537  506.0
14.553  507.0
14.57  506.0
14.586  507.0
14.603  507.0
14.62  507.0
14.637  506.0
14.653  506.0
14.671  505.0
14.687  505.0
14.703  505.0
14.72  506.0
14.737  505.0
14.754  506.0
14.771  506.0
14.787  505.0
14.803  506.0
14.82  505.0
14.837  507.0
14.854  507.0
14.87  507.0
14.888  507.0
14.904  507.0
14.92  507.0
14.937  506.0
14.953  506.0
14.97  507.0
14.987  506.0
15.004  506.0
15.021  505.0
15.037  505.0
15.053  505.0
15.071  505.0
15.087  505.0
15.104  505.0
15.12  505.0
15.137  505.0
15.154  505.0
15.172  505.0
15.187  505.0
15.204  505.0
15.221  505.0
15.238  505.0
15.254  505.0
15.27  505.0
15.288  504.0
15.305  504.0
15.32  504.0
15.338  504.0
