Time  Force1  Force2
13.547  616.0  960.0
13.547  616.0  960.0
13.547  616.0  960.0
13.547  616.0  960.0
13.547  616.0  960.0
13.547  616.0  960.0
13.547  616.0  960.0
13.547  616.0  960.0
13.547  616.0  960.0
13.547  616.0  960.0
13.547  616.0  960.0
13.547  616.0  960.0
13.547  616.0  960.0
13.547  616.0  960.0
13.547  616.0  960.0
13.547  616.0  960.0
13.547  616.0  960.0
13.547  616.0  960.0
13.547  616.0  960.0
13.547  616.0  960.0
13.547  616.0  960.0
13.547  616.0  960.0
13.547  616.0  960.0
13.547  616.0  960.0
13.547  616.0  960.0
13.547  616.0  960.0
13.547  616.0  960.0
13.547  616.0  960.0
13.547  616.0  960.0
13.547  616.0  960.0
13.547  616.0  960.0
13.547  616.0  960.0
13.547  616.0  960.0
13.547  616.0  960.0
13.547  616.0  960.0
13.547  616.0  960.0
13.547  616.0  960.0
13.547  616.0  960.0
1.598  620.0  1003.0
0.0020  81.0  0.0
0.0040  5.0  0.0
0.013  0.0  0.0
0.013  0.0  0.0
0.026  592.0  0.0
0.045  586.0  1023.0
0.078  204.0  797.0
0.078  204.0  797.0
0.093  325.0  0.0
0.108  820.0  0.0
0.126  735.0  1023.0
0.163  630.0  1023.0
0.183  438.0  1023.0
0.183  438.0  1023.0
0.201  313.0  1023.0
0.22  343.0  886.0
0.22  343.0  886.0
0.239  401.0  478.0
0.272  447.0  0.0
0.288  880.0  62.0
0.288  880.0  62.0
0.308  759.0  1007.0
0.326  683.0  1023.0
0.345  672.0  1023.0
0.363  510.0  1023.0
0.363  510.0  1023.0
0.401  325.0  1023.0
0.419  382.0  643.0
0.439  430.0  275.0
0.454  462.0  0.0
0.454  462.0  0.0
0.47  765.0  0.0
0.487  803.0  879.0
0.525  659.0  1023.0
0.525  659.0  1023.0
0.543  460.0  1023.0
0.562  326.0  1023.0
0.581  355.0  907.0
0.581  355.0  907.0
0.6  408.0  496.0
0.632  456.0  0.0
0.65  884.0  57.0
0.65  884.0  57.0
0.668  766.0  1003.0
0.687  689.0  1023.0
0.724  519.0  1023.0
0.743  375.0  1023.0
0.761  330.0  1023.0
0.761  330.0  1023.0
0.781  385.0  659.0
0.815  462.0  0.0
0.815  462.0  0.0
0.83  760.0  0.0
0.848  804.0  871.0
0.867  710.0  1023.0
0.885  670.0  1023.0
0.885  670.0  1023.0
0.905  462.0  1023.0
0.942  353.0  919.0
0.96  408.0  507.0
0.978  445.0  147.0
0.978  445.0  147.0
0.994  457.0  0.0
1.068  677.0  1023.0
1.087  697.0  1023.0
1.087  697.0  1023.0
1.107  720.0  1023.0
1.146  772.0  1023.0
1.186  743.0  1023.0
1.246  664.0  1023.0
1.265  633.0  1023.0
1.285  609.0  1023.0
1.305  583.0  1023.0
1.326  564.0  1023.0
1.326  564.0  1023.0
1.345  700.0  1023.0
1.364  650.0  1023.0
1.386  610.0  1023.0
1.405  745.0  1023.0
1.405  745.0  1023.0
1.425  683.0  1023.0
1.446  638.0  1023.0
1.466  772.0  1023.0
1.485  706.0  1023.0
1.485  706.0  1023.0
1.506  657.0  1023.0
1.526  621.0  1023.0
1.546  756.0  1023.0
1.546  756.0  1023.0
1.565  693.0  1023.0
1.586  649.0  1023.0
1.626  741.0  1023.0
1.646  684.0  1023.0
1.646  684.0  1023.0
1.667  637.0  1023.0
1.686  773.0  1023.0
1.707  707.0  1023.0
1.726  658.0  1023.0
1.746  622.0  1023.0
1.746  622.0  1023.0
1.766  756.0  1023.0
1.786  694.0  1023.0
1.806  649.0  1023.0
1.806  649.0  1023.0
1.826  609.0  1023.0
1.847  743.0  1023.0
1.866  682.0  1023.0
1.887  637.0  1023.0
1.887  637.0  1023.0
1.907  774.0  1023.0
1.927  706.0  1023.0
1.967  623.0  1023.0
1.967  623.0  1023.0
1.987  753.0  1023.0
2.007  692.0  1023.0
2.027  648.0  1023.0
2.048  785.0  1023.0
2.048  785.0  1023.0
2.067  719.0  1023.0
2.086  672.0  1023.0
2.108  628.0  1023.0
2.127  766.0  1023.0
2.127  766.0  1023.0
2.147  703.0  1023.0
2.166  655.0  1023.0
2.188  618.0  1023.0
2.188  618.0  1023.0
2.227  692.0  1023.0
2.227  692.0  1023.0
2.248  649.0  1023.0
2.287  718.0  1023.0
2.287  718.0  1023.0
2.308  670.0  1023.0
2.348  766.0  1023.0
2.368  702.0  1023.0
2.387  656.0  1023.0
2.408  618.0  1023.0
2.408  618.0  1023.0
2.427  752.0  1023.0
2.448  693.0  1023.0
2.468  648.0  1023.0
2.468  648.0  1023.0
2.488  783.0  1023.0
2.508  716.0  1023.0
2.528  669.0  1023.0
2.548  626.0  1023.0
2.569  765.0  1023.0
2.569  765.0  1023.0
2.588  705.0  1023.0
2.608  657.0  1023.0
2.628  617.0  1023.0
2.628  617.0  1023.0
2.649  753.0  1023.0
2.689  645.0  1023.0
2.709  782.0  1023.0
2.709  782.0  1023.0
2.748  664.0  1023.0
2.769  629.0  1023.0
2.769  629.0  1023.0
2.789  764.0  1023.0
2.808  702.0  1023.0
2.828  653.0  1023.0
2.828  653.0  1023.0
2.849  620.0  1023.0
2.869  750.0  1023.0
2.888  689.0  1023.0
2.929  783.0  1023.0
2.929  783.0  1023.0
2.949  714.0  1023.0
2.969  664.0  1023.0
2.99  628.0  1023.0
3.009  762.0  1023.0
3.009  762.0  1023.0
3.028  701.0  1023.0
3.049  654.0  1023.0
3.069  614.0  1023.0
3.089  747.0  1023.0
3.089  747.0  1023.0
3.109  688.0  1023.0
3.13  642.0  1023.0
3.149  781.0  1023.0
3.17  715.0  1023.0
3.189  662.0  1023.0
3.189  662.0  1023.0
3.21  626.0  1023.0
3.229  760.0  1023.0
3.229  760.0  1023.0
3.269  654.0  1023.0
3.29  615.0  1023.0
3.31  748.0  1023.0
3.33  686.0  1023.0
3.33  686.0  1023.0
3.35  643.0  1023.0
3.371  778.0  1023.0
3.39  712.0  1023.0
3.409  660.0  1023.0
3.409  660.0  1023.0
3.43  624.0  1023.0
3.45  759.0  1023.0
3.47  697.0  1023.0
3.47  697.0  1023.0
3.489  651.0  1023.0
3.511  614.0  1023.0
3.53  745.0  1023.0
3.55  682.0  1023.0
3.55  682.0  1023.0
3.571  642.0  1023.0
3.61  706.0  1023.0
3.63  663.0  1023.0
3.651  626.0  1023.0
3.651  626.0  1023.0
3.671  758.0  1023.0
3.69  697.0  1023.0
3.712  652.0  1023.0
3.712  652.0  1023.0
3.731  788.0  1023.0
3.75  720.0  1023.0
3.771  673.0  1023.0
3.791  633.0  1023.0
3.791  633.0  1023.0
3.811  768.0  1023.0
3.83  706.0  1023.0
3.851  659.0  1023.0
3.871  620.0  1023.0
3.871  620.0  1023.0
3.891  754.0  1023.0
3.911  692.0  1023.0
3.932  648.0  1023.0
3.972  720.0  1023.0
3.972  720.0  1023.0
3.991  669.0  1023.0
4.012  631.0  1023.0
4.032  768.0  1023.0
4.032  768.0  1023.0
4.051  703.0  1023.0
4.071  657.0  1023.0
4.091  621.0  1023.0
4.091  621.0  1023.0
4.112  753.0  1023.0
4.131  692.0  1023.0
4.152  649.0  1023.0
4.172  784.0  1023.0
4.172  784.0  1023.0
4.192  718.0  1023.0
4.211  669.0  1023.0
4.233  630.0  1023.0
4.252  764.0  1023.0
4.252  764.0  1023.0
4.272  703.0  1023.0
4.291  658.0  1023.0
4.313  619.0  1023.0
4.352  691.0  1023.0
4.352  691.0  1023.0
4.373  645.0  1023.0
4.392  784.0  1023.0
4.412  716.0  1023.0
4.412  716.0  1023.0
4.432  665.0  1023.0
4.453  631.0  1023.0
4.472  765.0  1023.0
4.492  700.0  1023.0
4.492  700.0  1023.0
4.512  657.0  1023.0
4.533  622.0  1023.0
4.552  750.0  1023.0
4.573  688.0  1023.0
4.573  688.0  1023.0
4.593  646.0  1023.0
4.613  780.0  1023.0
4.633  714.0  1023.0
4.653  664.0  1023.0
4.653  664.0  1023.0
4.692  762.0  1023.0
4.713  699.0  1023.0
4.732  650.0  1023.0
4.732  650.0  1023.0
4.753  618.0  1023.0
4.773  746.0  1023.0
4.793  687.0  1023.0
4.813  646.0  1023.0
4.813  646.0  1023.0
4.834  777.0  1023.0
4.853  715.0  1023.0
4.873  664.0  1023.0
4.893  624.0  1023.0
4.893  624.0  1023.0
4.914  763.0  1023.0
4.933  696.0  1023.0
4.954  653.0  1023.0
4.974  795.0  1023.0
4.974  795.0  1023.0
4.994  725.0  1023.0
5.013  670.0  1023.0
5.035  632.0  1023.0
5.035  632.0  1023.0
5.054  771.0  1023.0
5.093  659.0  1023.0
5.114  622.0  1023.0
5.134  758.0  1023.0
5.134  758.0  1023.0
5.175  651.0  1023.0
5.175  651.0  1023.0
5.194  789.0  1023.0
5.214  724.0  1023.0
5.214  724.0  1023.0
5.234  671.0  1023.0
5.255  632.0  1023.0
5.274  771.0  1023.0
5.294  706.0  1023.0
5.414  787.0  1023.0
5.454  669.0  1023.0
5.494  767.0  1023.0
5.515  703.0  1023.0
5.534  662.0  1023.0
5.555  618.0  1023.0
5.555  618.0  1023.0
5.575  753.0  1023.0
5.595  692.0  1023.0
5.615  647.0  1023.0
5.615  647.0  1023.0
5.636  787.0  1023.0
5.655  716.0  1023.0
5.675  668.0  1023.0
5.695  627.0  1023.0
5.715  766.0  1023.0
5.735  702.0  1023.0
5.754  656.0  1023.0
5.754  656.0  1023.0
5.776  621.0  1023.0
5.795  751.0  1023.0
5.815  690.0  1023.0
5.836  649.0  1023.0
5.836  649.0  1023.0
5.856  780.0  1023.0
5.875  715.0  1023.0
5.896  666.0  1023.0
5.916  626.0  1023.0
5.936  763.0  1023.0
5.936  763.0  1023.0
5.955  697.0  1023.0
5.976  655.0  1023.0
6.016  746.0  1023.0
6.036  689.0  1023.0
6.036  689.0  1023.0
6.056  644.0  1023.0
6.076  781.0  1023.0
6.096  714.0  1023.0
6.096  714.0  1023.0
6.116  665.0  1023.0
6.136  630.0  1023.0
6.156  759.0  1023.0
6.176  700.0  1023.0
6.176  700.0  1023.0
6.197  652.0  1023.0
6.216  788.0  1023.0
6.237  723.0  1023.0
6.256  672.0  1023.0
6.256  672.0  1023.0
6.277  635.0  1023.0
6.297  770.0  1023.0
6.317  709.0  1023.0
6.336  659.0  1023.0
6.336  659.0  1023.0
6.356  623.0  1023.0
6.377  755.0  1023.0
6.396  694.0  1023.0
6.417  650.0  1023.0
6.417  650.0  1023.0
6.457  720.0  1023.0
6.457  720.0  1023.0
6.476  669.0  1023.0
6.476  669.0  1023.0
6.517  767.0  1023.0
6.537  705.0  1023.0
6.556  659.0  1023.0
6.578  621.0  1023.0
6.578  621.0  1023.0
6.597  754.0  1023.0
6.617  692.0  1023.0
6.638  648.0  1023.0
6.658  785.0  1023.0
6.658  785.0  1023.0
6.677  715.0  1023.0
6.697  668.0  1023.0
6.718  631.0  1023.0
6.718  631.0  1023.0
6.737  763.0  1023.0
6.757  705.0  1023.0
6.777  656.0  1023.0
6.798  618.0  1023.0
6.798  618.0  1023.0
6.838  687.0  1023.0
6.858  646.0  1023.0
6.878  780.0  1023.0
6.898  716.0  1023.0
6.898  716.0  1023.0
6.918  663.0  1023.0
6.938  628.0  1023.0
6.958  759.0  1023.0
6.978  697.0  1023.0
6.978  697.0  1023.0
6.999  655.0  1023.0
7.018  791.0  1023.0
7.038  723.0  1023.0
7.038  723.0  1023.0
7.058  674.0  1023.0
7.078  634.0  1023.0
7.099  769.0  1023.0
7.118  707.0  1023.0
7.118  707.0  1023.0
7.138  662.0  1023.0
7.158  623.0  1023.0
7.179  758.0  1023.0
7.198  698.0  1023.0
7.219  654.0  1023.0
7.219  654.0  1023.0
7.239  787.0  1023.0
7.259  722.0  1023.0
7.278  672.0  1023.0
7.319  772.0  1023.0
7.339  702.0  1023.0
7.339  702.0  1023.0
7.358  660.0  1023.0
7.379  624.0  1023.0
7.399  753.0  1023.0
7.399  753.0  1023.0
7.418  695.0  1023.0
7.44  652.0  1023.0
7.459  787.0  1023.0
7.479  721.0  1023.0
7.479  721.0  1023.0
7.499  668.0  1023.0
7.52  632.0  1023.0
7.539  767.0  1023.0
7.56  705.0  1023.0
7.56  705.0  1023.0
7.579  662.0  1023.0
7.6  619.0  1023.0
7.619  754.0  1023.0
7.64  694.0  1023.0
7.64  694.0  1023.0
7.68  784.0  1023.0
7.7  718.0  1023.0
7.719  668.0  1023.0
7.719  668.0  1023.0
7.74  632.0  1023.0
7.76  764.0  1023.0
7.78  704.0  1023.0
7.78  704.0  1023.0
7.799  657.0  1023.0
7.82  619.0  1023.0
7.84  752.0  1023.0
7.84  752.0  1023.0
7.88  648.0  1023.0
7.901  783.0  1023.0
7.92  714.0  1023.0
7.94  668.0  1023.0
7.94  668.0  1023.0
7.961  629.0  1023.0
7.981  765.0  1023.0
8.0  704.0  1023.0
8.019  657.0  1023.0
8.019  657.0  1023.0
8.041  619.0  1023.0
8.06  748.0  1023.0
8.08  690.0  1023.0
8.08  690.0  1023.0
8.121  783.0  1023.0
8.121  783.0  1023.0
8.14  714.0  1023.0
8.161  668.0  1023.0
8.161  668.0  1023.0
8.181  631.0  1023.0
8.22  704.0  1023.0
8.241  660.0  1023.0
8.261  621.0  1023.0
8.261  621.0  1023.0
8.281  751.0  1023.0
8.301  693.0  1023.0
8.322  646.0  1023.0
8.341  781.0  1023.0
8.361  716.0  1023.0
8.361  716.0  1023.0
8.381  667.0  1023.0
8.401  628.0  1023.0
8.401  628.0  1023.0
8.421  765.0  1023.0
8.441  700.0  1023.0
8.461  655.0  1023.0
8.481  616.0  1023.0
8.481  616.0  1023.0
8.502  749.0  1023.0
8.521  689.0  1023.0
8.542  647.0  1023.0
8.582  717.0  1023.0
8.582  717.0  1023.0
8.601  665.0  1023.0
8.622  627.0  1023.0
8.642  762.0  1023.0
8.662  699.0  1023.0
8.681  655.0  1023.0
8.681  655.0  1023.0
8.702  619.0  1023.0
8.722  746.0  1023.0
8.722  746.0  1023.0
8.741  690.0  1023.0
8.763  647.0  1023.0
8.782  778.0  1023.0
8.782  778.0  1023.0
8.802  715.0  1023.0
8.821  666.0  1023.0
8.843  629.0  1023.0
8.882  700.0  1023.0
8.882  700.0  1023.0
8.902  658.0  1023.0
8.923  615.0  1023.0
8.942  748.0  1023.0
8.963  692.0  1023.0
8.963  692.0  1023.0
8.983  645.0  1023.0
9.003  783.0  1023.0
9.022  715.0  1023.0
9.042  667.0  1023.0
9.042  667.0  1023.0
9.063  627.0  1023.0
9.082  765.0  1023.0
9.103  700.0  1023.0
9.103  700.0  1023.0
9.122  658.0  1023.0
9.143  619.0  1023.0
9.183  690.0  1023.0
9.203  646.0  1023.0
9.203  646.0  1023.0
9.224  782.0  1023.0
9.243  717.0  1023.0
9.263  669.0  1023.0
9.263  669.0  1023.0
9.283  629.0  1023.0
9.304  770.0  1023.0
9.323  706.0  1023.0
9.323  706.0  1023.0
9.342  658.0  1023.0
9.364  623.0  1023.0
9.364  623.0  1023.0
9.383  755.0  1023.0
9.424  652.0  1023.0
9.444  785.0  1023.0
9.463  723.0  1023.0
9.463  723.0  1023.0
9.483  670.0  1023.0
9.504  635.0  1023.0
9.524  771.0  1023.0
9.543  709.0  1023.0
9.543  709.0  1023.0
9.564  660.0  1023.0
9.584  625.0  1023.0
9.604  760.0  1023.0
9.624  700.0  1023.0
9.624  700.0  1023.0
9.645  656.0  1023.0
9.664  791.0  1023.0
9.683  725.0  1023.0
9.683  725.0  1023.0
9.704  676.0  1023.0
9.724  639.0  1023.0
9.744  772.0  1023.0
9.764  715.0  1023.0
9.784  666.0  1023.0
9.784  666.0  1023.0
9.804  628.0  1023.0
9.825  765.0  1023.0
9.864  659.0  1023.0
9.864  659.0  1023.0
9.884  623.0  1023.0
9.905  753.0  1023.0
9.924  692.0  1023.0
9.945  650.0  1023.0
9.945  650.0  1023.0
9.965  787.0  1023.0
9.985  721.0  1023.0
10.004  669.0  1023.0
10.004  669.0  1023.0
10.025  814.0  1023.0
10.046  955.0  1023.0
10.066  978.0  1023.0
10.087  936.0  1023.0
10.087  936.0  1023.0
10.108  881.0  1023.0
10.129  808.0  1019.0
10.148  742.0  811.0
10.169  685.0  867.0
10.169  685.0  867.0
10.188  652.0  935.0
10.208  644.0  983.0
10.208  644.0  983.0
10.249  648.0  880.0
10.268  634.0  942.0
10.289  631.0  991.0
10.309  649.0  1023.0
10.309  649.0  1023.0
10.329  647.0  896.0
10.37  637.0  1005.0
10.37  637.0  1005.0
10.388  628.0  829.0
10.408  608.0  1023.0
10.408  608.0  1023.0
10.429  623.0  969.0
10.449  635.0  1017.0
10.468  632.0  850.0
10.489  614.0  1023.0
10.489  614.0  1023.0
10.529  641.0  1023.0
10.548  637.0  875.0
10.569  620.0  1023.0
10.569  620.0  1023.0
10.589  634.0  1000.0
10.609  621.0  1023.0
10.629  623.0  889.0
10.649  610.0  1023.0
10.649  610.0  1023.0
10.67  632.0  1006.0
10.689  629.0  835.0
10.71  604.0  1023.0
10.729  623.0  970.0
10.729  623.0  970.0
10.749  633.0  1013.0
10.769  627.0  853.0
10.789  611.0  1023.0
10.789  611.0  1023.0
10.809  625.0  983.0
10.83  638.0  1023.0
10.849  635.0  874.0
10.89  630.0  996.0
10.89  630.0  996.0
10.91  648.0  1023.0
10.93  644.0  904.0
10.949  630.0  966.0
10.971  632.0  1007.0
10.971  632.0  1007.0
10.989  626.0  833.0
11.01  601.0  1023.0
11.03  620.0  970.0
11.03  620.0  970.0
11.051  631.0  1016.0
11.069  628.0  860.0
11.09  611.0  1023.0
11.11  625.0  983.0
11.11  625.0  983.0
11.13  639.0  1023.0
11.149  634.0  879.0
11.19  633.0  996.0
11.21  649.0  1023.0
11.21  649.0  1023.0
11.231  642.0  904.0
11.25  627.0  965.0
11.271  632.0  1014.0
11.271  626.0  837.0
11.29  626.0  837.0
11.311  602.0  1023.0
11.33  619.0  972.0
11.33  619.0  972.0
11.351  630.0  1016.0
11.37  626.0  866.0
11.39  610.0  1023.0
11.41  624.0  989.0
11.41  624.0  989.0
11.431  639.0  1023.0
11.47  621.0  949.0
11.491  622.0  997.0
11.491  622.0  997.0
11.511  642.0  1023.0
11.531  640.0  910.0
11.55  625.0  966.0
11.572  629.0  1013.0
11.572  629.0  1013.0
11.59  626.0  846.0
11.611  605.0  1023.0
11.631  622.0  984.0
11.631  622.0  984.0
11.652  632.0  1021.0
11.67  632.0  870.0
11.692  611.0  1023.0
11.711  626.0  990.0
11.711  626.0  990.0
11.731  642.0  1023.0
11.751  639.0  893.0
11.771  622.0  960.0
11.791  626.0  1002.0
11.791  626.0  1002.0
11.832  618.0  906.0
11.851  611.0  964.0
11.872  623.0  1011.0
11.872  623.0  1011.0
11.891  619.0  849.0
11.912  603.0  1023.0
11.931  617.0  979.0
11.952  632.0  1023.0
11.952  632.0  1023.0
11.971  628.0  875.0
11.992  609.0  1023.0
12.011  628.0  997.0
12.033  644.0  1023.0
12.033  644.0  1023.0
12.052  637.0  897.0
12.071  620.0  961.0
12.092  626.0  1006.0
12.092  626.0  1006.0
12.112  613.0  1023.0
12.132  618.0  912.0
12.152  612.0  967.0
12.173  624.0  1010.0
12.173  624.0  1010.0
12.212  602.0  1023.0
12.232  617.0  981.0
12.253  632.0  1023.0
12.253  632.0  1023.0
12.271  630.0  875.0
12.293  610.0  1023.0
12.312  630.0  995.0
12.333  642.0  1023.0
12.333  642.0  1023.0
12.353  638.0  903.0
12.372  621.0  960.0
12.392  626.0  1003.0
12.392  626.0  1003.0
12.412  613.0  1023.0
12.433  617.0  910.0
12.452  611.0  973.0
12.492  619.0  858.0
12.492  619.0  858.0
12.513  605.0  1023.0
12.532  621.0  981.0
12.554  636.0  1023.0
12.554  636.0  1023.0
12.572  631.0  878.0
12.593  612.0  1023.0
12.612  626.0  992.0
12.634  643.0  1023.0
12.634  643.0  1023.0
12.653  638.0  900.0
12.673  622.0  961.0
12.713  613.0  1023.0
12.733  619.0  911.0
12.753  610.0  968.0
12.792  620.0  851.0
12.792  620.0  851.0
12.813  603.0  1023.0
12.833  621.0  978.0
12.854  633.0  1020.0
12.854  633.0  1020.0
12.872  633.0  879.0
12.894  614.0  1023.0
12.913  631.0  997.0
12.934  649.0  1023.0
12.934  649.0  1023.0
12.954  642.0  903.0
12.974  627.0  965.0
12.994  633.0  1008.0
13.012  626.0  832.0
13.012  626.0  832.0
13.034  606.0  1023.0
13.053  626.0  971.0
13.074  640.0  1014.0
13.074  640.0  1014.0
13.094  637.0  865.0
13.114  625.0  927.0
13.155  649.0  1022.0
13.155  649.0  1022.0
13.194  641.0  950.0
13.213  647.0  995.0
13.235  667.0  1023.0
13.254  668.0  913.0
13.254  668.0  913.0
13.274  658.0  970.0
13.295  668.0  1008.0
13.315  671.0  864.0
13.315  671.0  864.0
13.334  667.0  918.0
13.355  671.0  972.0
13.375  688.0  1009.0
13.394  690.0  878.0
13.394  690.0  878.0
13.414  682.0  936.0
13.434  683.0  975.0
13.455  703.0  1010.0
13.474  711.0  902.0
13.495  713.0  962.0
13.495  713.0  962.0
13.514  725.0  995.0
13.535  740.0  1023.0
13.575  716.0  950.0
13.575  716.0  950.0
13.575  716.0  950.0
13.615  727.0  1011.0
13.635  718.0  912.0
13.655  692.0  956.0
13.655  692.0  956.0
13.674  694.0  987.0
13.696  711.0  1011.0
13.715  702.0  913.0
13.734  696.0  945.0
13.734  696.0  945.0
13.755  707.0  989.0
13.775  730.0  1023.0
13.795  726.0  938.0
13.795  726.0  938.0
13.814  717.0  973.0
13.836  725.0  1000.0
13.855  722.0  901.0
13.875  720.0  954.0
13.875  720.0  954.0
13.895  725.0  973.0
13.915  724.0  997.0
13.935  718.0  1007.0
13.956  751.0  952.0
13.956  751.0  952.0
13.975  724.0  959.0
14.014  688.0  995.0
14.035  696.0  1004.0
14.035  696.0  1004.0
14.055  759.0  980.0
14.075  758.0  1001.0
14.096  790.0  938.0
14.115  749.0  949.0
14.115  749.0  949.0
14.135  727.0  966.0
14.155  719.0  983.0
14.176  706.0  1000.0
14.195  739.0  951.0
14.215  727.0  977.0
14.235  723.0  985.0
14.235  723.0  985.0
14.255  705.0  995.0
14.297  806.0  1008.0
14.316  838.0  954.0
14.316  838.0  954.0
14.336  822.0  981.0
14.357  822.0  1006.0
14.396  772.0  955.0
14.396  772.0  955.0
14.416  781.0  991.0
14.437  798.0  1023.0
14.456  797.0  948.0
14.477  782.0  1000.0
14.477  782.0  1000.0
14.497  769.0  846.0
14.517  745.0  898.0
14.536  737.0  940.0
14.557  732.0  979.0
14.577  745.0  1016.0
14.597  746.0  907.0
14.597  746.0  907.0
14.617  731.0  953.0
14.637  730.0  989.0
14.657  742.0  1022.0
14.657  742.0  1022.0
14.676  743.0  920.0
14.697  735.0  968.0
14.716  736.0  996.0
14.716  736.0  996.0
14.737  749.0  1023.0
14.777  743.0  975.0
14.797  747.0  1010.0
14.797  747.0  1010.0
14.818  746.0  893.0
14.837  730.0  941.0
14.857  726.0  979.0
14.857  726.0  979.0
14.877  734.0  1015.0
14.898  735.0  906.0
14.917  727.0  952.0
14.937  729.0  984.0
14.937  729.0  984.0
14.958  743.0  1018.0
14.978  751.0  925.0
14.997  746.0  968.0
15.019  751.0  1000.0
15.019  751.0  1000.0
15.038  752.0  884.0
15.057  735.0  931.0
15.098  740.0  1015.0
15.098  740.0  1015.0
15.118  741.0  900.0
15.137  733.0  952.0
15.158  731.0  990.0
15.178  745.0  1021.0
15.198  745.0  911.0
15.218  736.0  954.0
15.238  735.0  992.0
15.238  735.0  992.0
15.258  751.0  1023.0
15.278  755.0  930.0
15.278  755.0  930.0
15.298  746.0  967.0
15.319  743.0  1002.0
15.358  734.0  925.0
15.378  734.0  973.0
15.378  734.0  973.0
15.398  751.0  1005.0
15.419  752.0  907.0
15.438  746.0  951.0
15.438  746.0  951.0
15.458  749.0  981.0
15.478  761.0  1011.0
15.499  764.0  918.0
15.518  759.0  964.0
15.538  761.0  991.0
15.538  761.0  991.0
15.559  764.0  1023.0
15.579  754.0  937.0
15.598  735.0  966.0
15.639  743.0  1023.0
15.639  743.0  1023.0
15.659  735.0  931.0
15.678  718.0  967.0
15.699  720.0  1006.0
15.719  713.0  880.0
15.719  713.0  880.0
15.738  695.0  933.0
15.759  693.0  966.0
15.778  706.0  994.0
15.778  706.0  994.0
15.799  724.0  1023.0
15.819  719.0  939.0
15.839  715.0  975.0
15.859  727.0  1007.0
15.859  727.0  1007.0
15.879  716.0  908.0
15.899  703.0  948.0
15.919  704.0  983.0
15.919  704.0  983.0
15.96  705.0  930.0
15.979  688.0  968.0
16.0  690.0  1012.0
16.02  668.0  874.0
16.02  668.0  874.0
16.038  634.0  994.0
16.059  615.0  1023.0
16.078  618.0  1023.0
16.078  618.0  1023.0
16.098  597.0  1023.0
16.118  584.0  1023.0
16.139  630.0  1023.0
16.158  639.0  497.0
16.158  639.0  497.0
16.177  605.0  641.0
16.196  410.0  750.0
16.236  353.0  819.0
16.256  321.0  815.0
16.256  321.0  815.0
16.275  329.0  842.0
16.295  288.0  887.0
16.315  262.0  929.0
16.334  219.0  923.0
16.334  219.0  923.0
16.355  171.0  919.0
16.373  36.0  653.0
16.406  0.0  0.0
16.406  0.0  0.0
16.422  294.0  0.0
16.44  901.0  283.0
16.457  915.0  743.0
16.477  744.0  902.0
16.477  744.0  902.0
16.497  624.0  913.0
16.517  556.0  936.0
16.536  487.0  920.0
16.536  487.0  920.0
16.576  345.0  933.0
16.595  307.0  938.0
16.616  228.0  988.0
16.635  158.0  972.0
16.635  158.0  972.0
16.654  95.0  714.0
16.671  0.0  258.0
16.703  263.0  0.0
16.72  885.0  256.0
16.72  885.0  256.0
16.738  886.0  690.0
16.758  737.0  913.0
16.778  647.0  994.0
16.798  554.0  1011.0
16.798  554.0  1011.0
16.82  789.0  1005.0
16.839  831.0  994.0
16.86  831.0  1019.0
16.88  899.0  971.0
16.88  899.0  971.0
16.9  891.0  1023.0
16.919  872.0  1023.0
16.94  844.0  1023.0
16.96  907.0  983.0
16.96  907.0  983.0
16.979  857.0  1018.0
16.999  820.0  1022.0
17.039  938.0  1023.0
17.059  813.0  1023.0
17.059  813.0  1023.0
17.081  908.0  1023.0
17.099  972.0  1023.0
17.099  972.0  1023.0
17.12  830.0  1023.0
17.139  889.0  1007.0
17.16  845.0  975.0
17.179  816.0  985.0
17.199  791.0  970.0
17.199  791.0  970.0
17.241  840.0  1003.0
17.241  840.0  1003.0
17.26  908.0  985.0
17.281  885.0  1012.0
17.319  932.0  1021.0
17.34  815.0  1023.0
17.34  815.0  1023.0
17.36  878.0  987.0
17.381  802.0  1023.0
17.4  864.0  1023.0
17.4  864.0  1023.0
17.421  831.0  1023.0
17.44  802.0  1023.0
17.461  780.0  1023.0
17.48  826.0  1023.0
17.48  826.0  1023.0
17.501  700.0  1023.0
17.521  816.0  1023.0
17.54  841.0  1023.0
17.561  758.0  1023.0
17.561  758.0  1023.0
17.582  833.0  1023.0
17.601  837.0  1011.0
17.62  801.0  1017.0
17.641  737.0  1023.0
17.641  737.0  1023.0
17.66  809.0  1023.0
17.682  779.0  1023.0
17.72  793.0  1023.0
17.74  621.0  1023.0
17.74  621.0  1023.0
17.762  808.0  1023.0
17.781  829.0  1023.0
17.801  835.0  1023.0
17.821  774.0  1023.0
17.821  774.0  1023.0
17.842  722.0  1023.0
17.861  903.0  1023.0
17.882  840.0  1023.0
17.901  766.0  1023.0
17.901  766.0  1023.0
17.922  722.0  1023.0
17.941  923.0  1023.0
17.961  851.0  1023.0
17.961  851.0  1023.0
17.981  783.0  1023.0
18.001  718.0  1023.0
18.022  922.0  1023.0
18.061  453.0  1023.0
18.061  453.0  1023.0
18.082  685.0  1023.0
18.102  856.0  1023.0
18.121  752.0  1023.0
18.143  672.0  1023.0
18.143  672.0  1023.0
18.162  875.0  1023.0
18.183  827.0  1023.0
18.202  941.0  1023.0
18.224  921.0  1023.0
18.224  921.0  1023.0
18.243  992.0  999.0
18.262  957.0  1023.0
18.283  710.0  1023.0
18.304  886.0  1023.0
18.304  886.0  1023.0
18.322  986.0  1012.0
18.343  741.0  1023.0
18.363  909.0  1023.0
18.363  909.0  1023.0
18.383  872.0  1023.0
18.402  999.0  1023.0
18.423  703.0  1023.0
18.444  875.0  1023.0
18.444  875.0  1023.0
18.463  972.0  1023.0
18.503  939.0  1023.0
18.524  924.0  1023.0
18.524  924.0  1023.0
18.544  977.0  1023.0
18.564  953.0  1023.0
18.583  930.0  1023.0
18.604  919.0  1023.0
18.604  919.0  1023.0
18.624  960.0  996.0
18.644  949.0  1023.0
18.664  1017.0  684.0
18.684  998.0  1010.0
18.684  998.0  1010.0
18.703  986.0  1023.0
18.722  879.0  1023.0
18.744  830.0  1023.0
18.744  830.0  1023.0
18.783  905.0  1023.0
18.783  905.0  1023.0
18.802  887.0  1023.0
18.843  952.0  1023.0
18.864  835.0  1023.0
18.883  930.0  1023.0
18.883  930.0  1023.0
18.904  690.0  1023.0
18.924  916.0  1023.0
18.944  959.0  1023.0
18.944  959.0  1023.0
18.964  907.0  1023.0
18.983  949.0  1023.0
19.004  933.0  1023.0
19.024  960.0  1023.0
19.024  960.0  1023.0
19.044  931.0  1023.0
19.064  924.0  1023.0
19.085  933.0  1023.0
19.085  933.0  1023.0
19.105  747.0  1023.0
19.125  702.0  967.0
19.145  722.0  788.0
19.183  448.0  854.0
19.203  418.0  844.0
19.223  394.0  847.0
19.223  394.0  847.0
19.243  362.0  814.0
19.262  347.0  801.0
19.282  342.0  779.0
19.302  343.0  988.0
19.302  343.0  988.0
19.321  313.0  989.0
19.342  217.0  960.0
19.361  303.0  996.0
19.361  303.0  996.0
19.382  343.0  1012.0
19.402  486.0  1023.0
19.424  613.0  1023.0
19.444  718.0  1023.0
19.444  718.0  1023.0
19.465  805.0  1023.0
19.486  866.0  1023.0
19.526  844.0  970.0
19.526  844.0  970.0
19.547  816.0  995.0
19.567  806.0  1019.0
19.587  790.0  920.0
19.607  778.0  965.0
19.607  778.0  965.0
19.627  770.0  998.0
19.647  779.0  1023.0
19.666  776.0  931.0
19.687  763.0  970.0
19.687  763.0  970.0
19.707  757.0  1002.0
19.727  748.0  881.0
19.747  733.0  915.0
19.767  723.0  970.0
19.767  723.0  970.0
19.787  728.0  1000.0
19.808  717.0  868.0
19.827  698.0  930.0
19.827  698.0  930.0
19.847  690.0  969.0
19.888  686.0  870.0
19.907  667.0  923.0
19.927  661.0  970.0
19.927  661.0  970.0
19.948  671.0  1002.0
19.968  666.0  873.0
19.987  649.0  934.0
19.987  649.0  934.0
20.007  651.0  970.0
20.028  665.0  1010.0
20.047  665.0  894.0
20.067  650.0  944.0
20.067  650.0  944.0
20.087  654.0  985.0
20.108  670.0  1020.0
20.127  667.0  913.0
20.127  667.0  913.0
20.148  656.0  956.0
20.167  661.0  995.0
20.228  661.0  970.0
20.228  661.0  970.0
20.248  669.0  1006.0
20.268  661.0  879.0
20.288  646.0  933.0
20.307  646.0  975.0
20.307  646.0  975.0
20.328  659.0  1009.0
20.348  655.0  895.0
20.348  655.0  895.0
20.368  647.0  944.0
20.387  648.0  985.0
20.409  666.0  1023.0
20.428  662.0  910.0
20.428  662.0  910.0
20.448  653.0  961.0
20.467  659.0  999.0
20.508  671.0  934.0
20.508  671.0  934.0
20.528  660.0  976.0
20.549  666.0  1011.0
20.569  661.0  883.0
20.588  643.0  937.0
20.609  644.0  979.0
20.609  644.0  979.0
20.629  664.0  1015.0
20.648  658.0  902.0
20.668  648.0  950.0
20.688  652.0  991.0
20.688  652.0  991.0
20.709  667.0  1022.0
20.728  666.0  921.0
20.749  653.0  961.0
20.749  653.0  961.0
20.768  660.0  998.0
20.789  677.0  1023.0
20.809  671.0  943.0
20.829  662.0  974.0
20.829  662.0  974.0
20.849  669.0  1012.0
20.869  660.0  894.0
20.909  647.0  980.0
20.929  662.0  1022.0
20.95  660.0  910.0
20.95  660.0  910.0
20.969  646.0  953.0
20.988  652.0  993.0
21.01  669.0  1023.0
21.01  669.0  1023.0
21.029  666.0  932.0
21.049  654.0  969.0
21.069  658.0  1003.0
21.09  656.0  879.0
21.09  656.0  879.0
21.109  641.0  935.0
21.129  639.0  973.0
21.15  655.0  1013.0
21.17  654.0  894.0
21.189  641.0  949.0
21.21  645.0  982.0
21.23  662.0  1020.0
21.23  662.0  1020.0
21.269  650.0  958.0
21.289  653.0  995.0
21.31  672.0  1023.0
21.31  672.0  1023.0
21.329  666.0  936.0
21.35  655.0  972.0
21.37  662.0  1010.0
21.39  656.0  881.0
21.39  656.0  881.0
21.41  640.0  940.0
21.43  643.0  978.0
21.45  658.0  1013.0
21.471  656.0  902.0
21.471  656.0  902.0
21.49  642.0  952.0
21.51  648.0  985.0
21.53  665.0  1023.0
21.53  665.0  1023.0
21.551  662.0  918.0
21.591  657.0  1002.0
21.611  650.0  867.0
21.63  635.0  926.0
21.63  635.0  926.0
21.65  635.0  965.0
21.671  647.0  1004.0
21.691  648.0  886.0
21.71  636.0  940.0
21.71  636.0  940.0
21.73  638.0  978.0
21.751  656.0  1017.0
21.771  653.0  908.0
21.771  653.0  908.0
21.79  642.0  950.0
21.811  648.0  989.0
21.831  664.0  1023.0
21.851  660.0  925.0
21.851  660.0  925.0
21.892  655.0  1000.0
21.911  648.0  873.0
21.931  636.0  927.0
21.931  636.0  927.0
21.951  632.0  965.0
21.971  648.0  1005.0
21.991  647.0  884.0
22.011  633.0  940.0
22.031  637.0  979.0
22.031  637.0  979.0
22.051  655.0  1016.0
22.072  652.0  901.0
22.091  639.0  953.0
22.091  639.0  953.0
22.111  646.0  989.0
22.131  664.0  1023.0
22.152  661.0  925.0
22.171  648.0  964.0
22.171  648.0  964.0
22.212  673.0  1023.0
22.232  668.0  939.0
22.251  656.0  974.0
22.251  656.0  974.0
22.273  665.0  1008.0
22.292  655.0  886.0
22.311  642.0  939.0
22.331  641.0  980.0
22.331  641.0  980.0
22.352  656.0  1012.0
22.372  654.0  902.0
22.391  639.0  951.0
22.412  645.0  990.0
22.412  645.0  990.0
22.432  662.0  1021.0
22.452  658.0  919.0
22.472  647.0  964.0
22.472  647.0  964.0
22.492  652.0  995.0
22.512  669.0  1023.0
22.552  656.0  972.0
22.552  656.0  972.0
22.573  660.0  1004.0
22.592  655.0  884.0
22.612  639.0  932.0
22.632  640.0  972.0
22.632  640.0  972.0
22.652  652.0  1011.0
22.673  650.0  897.0
22.692  637.0  944.0
22.712  641.0  985.0
22.732  658.0  1018.0
22.732  658.0  1018.0
22.753  654.0  915.0
22.772  643.0  953.0
22.772  643.0  953.0
22.792  648.0  990.0
22.813  667.0  1023.0
22.833  664.0  930.0
22.852  651.0  971.0
22.852  651.0  971.0
22.874  659.0  1002.0
22.913  635.0  937.0
22.932  637.0  970.0
22.953  651.0  1006.0
22.953  651.0  1006.0
22.973  649.0  894.0
22.992  637.0  945.0
23.013  641.0  978.0
23.013  641.0  978.0
23.033  657.0  1020.0
23.053  655.0  910.0
23.073  643.0  954.0
23.073  643.0  954.0
23.093  648.0  994.0
23.113  668.0  1023.0
23.133  662.0  925.0
23.153  652.0  966.0
23.174  658.0  1001.0
23.193  650.0  877.0
23.214  636.0  933.0
23.214  636.0  933.0
23.233  634.0  973.0
23.274  647.0  891.0
23.293  635.0  942.0
23.313  638.0  981.0
23.333  657.0  1019.0
23.333  657.0  1019.0
23.354  652.0  910.0
23.373  641.0  954.0
23.393  646.0  993.0
23.393  646.0  993.0
23.414  668.0  1023.0
23.434  661.0  931.0
23.453  651.0  964.0
23.475  655.0  1003.0
23.475  655.0  1003.0
23.494  649.0  873.0
23.514  633.0  930.0
23.534  633.0  972.0
23.555  649.0  1008.0
23.555  649.0  1008.0
23.574  647.0  892.0
23.614  639.0  978.0
23.614  639.0  978.0
23.614  639.0  978.0
23.654  655.0  910.0
23.674  641.0  954.0
23.694  649.0  992.0
23.714  666.0  1023.0
23.714  666.0  1023.0
23.735  661.0  930.0
23.754  648.0  966.0
23.775  657.0  1005.0
23.775  657.0  1005.0
23.794  652.0  876.0
23.815  634.0  935.0
23.834  635.0  970.0
23.834  635.0  970.0
23.855  650.0  1009.0
23.875  648.0  892.0
23.895  637.0  942.0
23.936  658.0  1015.0
23.955  654.0  909.0
23.955  654.0  909.0
23.974  642.0  955.0
23.994  649.0  992.0
23.994  649.0  1023.0
24.035  661.0  932.0
24.035  661.0  932.0
24.054  651.0  968.0
24.095  649.0  878.0
24.115  634.0  930.0
24.135  634.0  968.0
24.135  634.0  968.0
24.156  650.0  1007.0
24.175  647.0  888.0
24.195  633.0  945.0
24.215  640.0  981.0
24.215  640.0  981.0
24.236  655.0  1018.0
24.255  653.0  909.0
24.275  641.0  957.0
24.295  645.0  992.0
24.315  663.0  1023.0
24.315  663.0  1023.0
24.336  661.0  931.0
24.355  649.0  970.0
24.376  654.0  1002.0
24.376  654.0  1002.0
24.395  651.0  875.0
24.416  634.0  930.0
24.435  634.0  973.0
24.456  647.0  1008.0
24.456  647.0  1008.0
24.476  647.0  891.0
24.515  639.0  974.0
24.515  639.0  974.0
24.556  652.0  911.0
24.556  652.0  911.0
24.576  640.0  952.0
24.595  646.0  990.0
24.616  663.0  1023.0
24.616  663.0  1023.0
24.636  661.0  924.0
24.655  649.0  970.0
24.677  655.0  1000.0
24.677  655.0  1000.0
24.696  648.0  871.0
24.716  630.0  924.0
24.736  631.0  969.0
24.757  649.0  1003.0
24.757  649.0  1003.0
24.776  644.0  887.0
24.796  631.0  943.0
24.816  637.0  975.0
24.837  653.0  1013.0
24.856  651.0  911.0
24.856  651.0  911.0
24.896  645.0  991.0
24.916  662.0  1023.0
24.937  660.0  924.0
24.937  660.0  924.0
24.956  648.0  966.0
24.976  657.0  999.0
24.996  673.0  1023.0
24.996  673.0  1023.0
25.017  668.0  945.0
25.036  656.0  977.0
25.057  665.0  1016.0
25.077  656.0  895.0
25.077  656.0  895.0
25.097  639.0  944.0
25.116  641.0  982.0
25.138  654.0  1021.0
25.157  652.0  910.0
25.177  640.0  955.0
25.196  646.0  995.0
25.196  646.0  995.0
25.218  664.0  1023.0
25.256  648.0  965.0
25.278  656.0  1003.0
25.297  648.0  873.0
25.317  632.0  929.0
25.317  632.0  929.0
25.358  648.0  1007.0
25.377  644.0  890.0
25.398  633.0  939.0
25.398  633.0  939.0
25.417  636.0  980.0
25.438  655.0  1018.0
25.457  649.0  907.0
25.478  640.0  954.0
25.518  662.0  1023.0
25.538  661.0  927.0
25.578  653.0  1001.0
25.598  648.0  875.0
25.618  631.0  929.0
25.637  632.0  970.0
25.637  632.0  970.0
25.658  649.0  1008.0
25.678  646.0  892.0
25.698  632.0  941.0
25.717  637.0  982.0
25.717  637.0  982.0
25.739  653.0  1019.0
25.758  652.0  913.0
25.778  640.0  954.0
25.798  645.0  993.0
25.819  666.0  1023.0
25.819  666.0  1023.0
25.838  661.0  931.0
25.858  648.0  971.0
25.879  657.0  1004.0
25.879  657.0  1004.0
25.899  650.0  880.0
25.918  633.0  936.0
25.938  634.0  971.0
25.978  646.0  901.0
25.978  646.0  901.0
25.999  635.0  944.0
26.018  641.0  983.0
26.039  659.0  1023.0
26.058  654.0  916.0
26.058  654.0  916.0
26.079  642.0  956.0
26.098  648.0  998.0
26.119  669.0  1023.0
26.139  661.0  938.0
26.139  661.0  938.0
26.159  652.0  973.0
26.179  661.0  1010.0
26.2  652.0  885.0
26.2  652.0  885.0
26.219  635.0  942.0
26.238  638.0  977.0
26.259  653.0  1015.0
26.279  651.0  905.0
26.279  651.0  905.0
26.318  644.0  987.0
26.318  644.0  987.0
26.359  659.0  925.0
26.359  659.0  925.0
26.379  647.0  964.0
26.4  654.0  1000.0
26.42  648.0  873.0
26.439  633.0  928.0
26.439  633.0  928.0
26.459  632.0  969.0
26.48  646.0  1006.0
26.5  646.0  893.0
26.519  633.0  941.0
26.519  633.0  941.0
26.54  638.0  982.0
26.56  655.0  1022.0
26.579  652.0  910.0
26.6  642.0  961.0
26.6  642.0  961.0
26.619  648.0  993.0
26.64  667.0  1023.0
26.659  661.0  936.0
26.659  661.0  936.0
26.68  650.0  970.0
26.72  651.0  884.0
26.74  636.0  937.0
26.76  635.0  973.0
26.76  635.0  973.0
26.78  652.0  1015.0
26.801  650.0  901.0
26.82  636.0  950.0
26.84  642.0  987.0
26.86  660.0  1023.0
26.86  660.0  1023.0
26.881  657.0  926.0
26.9  647.0  966.0
26.919  653.0  997.0
26.919  653.0  997.0
26.941  671.0  1023.0
26.96  667.0  946.0
26.98  654.0  978.0
26.98  654.0  978.0
27.001  662.0  1014.0
27.021  655.0  897.0
27.04  641.0  949.0
27.06  643.0  982.0
27.06  643.0  982.0
27.081  660.0  1019.0
27.101  657.0  920.0
27.141  649.0  993.0
27.161  668.0  1023.0
27.161  668.0  1023.0
27.201  650.0  970.0
27.222  658.0  1009.0
27.222  658.0  1009.0
27.241  653.0  887.0
27.261  635.0  938.0
27.281  637.0  979.0
27.281  637.0  979.0
27.301  654.0  1012.0
27.321  651.0  904.0
27.341  639.0  950.0
27.361  641.0  985.0
27.361  641.0  985.0
27.381  661.0  1023.0
27.402  657.0  924.0
27.421  647.0  962.0
27.421  647.0  962.0
27.441  654.0  996.0
27.462  672.0  1023.0
27.482  666.0  944.0
27.501  655.0  977.0
27.501  655.0  977.0
27.542  654.0  899.0
27.542  654.0  899.0
27.581  642.0  983.0
27.602  658.0  1023.0
27.622  654.0  917.0
27.641  642.0  960.0
27.641  642.0  960.0
27.662  649.0  994.0
27.682  668.0  1023.0
27.702  662.0  938.0
27.721  651.0  975.0
27.743  659.0  1008.0
27.743  659.0  1008.0
27.762  652.0  887.0
27.782  636.0  940.0
27.802  639.0  978.0
27.802  639.0  978.0
27.823  653.0  1014.0
27.842  652.0  904.0
27.863  639.0  949.0
27.882  646.0  988.0
27.882  646.0  988.0
27.902  663.0  1023.0
27.942  648.0  967.0
27.963  654.0  1003.0
27.963  654.0  1003.0
27.982  649.0  876.0
28.003  633.0  929.0
28.022  632.0  970.0
28.043  650.0  1008.0
28.043  650.0  1008.0
28.063  644.0  894.0
28.083  630.0  945.0
28.102  638.0  984.0
28.123  657.0  1020.0
28.143  653.0  913.0
28.163  641.0  959.0
28.182  648.0  996.0
28.182  648.0  996.0
28.204  667.0  1023.0
28.242  651.0  975.0
28.242  651.0  975.0
28.264  659.0  1004.0
28.283  653.0  886.0
28.322  638.0  978.0
28.322  638.0  978.0
28.322  638.0  978.0
28.363  649.0  911.0
28.383  640.0  952.0
28.403  643.0  990.0
28.403  643.0  990.0
28.424  662.0  1023.0
28.443  658.0  928.0
28.464  646.0  969.0
28.484  655.0  1000.0
28.484  655.0  1000.0
28.504  647.0  876.0
28.523  633.0  930.0
28.544  633.0  971.0
28.544  633.0  971.0
28.564  649.0  1005.0
28.583  645.0  895.0
28.604  634.0  943.0
28.623  635.0  982.0
28.623  635.0  982.0
28.644  655.0  1018.0
28.664  652.0  914.0
28.703  649.0  995.0
28.724  668.0  1023.0
28.724  668.0  1023.0
28.744  661.0  936.0
28.764  649.0  972.0
28.784  659.0  1004.0
28.784  659.0  1004.0
28.805  651.0  886.0
28.824  637.0  934.0
28.844  636.0  973.0
28.844  636.0  973.0
28.865  653.0  1012.0
28.884  651.0  903.0
28.904  638.0  948.0
28.923  643.0  986.0
28.923  643.0  986.0
28.945  662.0  1023.0
28.964  654.0  928.0
28.984  645.0  965.0
29.004  652.0  997.0
29.004  652.0  997.0
29.025  671.0  1023.0
29.065  655.0  977.0
29.085  662.0  1011.0
29.105  654.0  898.0
29.105  654.0  898.0
29.125  639.0  946.0
29.145  640.0  984.0
29.165  657.0  1020.0
29.185  654.0  913.0
29.205  642.0  957.0
29.205  642.0  957.0
29.245  663.0  1023.0
29.265  662.0  938.0
29.265  662.0  938.0
29.285  651.0  969.0
29.305  660.0  1007.0
29.326  650.0  886.0
29.345  634.0  939.0
29.345  634.0  939.0
29.365  636.0  976.0
29.385  653.0  1011.0
29.425  638.0  950.0
29.425  638.0  950.0
29.445  642.0  985.0
29.466  658.0  1023.0
29.486  656.0  923.0
29.505  645.0  968.0
29.505  645.0  968.0
29.526  650.0  997.0
29.546  671.0  1023.0
29.565  663.0  945.0
29.585  656.0  977.0
29.585  656.0  977.0
29.606  663.0  1018.0
29.626  655.0  897.0
29.645  639.0  948.0
29.666  643.0  985.0
29.666  643.0  985.0
29.686  659.0  1019.0
29.706  656.0  916.0
29.726  644.0  958.0
29.726  644.0  958.0
29.746  650.0  992.0
29.786  664.0  940.0
29.806  653.0  971.0
29.827  659.0  1009.0
29.827  659.0  1009.0
29.846  653.0  886.0
29.867  635.0  939.0
29.886  637.0  977.0
29.886  637.0  977.0
29.906  654.0  1010.0
29.927  649.0  913.0
29.946  638.0  953.0
29.966  644.0  985.0
29.986  660.0  1023.0
29.986  660.0  1023.0
30.007  657.0  929.0
30.026  645.0  966.0
30.047  652.0  1002.0
30.067  648.0  877.0
30.067  648.0  877.0
30.087  631.0  932.0
30.106  630.0  974.0
30.106  630.0  974.0
30.128  650.0  1009.0
30.167  634.0  950.0
30.186  640.0  984.0
30.208  658.0  1022.0
30.227  652.0  923.0
30.227  652.0  923.0
30.246  643.0  961.0
30.267  649.0  996.0
30.287  670.0  1023.0
30.307  665.0  941.0
30.307  665.0  941.0
30.327  655.0  976.0
30.348  664.0  1009.0
30.367  653.0  894.0
30.367  653.0  894.0
30.387  638.0  944.0
30.407  641.0  981.0
30.428  659.0  1015.0
30.447  653.0  915.0
30.447  653.0  915.0
30.468  641.0  956.0
30.487  648.0  993.0
30.528  661.0  938.0
30.528  661.0  938.0
30.547  650.0  969.0
30.568  659.0  1005.0
30.587  650.0  888.0
30.608  636.0  940.0
30.608  636.0  940.0
30.627  638.0  977.0
30.648  653.0  1017.0
30.668  653.0  901.0
30.688  637.0  952.0
30.688  637.0  952.0
30.707  643.0  990.0
30.729  662.0  1022.0
30.748  658.0  928.0
30.768  644.0  968.0
30.768  644.0  968.0
30.788  655.0  1004.0
30.809  647.0  878.0
30.828  631.0  938.0
30.848  632.0  968.0
30.848  632.0  968.0
30.888  647.0  897.0
30.908  633.0  949.0
30.928  641.0  981.0
30.928  641.0  981.0
30.949  655.0  1021.0
30.968  654.0  926.0
30.989  640.0  959.0
31.008  649.0  997.0
31.008  649.0  997.0
31.029  668.0  1023.0
31.048  663.0  943.0
31.069  655.0  978.0
31.069  655.0  978.0
31.089  661.0  1010.0
31.109  653.0  899.0
31.129  638.0  943.0
31.149  645.0  983.0
31.149  645.0  983.0
31.169  658.0  1020.0
31.19  655.0  912.0
31.228  649.0  993.0
31.228  649.0  993.0
31.228  649.0  993.0
31.269  660.0  938.0
31.289  650.0  972.0
31.309  660.0  1010.0
31.309  660.0  1010.0
31.33  650.0  888.0
31.349  636.0  939.0
31.369  636.0  975.0
31.39  653.0  1009.0
31.41  650.0  909.0
31.41  650.0  909.0
31.429  638.0  954.0
31.449  642.0  987.0
31.47  660.0  1023.0
31.47  660.0  1023.0
31.49  657.0  928.0
31.509  648.0  966.0
31.531  654.0  1004.0
31.55  646.0  876.0
31.55  646.0  876.0
31.569  630.0  932.0
31.59  630.0  976.0
31.61  649.0  1008.0
31.61  649.0  1008.0
31.649  634.0  950.0
31.67  636.0  980.0
31.69  655.0  1019.0
31.71  653.0  921.0
31.71  653.0  921.0
31.73  643.0  962.0
31.75  649.0  997.0
31.77  669.0  1023.0
31.791  660.0  941.0
31.791  660.0  941.0
31.81  652.0  977.0
31.831  660.0  1011.0
31.85  652.0  894.0
31.87  637.0  944.0
31.89  639.0  977.0
31.89  639.0  977.0
31.91  655.0  1016.0
31.931  651.0  914.0
31.97  646.0  992.0
31.991  665.0  1023.0
31.991  665.0  1023.0
32.011  659.0  933.0
32.03  648.0  968.0
32.051  656.0  1005.0
32.051  656.0  1005.0
32.071  650.0  885.0
32.091  632.0  939.0
32.11  635.0  976.0
32.132  650.0  1013.0
32.132  650.0  1013.0
32.151  647.0  904.0
32.171  634.0  948.0
32.191  639.0  985.0
32.191  639.0  985.0
32.211  660.0  1023.0
32.25  642.0  965.0
32.25  642.0  965.0
32.291  645.0  873.0
32.291  645.0  873.0
32.331  629.0  969.0
32.352  645.0  1002.0
32.352  645.0  1002.0
32.371  641.0  897.0
32.392  629.0  946.0
32.411  635.0  977.0
32.432  652.0  1020.0
32.432  652.0  1020.0
32