31.596  616.0  1023.0  104.0
31.596  616.0  1023.0  104.0
31.596  616.0  1023.0  104.0
31.596  616.0  1023.0  104.0
31.596  616.0  1023.0  104.0
31.596  616.0  1023.0  104.0
31.596  616.0  1023.0  104.0
31.596  616.0  1023.0  104.0
31.596  616.0  1023.0  104.0
31.596  616.0  1023.0  104.0
31.596  616.0  1023.0  104.0
31.596  616.0  1023.0  104.0
31.596  616.0  1023.0  104.0
31.596  616.0  1023.0  104.0
31.596  616.0  1023.0  104.0
31.596  616.0  1023.0  104.0
31.596  616.0  1023.0  104.0
31.596  616.0  1023.0  104.0
31.596  616.0  1023.0  104.0
31.596  616.0  1023.0  104.0
31.596  616.0  1023.0  104.0
31.596  616.0  1023.0  104.0
31.596  616.0  1023.0  104.0
31.596  616.0  1023.0  104.0
31.596  616.0  1023.0  104.0
31.596  616.0  1023.0  104.0
31.596  616.0  1023.0  104.0
31.596  616.0  1023.0  104.0
31.596  616.0  1023.0  104.0
31.596  616.0  1023.0  104.0
31.596  616.0  1023.0  104.0
31.596  616.0  1023.0  104.0
31.596  616.0  1023.0  104.0
31.596  616.0  1023.0  104.0
31.596  616.0  1023.0  104.0
31.596  616.0  1023.0  104.0
31.596  616.0  1023.0  104.0
31.596  616.0  1023.0  104.0
31.596  616.0  1023.0  104.0
31.596  616.0  1023.0  104.0
31.596  616.0  1023.0  104.0
31.596  616.0  1023.0  104.0
31.596  616.0  1023.0  104.0
31.596  616.0  1023.0  104.0
31.596  616.0  1023.0  104.0
31.596  616.0  1023.0  104.0
31.596  616.0  1023.0  104.0
31.596  616.0  1023.0  104.0
0.0010  61752.0  986.0  695.0
0.0010  61752.0  986.0  695.0
0.0020  796.0  1008.0  907.0
0.0040  989.0  1023.0  1023.0
0.013  1023.0  1023.0  711.0
0.013  1023.0  1023.0  711.0
0.03  473.0  1023.0  911.0
0.049  364.0  968.0  1007.0
0.078  670.0  0.0  365.0
0.095  826.0  943.0  167.0
0.095  826.0  943.0  167.0
0.113  691.0  1023.0  423.0
0.132  474.0  1023.0  686.0
0.15  292.0  1023.0  902.0
0.169  323.0  1023.0  1007.0
0.169  323.0  1023.0  1007.0
0.19  380.0  1023.0  1023.0
0.209  415.0  1009.0  1023.0
0.247  459.0  458.0  1023.0
0.263  471.0  8.0  705.0
0.263  471.0  8.0  705.0
0.278  703.0  0.0  284.0
0.295  801.0  691.0  127.0
0.314  686.0  1023.0  68.0
0.351  338.0  1023.0  777.0
0.351  338.0  1023.0  777.0
0.369  269.0  1023.0  951.0
0.389  343.0  961.0  1023.0
0.407  411.0  490.0  1023.0
0.407  411.0  490.0  1023.0
0.423  448.0  25.0  901.0
0.457  843.0  254.0  152.0
0.475  711.0  1023.0  62.0
0.493  629.0  1023.0  290.0
0.493  629.0  1023.0  290.0
0.513  531.0  1023.0  556.0
0.531  347.0  1023.0  825.0
0.549  289.0  1023.0  974.0
0.549  289.0  1023.0  974.0
0.587  418.0  438.0  1023.0
0.604  449.0  13.0  874.0
0.619  515.0  0.0  349.0
0.637  837.0  296.0  147.0
0.637  837.0  296.0  147.0
0.655  709.0  1023.0  60.0
