59.11  627.0  1023.0  149.0
59.11  627.0  1023.0  149.0
59.11  627.0  1023.0  149.0
59.11  627.0  1023.0  149.0
59.11  627.0  1023.0  149.0
59.11  627.0  1023.0  149.0
59.11  627.0  1023.0  149.0
59.11  627.0  1023.0  149.0
59.11  627.0  1023.0  149.0
59.11  627.0  1023.0  149.0
59.11  627.0  1023.0  149.0
59.11  627.0  1023.0  149.0
59.11  627.0  1023.0  149.0
59.11  627.0  1023.0  149.0
59.11  627.0  1023.0  149.0
59.11  627.0  1023.0  149.0
59.11  627.0  1023.0  149.0
59.11  627.0  1023.0  149.0
59.11  627.0  1023.0  149.0
59.11  627.0  1023.0  149.0
59.11  627.0  1023.0  149.0
59.11  627.0  1023.0  149.0
59.11  627.0  1023.0  149.0
59.11  627.0  1023.0  149.0
59.11  627.0  1023.0  149.0
59.11  627.0  1023.0  149.0
59.11  627.0  1023.0  149.0
59.11  627.0  1023.0  149.0
59.11  627.0  1023.0  149.0
59.11  627.0  1023.0  149.0
59.11  627.0  1023.0  149.0
59.11  627.0  1023.0  149.0
59.11  627.0  1023.0  149.0
59.11  627.0  1023.0  149.0
59.11  627.0  1023.0  149.0
59.11  627.0  1023.0  149.0
59.11  627.0  1023.0  149.0
59.11  627.0  1023.0  149.0
59.11  627.0  1023.0  149.0
59.11  627.0  1023.0  149.0
59.11  627.0  1023.0  149.0
59.11  627.0  1023.0  149.0
59.11  627.0  1023.0  149.0
59.11  627.0  1023.0  149.0
59.11  627.0  1023.0  149.0
59.11  627.0  1023.0  149.0
59.11  627.0  1023.0  149.0
59.11  627.0  1023.0  149.0
59.11  627.0  1023.0  149.0
59.11  627.0  1023.0  149.0
59.11  627.0  1023.0  149.0
5912.276  622.0  1023.0  34.0
0.0030  0.0  0.0  0.0
0.0030  0.0  0.0  0.0
0.0030  17.0  53.0  41.0
0.0040  118.0  282.0  215.0
0.018  412.0  1023.0  540.0
0.053  280.0  559.0  965.0
0.053  280.0  559.0  965.0
0.067  382.0  0.0  414.0
0.083  833.0  114.0  162.0
0.1  697.0  1023.0  67.0
0.138  440.0  1023.0  650.0
0.138  440.0  1023.0  650.0
0.156  275.0  1023.0  882.0
0.176  301.0  1023.0  995.0
0.194  376.0  734.0  1023.0
0.194  376.0  734.0  1023.0
0.212  421.0  221.0  1023.0
0.244  781.0  0.0  251.0
0.262  767.0  906.0  110.0
0.28  664.0  1023.0  177.0
0.28  664.0  1023.0  177.0
0.299  634.0  1023.0  432.0
0.318  427.0  1023.0  711.0
0.336  276.0  1023.0  914.0
0.356  324.0  1023.0  1010.0
0.356  324.0  1023.0  1010.0
0.376  380.0  1001.0  1023.0
0.413  448.0  474.0  1023.0
0.43  465.0  20.0  879.0
0.446  514.0  0.0  352.0
0.446  514.0  0.0  352.0
0.463  841.0  295.0  150.0
0.499  630.0  1023.0  311.0
0.519  510.0  1023.0  581.0
0.537  322.0  1023.0  843.0
0.537  322.0  1023.0  843.0
0.556  297.0  1023.0  982.0
0.575  366.0  885.0  1023.0
0.593  420.0  378.0  1023.0
0.593  420.0  378.0  1023.0
0.624  716.0  0.0  272.0
0.643  782.0  754.0  121.0
0.661  675.0  1023.0  111.0
0.679  630.0  1023.0  351.0
0.679  630.0  1023.0  351.0
0.698  477.0  1023.0  623.0
0.717  301.0  1023.0  868.0
0.736  301.0  1023.0  994.0
