17.592  616.0  969.0  154.0
17.592  616.0  969.0  154.0
17.592  616.0  969.0  154.0
17.592  616.0  969.0  154.0
17.592  616.0  969.0  154.0
17.592  616.0  969.0  154.0
17.592  616.0  969.0  154.0
17.592  616.0  969.0  154.0
17.592  616.0  969.0  154.0
17.592  616.0  969.0  154.0
17.592  616.0  969.0  154.0
17.592  616.0  969.0  154.0
17.592  616.0  969.0  154.0
17.592  616.0  969.0  154.0
17.592  616.0  969.0  154.0
17.592  616.0  969.0  154.0
17.592  616.0  969.0  154.0
17.592  616.0  969.0  154.0
17.592  616.0  969.0  154.0
17.592  616.0  969.0  154.0
17.592  616.0  969.0  154.0
17.592  616.0  969.0  154.0
17.592  616.0  969.0  154.0
17.592  616.0  969.0  154.0
17.592  616.0  969.0  154.0
17.592  616.0  969.0  154.0
17.592  616.0  969.0  154.0
