116.322  568.0  1023.0  0.0
116.322  568.0  1023.0  0.0
116.322  568.0  1023.0  0.0
116.322  568.0  1023.0  0.0
116.322  568.0  1023.0  0.0
116.322  568.0  1023.0  0.0
116.322  568.0  1023.0  0.0
116.322  568.0  1023.0  0.0
116.322  568.0  1023.0  0.0
116.322  568.0  1023.0  0.0
116.322  568.0  1023.0  0.0
116.322  568.0  1023.0  0.0
116.322  568.0  1023.0  0.0
116.322  568.0  1023.0  0.0
116.322  568.0  1023.0  0.0
116.322  568.0  1023.0  0.0
116.322  568.0  1023.0  0.0
116.322  568.0  1023.0  0.0
116.322  568.0  1023.0  0.0
116.322  568.0  1023.0  0.0
116.322  568.0  1023.0  0.0
116.322  568.0  1023.0  0.0
116.322  568.0  1023.0  0.0
116.322  568.0  1023.0  0.0
116.322  568.0  1023.0  0.0
116.322  568.0  1023.0  0.0
116.322  568.0  1023.0  0.0
116.322  568.0  1023.0  0.0
116.322  568.0  1023.0  0.0
116.322  568.0  1023.0  0.0
116.322  568.0  1023.0  0.0
116.322  568.0  1023.0  0.0
116.322  568.0  1023.0  0.0
116.322  568.0  1023.0  0.0
116.322  568.0  1023.0  0.0
116.322  568.0  1023.0  0.0
116.322  568.0  1023.0  0.0
116.322  568.0  1023.0  0.0
116.322  568.0  1023.0  0.0
116.322  568.0  1023.0  0.0
116.322  568.0  1023.0  0.0
116.322  568.0  1023.0  0.0
116.322  568.0  1023.0  0.0
116.322  568.0  1023.0  0.0
116.322  568.0  1023.0  0.0
116.322  568.0  1023.0  0.0
116.322  568.0  1023.0  0.0
116.322  568.0  1023.0  0.0
116.322  568.0  1023.0  0.0
116.322  568.0  1023.0  0.0
0.0010  565740.0  981.0  678.0
0.0020  780.0  1001.0  899.0
0.0020  780.0  1001.0  899.0
0.0030  906.0  1023.0  996.0
0.0040  980.0  1023.0  1023.0
0.03  462.0  1023.0  918.0
0.049  366.0  959.0  1010.0
0.049  366.0  959.0  1010.0
0.064  420.0  57.0  918.0
0.095  820.0  966.0  163.0
0.113  687.0  1023.0  429.0
0.113  687.0  1023.0  429.0
0.132  465.0  1023.0  695.0
0.15  287.0  1023.0  910.0
0.169  322.0  1023.0  1011.0
0.19  380.0  1023.0  1023.0
0.19  380.0  1023.0  1023.0
0.208  415.0  998.0  1023.0
0.227  444.0  534.0  1023.0
0.26  487.0  0.0  373.0
0.277  849.0  224.0  159.0
0.277  849.0  224.0  159.0
0.294  712.0  1022.0  65.0
0.314  628.0  1023.0  270.0
0.332  545.0  1023.0  536.0
0.369  284.0  1023.0  969.0
0.369  284.0  1023.0  969.0
0.389  353.0  955.0  1023.0
0.407  415.0  485.0  1023.0
0.423  448.0  28.0  898.0
0.44  487.0  0.0  357.0
0.44  487.0  0.0  357.0
0.475  707.0  1023.0  61.0
0.493  627.0  1023.0  289.0
0.513  522.0  1023.0  556.0
0.513  522.0  1023.0  556.0
0.531  340.0  1023.0  829.0
0.549  288.0  1023.0  977.0
0.568  357.0  943.0  1023.0
0.604  448.0  13.0  869.0
0.604  448.0  13.0  869.0
0.619  508.0  0.0  345.0
0.637  830.0  303.0  145.0
0.655  703.0  1023.0  59.0
0.673  625.0  1023.0  306.0
0.673  625.0  1023.0  306.0
0.711  322.0  1023.0  842.0
0.73  291.0  1023.0  984.0
0.748  366.0  905.0  1023.0
0.766  419.0  402.0  1023.0
0.766  419.0  402.0  1023.0
0.798  703.0  0.0  273.0
0.816  786.0  717.0  118.0
0.889  266.0  1023.0  960.0
0.889  266.0  1023.0  960.0
0.909  345.0  944.0  1023.0
0.909  345.0  944.0  1023.0
0.944  443.0  14.0  878.0
0.959  502.0  0.0  352.0
0.959  502.0  0.0  352.0
0.977  834.0  291.0  150.0
0.995  706.0  1023.0  62.0
1.013  627.0  1023.0  301.0
1.033  663.0  1023.0  409.0
1.033  663.0  1023.0  409.0
1.073  713.0  1023.0  575.0
1.092  704.0  1023.0  644.0
1.113  672.0  1023.0  704.0
1.132  654.0  1023.0  763.0
1.132  654.0  1023.0  763.0
1.152  633.0  1023.0  824.0
1.172  620.0  1023.0  886.0
1.191  599.0  1023.0  945.0
1.191  599.0  1023.0  945.0
1.211  573.0  1023.0  994.0
1.231  540.0  1023.0  1023.0
1.231  540.0  1023.0  1023.0
1.252  734.0  1023.0  965.0
1.271  676.0  1023.0  978.0
1.312  791.0  1023.0  917.0
1.332  719.0  1023.0  915.0
1.332  719.0  1023.0  915.0
1.351  668.0  1023.0  950.0
1.372  622.0  1023.0  990.0
1.392  577.0  1023.0  1022.0
1.392  577.0  1023.0  1022.0
1.412  761.0  1023.0  945.0
1.431  696.0  1023.0  954.0
1.452  645.0  1023.0  988.0
1.472  601.0  1023.0  1023.0
1.472  601.0  1023.0  1023.0
1.491  769.0  1023.0  935.0
1.512  706.0  1023.0  941.0
1.531  653.0  1023.0  978.0
1.552  609.0  1023.0  1014.0
1.552  609.0  1023.0  1014.0
1.572  781.0  1023.0  925.0
1.611  663.0  1023.0  962.0
1.611  663.0  1023.0  962.0
1.632  619.0  1023.0  1001.0
1.652  789.0  1023.0  909.0
1.672  720.0  1023.0  913.0
1.691  669.0  1023.0  945.0
1.712  623.0  1023.0  986.0
1.712  623.0  1023.0  986.0
1.732  587.0  1023.0  1023.0
1.752  765.0  1023.0  940.0
1.772  702.0  1023.0  950.0
1.792  653.0  1023.0  983.0
1.792  653.0  1023.0  983.0
1.812  601.0  1023.0  1021.0
1.831  779.0  1023.0  934.0
1.852  713.0  1023.0  938.0
1.871  660.0  1023.0  971.0
1.871  660.0  1023.0  971.0
1.892  611.0  1023.0  1010.0
1.912  785.0  1023.0  919.0
