97.368  579.0  1023.0  158.0
97.368  579.0  1023.0  158.0
97.368  579.0  1023.0  158.0
97.368  579.0  1023.0  158.0
97.368  579.0  1023.0  158.0
97.368  579.0  1023.0  158.0
97.368  579.0  1023.0  158.0
97.368  579.0  1023.0  158.0
97.368  579.0  1023.0  158.0
97.368  579.0  1023.0  158.0
97.368  579.0  1023.0  158.0
97.368  579.0  1023.0  158.0
97.368  579.0  1023.0  158.0
97.368  579.0  1023.0  158.0
97.368  579.0  1023.0  158.0
97.368  579.0  1023.0  158.0
97.368  579.0  1023.0  158.0
97.368  579.0  1023.0  158.0
97.368  579.0  1023.0  158.0
97.368  579.0  1023.0  158.0
97.368  579.0  1023.0  158.0
97.368  579.0  1023.0  158.0
97.368  579.0  1023.0  158.0
97.368  579.0  1023.0  158.0
97.368  579.0  1023.0  158.0
97.368  579.0  1023.0  158.0
97.368  579.0  1023.0  158.0
97.368  579.0  1023.0  158.0
97.368  579.0  1023.0  158.0
97.368  579.0  1023.0  158.0
97.368  579.0  1023.0  158.0
97.368  579.0  1023.0  158.0
97.368  579.0  1023.0  158.0
97.368  579.0  1023.0  158.0
97.368  579.0  1023.0  158.0
97.368  579.0  1023.0  158.0
97.368  579.0  1023.0  158.0
97.368  579.0  1023.0  158.0
97.368  579.0  1023.0  158.0
97.368  579.0  1023.0  158.0
97.368  579.0  1023.0  158.0
97.368  579.0  1023.0  158.0
97.368  579.0  1023.0  158.0
97.368  579.0  1023.0  158.0
97.368  579.0  1023.0  158.0
97.368  579.0  1023.0  158.0
97.368  579.0  1023.0  158.0
97.368  579.0  1023.0  158.0
97.368  579.0  1023.0  158.0
97.368  579.0  1023.0  158.0
0.937  603.0  1023.0  3862.0
0.937  603.0  1023.0  3862.0
0.0020  599.0  604.0  563.0
0.0030  197.0  31.0  140.0
0.013  26.0  0.0  14.0
0.027  598.0  413.0  0.0
0.027  598.0  413.0  0.0
0.046  381.0  1023.0  479.0
0.079  258.0  461.0  949.0
0.094  363.0  0.0  386.0
0.094  363.0  0.0  386.0
0.111  814.0  143.0  152.0
0.111  814.0  143.0  152.0
0.203  309.0  1007.0  1006.0
0.222  372.0  982.0  1023.0
0.241  421.0  515.0  1023.0
0.241  421.0  515.0  1023.0
0.258  449.0  35.0  913.0
0.29  839.0  248.0  152.0
0.29  839.0  248.0  152.0
0.47  779.0  755.0  119.0
0.488  670.0  1023.0  106.0
0.507  623.0  1023.0  350.0
0.526  465.0  1023.0  625.0
0.526  465.0  1023.0  625.0
0.544  289.0  1023.0  873.0
0.582  371.0  774.0  1023.0
0.601  424.0  257.0  1023.0
0.616  451.0  0.0  630.0
0.631  766.0  0.0  258.0
0.631  766.0  0.0  258.0
0.668  665.0  1023.0  164.0
0.687  632.0  1023.0  427.0
0.706  428.0  1023.0  703.0
0.706  428.0  1023.0  703.0
0.724  271.0  1023.0  910.0
0.744  318.0  1023.0  1011.0
0.762  379.0  996.0  1023.0
0.782  423.0  555.0  1023.0
0.782  423.0  555.0  1023.0
0.814  476.0  0.0  376.0
0.831  846.0  206.0  159.0
0.849  713.0  1020.0  65.0
0.868  627.0  1023.0  278.0
0.868  627.0  1023.0  278.0
0.886  535.0  1023.0  546.0
0.906  347.0  1023.0  822.0
0.943  354.0  942.0  1023.0
0.943  354.0  942.0  1023.0
0.961  414.0  426.0  1023.0
0.978  444.0  15.0  858.0
0.994  519.0  0.0  341.0
1.011  829.0  335.0  144.0
1.011  829.0  335.0  144.0
1.049  628.0  1023.0  109.0
1.069  613.0  1023.0  168.0
1.088  616.0  1023.0  254.0
1.108  640.0  1023.0  344.0
1.266  593.0  1023.0  902.0
1.286  565.0  1023.0  963.0
1.307  537.0  1023.0  1012.0
1.307  537.0  1023.0  1012.0
1.327  720.0  1023.0  944.0
1.346  667.0  1023.0  961.0
1.366  609.0  1023.0  997.0
1.387  562.0  1023.0  1023.0
1.387  562.0  1023.0  1023.0
1.406  738.0  1023.0  957.0
1.426  672.0  1023.0  972.0
1.447  616.0  1023.0  1007.0
1.467  779.0  1023.0  917.0
1.467  779.0  1023.0  917.0
1.486  706.0  1023.0  921.0
1.507  650.0  1023.0  956.0
1.527  604.0  1023.0  1000.0
1.547  767.0  1023.0  915.0
1.547  767.0  1023.0  915.0
1.566  698.0  1023.0  922.0
1.587  648.0  1023.0  960.0
1.607  599.0  1023.0  1003.0
1.607  599.0  1023.0  1003.0
1.627  764.0  1023.0  920.0
1.647  700.0  1023.0  929.0
1.667  643.0  1023.0  964.0
1.708  764.0  1023.0  924.0
1.708  764.0  1023.0  924.0
1.727  698.0  1023.0  935.0
1.746  644.0  1023.0  971.0
1.767  596.0  1023.0  1012.0
1.787  765.0  1023.0  930.0
1.787  765.0  1023.0  930.0
1.807  696.0  1023.0  940.0
1.826  641.0  1023.0  975.0
1.848  597.0  1023.0  1018.0
1.848  597.0  1023.0  1018.0
1.867  763.0  1023.0  933.0
1.887  697.0  1023.0  944.0
1.907  644.0  1023.0  977.0
1.928  592.0  1023.0  1017.0
1.928  592.0  1023.0  1017.0
1.947  765.0  1023.0  935.0
1.967  693.0  1023.0  947.0
1.987  638.0  1023.0  982.0
2.008  590.0  1023.0  1022.0
2.008  590.0  1023.0  1022.0
2.048  692.0  1023.0  953.0
2.067  639.0  1023.0  985.0
2.087  586.0  1023.0  1023.0
2.108  756.0  1023.0  942.0
2.108  756.0  1023.0  942.0
2.127  695.0  1023.0  952.0
2.147  637.0  1023.0  987.0
2.167  588.0  1023.0  1023.0
2.167  588.0  1023.0  1023.0
2.188  753.0  1023.0  943.0
2.207  692.0  1023.0  956.0
2.227  634.0  1023.0  991.0
2.248  587.0  1023.0  1023.0
2.248  587.0  1023.0  1023.0
2.268  752.0  1023.0  946.0
2.287  688.0  1023.0  960.0
2.308  637.0  1023.0  994.0
2.328  586.0  1023.0  1023.0
2.328  586.0  1023.0  1023.0
2.348  754.0  1023.0  948.0
2.368  688.0  1023.0  961.0
2.387  633.0  1023.0  998.0
2.387  633.0  1023.0  998.0
2.408  584.0  1023.0  1023.0
2.427  756.0  1023.0  950.0
2.467  631.0  1023.0  998.0
2.488  580.0  1023.0  1023.0
2.488  580.0  1023.0  1023.0
2.508  754.0  1023.0  950.0
2.528  684.0  1023.0  964.0
2.548  630.0  1023.0  1000.0
2.569  790.0  1023.0  907.0
2.569  790.0  1023.0  907.0
2.588  717.0  1023.0  912.0
2.608  664.0  1023.0  946.0
2.627  612.0  1023.0  990.0
2.649  573.0  1023.0  1023.0
2.668  744.0  1023.0  952.0
2.668  744.0  1023.0  952.0
2.688  681.0  1023.0  968.0
2.709  629.0  1023.0  1003.0
2.728  789.0  1023.0  911.0
2.728  789.0  1023.0  911.0
2.748  716.0  1023.0  915.0
2.768  659.0  1023.0  950.0
2.788  616.0  1023.0  995.0
2.808  568.0  1023.0  1023.0
2.808  568.0  1023.0  1023.0
2.848  684.0  1023.0  973.0
2.869  626.0  1023.0  1007.0
2.888  792.0  1023.0  915.0
2.909  715.0  1023.0  919.0
2.909  715.0  1023.0  919.0
2.928  659.0  1023.0  953.0
2.948  614.0  1023.0  998.0
2.969  571.0  1023.0  1023.0
2.969  571.0  1023.0  1023.0
2.989  740.0  1023.0  958.0
3.008  683.0  1023.0  975.0
3.028  628.0  1023.0  1008.0
3.049  787.0  1023.0  917.0
3.049  787.0  1023.0  917.0
3.068  714.0  1023.0  922.0
3.088  661.0  1023.0  959.0
3.108  612.0  1023.0  999.0
3.129  567.0  1023.0  1023.0
3.129  567.0  1023.0  1023.0
3.148  745.0  1023.0  960.0
3.169  678.0  1023.0  977.0
3.189  625.0  1023.0  1012.0
3.209  786.0  1023.0  920.0
3.209  786.0  1023.0  920.0
3.228  717.0  1023.0  922.0
3.249  660.0  1023.0  960.0
3.269  613.0  1023.0  1002.0
3.309  710.0  1023.0  923.0
3.309  710.0  1023.0  923.0
3.329  657.0  1023.0  959.0
3.349  612.0  1023.0  1003.0
3.369  779.0  1023.0  914.0
3.369  779.0  1023.0  914.0
3.389  707.0  1023.0  925.0
3.408  660.0  1023.0  961.0
3.429  611.0  1023.0  1005.0
3.449  779.0  1023.0  918.0
3.449  779.0  1023.0  918.0
3.469  710.0  1023.0  926.0
3.488  655.0  1023.0  963.0
3.51  611.0  1023.0  1007.0
3.529  781.0  1023.0  919.0
3.529  781.0  1023.0  919.0
3.549  708.0  1023.0  929.0
3.569  657.0  1023.0  963.0
3.59  612.0  1023.0  1007.0
3.609  781.0  1023.0  919.0
3.609  781.0  1023.0  919.0
3.629  708.0  1023.0  927.0
3.649  658.0  1023.0  965.0
3.67  610.0  1023.0  1008.0
3.709  707.0  1023.0  928.0
3.709  707.0  1023.0  928.0
3.729  656.0  1023.0  966.0
3.749  606.0  1023.0  1008.0
3.77  781.0  1023.0  923.0
3.77  781.0  1023.0  923.0
3.789  712.0  1023.0  933.0
3.809  655.0  1023.0  968.0
3.829  613.0  1023.0  1009.0
3.85  776.0  1023.0  923.0
3.85  776.0  1023.0  923.0
3.869  707.0  1023.0  932.0
3.889  656.0  1023.0  971.0
3.91  610.0  1023.0  1011.0
3.93  773.0  1023.0  926.0
3.93  773.0  1023.0  926.0
3.949  711.0  1023.0  935.0
3.97  653.0  1023.0  969.0
3.99  608.0  1023.0  1011.0
4.009  777.0  1023.0  926.0
4.009  777.0  1023.0  926.0
4.029  707.0  1023.0  934.0
4.049  653.0  1023.0  971.0
4.089  776.0  1023.0  926.0
4.11  706.0  1023.0  936.0
4.11  706.0  1023.0  936.0
4.129  654.0  1023.0  972.0
4.15  605.0  1023.0  1016.0
4.17  777.0  1023.0  929.0
4.17  777.0  1023.0  929.0
4.19  707.0  1023.0  937.0
4.209  654.0  1023.0  974.0
4.23  607.0  1023.0  1015.0
4.25  773.0  1023.0  930.0
4.25  773.0  1023.0  930.0
4.27  711.0  1023.0  941.0
4.289  655.0  1023.0  974.0
4.311  606.0  1023.0  1014.0
4.33  773.0  1023.0  929.0
4.33  773.0  1023.0  929.0
4.349  705.0  1023.0  940.0
4.37  651.0  1023.0  975.0
4.39  605.0  1023.0  1015.0
4.41  773.0  1023.0  942.0
4.429  709.0  1023.0  942.0
4.45  651.0  1023.0  976.0
4.47  604.0  1023.0  1018.0
4.49  772.0  1023.0  932.0
4.49  772.0  1023.0  932.0
4.51  707.0  1023.0  942.0
4.53  655.0  1023.0  980.0
4.55  603.0  1023.0  1018.0
4.571  774.0  1023.0  933.0
4.571  774.0  1023.0  933.0
4.59  706.0  1023.0  943.0
4.61  651.0  1023.0  978.0
4.631  603.0  1023.0  1018.0
4.631  603.0  1023.0  1018.0
4.651  776.0  1023.0  934.0
4.67  706.0  1023.0  945.0
4.689  653.0  1023.0  980.0
4.711  603.0  1023.0  1019.0
4.711  603.0  1023.0  1019.0
4.73  774.0  1023.0  934.0
4.77  653.0  1023.0  981.0
4.791  604.0  1023.0  1020.0
4.791  604.0  1023.0  1020.0
4.81  776.0  1023.0  936.0
4.831  707.0  1023.0  946.0
4.85  650.0  1023.0  979.0
4.871  604.0  1023.0  1020.0
4.871  604.0  1023.0  1020.0
4.89  773.0  1023.0  936.0
4.911  709.0  1023.0  945.0
4.93  655.0  1023.0  983.0
4.951  607.0  1023.0  1020.0
4.951  607.0  1023.0  1020.0
4.971  771.0  1023.0  936.0
4.99  710.0  1023.0  947.0
5.01  655.0  1023.0  981.0
5.031  601.0  1023.0  1021.0
5.031  601.0  1023.0  1021.0
5.051  776.0  1023.0  938.0
5.07  709.0  1023.0  945.0
5.09  649.0  1023.0  980.0
5.09  649.0  1023.0  980.0
5.131  775.0  1023.0  936.0
5.15  705.0  1023.0  944.0
5.171  654.0  1023.0  981.0
5.191  604.0  1023.0  1022.0
5.191  604.0  1023.0  1022.0
5.211  774.0  1023.0  935.0
5.231  708.0  1023.0  946.0
5.251  653.0  1023.0  981.0
5.271  607.0  1023.0  1020.0
5.271  607.0  1023.0  1020.0
5.291  776.0  1023.0  935.0
5.311  711.0  1023.0  946.0
5.33  655.0  1023.0  978.0
5.33  655.0  1023.0  978.0
5.351  604.0  1023.0  1019.0
5.371  777.0  1023.0  934.0
5.391  709.0  1023.0  943.0
5.41  656.0  1023.0  975.0
5.41  656.0  1023.0  975.0
5.432  604.0  1023.0  1016.0
5.451  774.0  1023.0  936.0
5.49  655.0  1023.0  978.0
5.49  655.0  1023.0  978.0
5.49  655.0  1023.0  978.0
5.531  773.0  1023.0  931.0
5.551  706.0  1023.0  941.0
5.571  655.0  1023.0  977.0
5.592  604.0  1023.0  1017.0
5.592  604.0  1023.0  1017.0
5.611  778.0  1023.0  932.0
5.632  709.0  1023.0  942.0
5.651  654.0  1023.0  977.0
5.671  609.0  1023.0  1016.0
5.671  609.0  1023.0  1016.0
5.691  779.0  1023.0  932.0
5.711  709.0  1023.0  942.0
5.731  657.0  1023.0  976.0
5.731  657.0  1023.0  976.0
5.751  612.0  1023.0  1015.0
5.772  778.0  1023.0  929.0
5.791  708.0  1023.0  936.0
5.811  657.0  1023.0  972.0
5.811  657.0  1023.0  972.0
5.832  609.0  1023.0  1013.0
5.852  779.0  1023.0  927.0
5.871  711.0  1023.0  938.0
5.891  656.0  1023.0  971.0
5.891  656.0  1023.0  971.0
5.912  608.0  1023.0  1012.0
5.951  714.0  1023.0  937.0
5.971  656.0  1023.0  972.0
5.992  613.0  1023.0  1012.0
5.992  613.0  1023.0  1012.0
6.011  781.0  1023.0  926.0
6.032  712.0  1023.0  935.0
6.051  656.0  1023.0  971.0
6.051  656.0  1023.0  971.0
6.072  612.0  1023.0  1011.0
6.091  780.0  1023.0  927.0
6.112  713.0  1023.0  935.0
6.131  657.0  1023.0  968.0
6.131  657.0  1023.0  968.0
6.152  610.0  1023.0  1010.0
6.172  785.0  1023.0  924.0
6.192  711.0  1023.0  932.0
6.192  711.0  1023.0  932.0
6.211  660.0  1023.0  968.0
6.233  613.0  1023.0  1008.0
6.252  786.0  1023.0  924.0
6.291  665.0  1023.0  965.0
6.291  665.0  1023.0  965.0
6.312  614.0  1023.0  1007.0
6.332  786.0  1023.0  921.0
6.351  715.0  1023.0  927.0
6.372  663.0  1023.0  965.0
6.372  663.0  1023.0  965.0
6.392  615.0  1023.0  1008.0
6.412  786.0  1023.0  922.0
6.432  717.0  1023.0  926.0
6.432  717.0  1023.0  926.0
6.452  663.0  1023.0  964.0
6.472  615.0  1023.0  1004.0
6.492  784.0  1023.0  919.0
6.512  716.0  1023.0  927.0
6.512  716.0  1023.0  927.0
6.532  664.0  1023.0  963.0
6.552  617.0  1023.0  1004.0
6.573  789.0  1023.0  919.0
6.611  666.0  1023.0  962.0
6.611  666.0  1023.0  962.0
6.633  619.0  1023.0  1003.0
6.652  794.0  1023.0  917.0
6.672  717.0  1023.0  922.0
6.672  717.0  1023.0  922.0
6.691  665.0  1023.0  959.0
6.713  621.0  1023.0  1002.0
6.732  791.0  1023.0  916.0
6.752  722.0  1023.0  922.0
6.752  722.0  1023.0  922.0
6.772  667.0  1023.0  958.0
6.793  622.0  1023.0  1000.0
6.812  791.0  1023.0  911.0
6.833  719.0  1023.0  919.0
6.833  719.0  1023.0  919.0
6.852  667.0  1023.0  956.0
6.872  615.0  1023.0  997.0
6.892  573.0  1023.0  1023.0
6.913  755.0  1023.0  955.0
6.913  755.0  1023.0  955.0
6.932  685.0  1023.0  971.0
6.952  634.0  1023.0  1007.0
6.973  801.0  1023.0  914.0
6.973  801.0  1023.0  914.0
7.012  671.0  1023.0  955.0
7.032  622.0  1023.0  997.0
7.053  576.0  1023.0  1023.0
7.072  756.0  1023.0  957.0
7.092  694.0  1023.0  970.0
7.092  694.0  1023.0  970.0
7.113  636.0  1023.0  1002.0
7.133  799.0  1023.0  910.0
7.152  727.0  1023.0  914.0
7.152  727.0  1023.0  914.0
7.173  673.0  1023.0  950.0
7.192  623.0  1023.0  991.0
7.213  581.0  1023.0  1023.0
7.233  757.0  1023.0  950.0
7.233  757.0  1023.0  950.0
7.252  690.0  1023.0  967.0
7.273  640.0  1023.0  1001.0
7.292  802.0  1023.0  908.0
7.313  730.0  1023.0  911.0
7.313  730.0  1023.0  911.0
7.352  625.0  1023.0  990.0
7.373  580.0  1023.0  1023.0
7.393  763.0  1023.0  949.0
7.412  696.0  1023.0  964.0
7.412  696.0  1023.0  964.0
7.433  640.0  1023.0  999.0
7.453  594.0  1023.0  1023.0
7.473  767.0  1023.0  949.0
7.493  699.0  1023.0  962.0
7.493  699.0  1023.0  962.0
7.513  642.0  1023.0  995.0
7.533  596.0  1023.0  1023.0
7.553  764.0  1023.0  947.0
7.573  701.0  1023.0  958.0
7.573  701.0  1023.0  958.0
7.592  642.0  1023.0  995.0
7.613  594.0  1023.0  1023.0
7.633  765.0  1023.0  946.0
7.633  765.0  1023.0  946.0
7.653  703.0  1023.0  960.0
7.672  645.0  1023.0  994.0
7.694  592.0  1023.0  1023.0
7.713  770.0  1023.0  949.0
7.713  770.0  1023.0  949.0
7.733  703.0  1023.0  961.0
7.752  647.0  1023.0  991.0
7.774  596.0  1023.0  1023.0
7.793  768.0  1023.0  946.0
7.793  768.0  1023.0  946.0
7.813  705.0  1023.0  959.0
7.854  597.0  1023.0  1023.0
7.873  770.0  1023.0  943.0
7.894  703.0  1023.0  955.0
7.894  703.0  1023.0  955.0
7.913  649.0  1023.0  991.0
7.933  599.0  1023.0  1023.0
7.953  770.0  1023.0  942.0
7.973  710.0  1023.0  957.0
7.973  710.0  1023.0  957.0
7.993  650.0  1023.0  990.0
8.013  603.0  1023.0  1023.0
8.034  775.0  1023.0  943.0
8.034  775.0  1023.0  943.0
8.053  705.0  1023.0  955.0
8.073  652.0  1023.0  985.0
8.094  603.0  1023.0  1023.0
8.114  772.0  1023.0  940.0
8.114  772.0  1023.0  940.0
8.133  706.0  1023.0  952.0
8.153  653.0  1023.0  986.0
8.174  605.0  1023.0  1023.0
8.213  709.0  1023.0  949.0
8.213  709.0  1023.0  949.0
8.233  651.0  1023.0  986.0
8.254  603.0  1023.0  1023.0
8.273  777.0  1023.0  940.0
8.294  705.0  1023.0  951.0
8.294  705.0  1023.0  951.0
8.313  652.0  1023.0  986.0
8.334  603.0  1023.0  1023.0
8.353  779.0  1023.0  939.0
8.353  779.0  1023.0  939.0
8.374  712.0  1023.0  951.0
8.393  655.0  1023.0  982.0
8.414  606.0  1023.0  1022.0
8.434  782.0  1023.0  939.0
8.434  782.0  1023.0  939.0
8.454  711.0  1023.0  947.0
8.473  658.0  1023.0  981.0
8.495  606.0  1023.0  1021.0
8.514  775.0  1023.0  934.0
8.514  775.0  1023.0  934.0
8.553  658.0  1023.0  983.0
8.553  658.0  1023.0  983.0
8.594  777.0  1023.0  933.0
8.594  777.0  1023.0  933.0
8.613  713.0  1023.0  945.0
8.634  655.0  1023.0  977.0
8.654  606.0  1023.0  1018.0
8.674  782.0  1023.0  935.0
8.674  782.0  1023.0  935.0
8.694  712.0  1023.0  944.0
8.714  657.0  1023.0  977.0
8.734  608.0  1023.0  1016.0
8.754  782.0  1023.0  932.0
8.754  782.0  1023.0  932.0
8.774  713.0  1023.0  943.0
8.794  655.0  1023.0  978.0
8.814  611.0  1023.0  1018.0
8.814  611.0  1023.0  1018.0
8.835  782.0  1023.0  933.0
8.854  712.0  1023.0  940.0
8.873  661.0  1023.0  975.0
8.914  781.0  1023.0  930.0
8.914  781.0  1023.0  930.0
8.934  715.0  1023.0  940.0
8.953  660.0  1023.0  974.0
8.975  612.0  1023.0  1014.0
8.994  782.0  1023.0  929.0
8.994  782.0  1023.0  929.0
9.014  713.0  1023.0  940.0
9.034  659.0  1023.0  973.0
9.055  612.0  1023.0  1014.0
9.074  787.0  1023.0  928.0
9.074  787.0  1023.0  928.0
9.095  714.0  1023.0  934.0
9.114  658.0  1023.0  971.0
9.135  613.0  1023.0  1013.0
9.135  613.0  1023.0  1013.0
9.154  782.0  1023.0  927.0
9.175  717.0  1023.0  938.0
9.194  659.0  1023.0  971.0
9.214  614.0  1023.0  1012.0
9.214  614.0  1023.0  1012.0
9.254  715.0  1023.0  935.0
9.254  715.0  1023.0  935.0
9.295  611.0  1023.0  1010.0
9.315  781.0  1023.0  926.0
9.315  781.0  1023.0  926.0
9.334  718.0  1023.0  935.0
9.354  658.0  1023.0  969.0
9.375  615.0  1023.0  1009.0
9.395  787.0  1023.0  925.0
9.395  787.0  1023.0  925.0
9.414  715.0  1023.0  933.0
9.435  662.0  1023.0  970.0
9.455  612.0  1023.0  1009.0
9.455  612.0  1023.0  1009.0
9.475  784.0  1023.0  925.0
9.495  719.0  1023.0  933.0
9.515  661.0  1023.0  969.0
9.535  615.0  1023.0  1010.0
9.535  615.0  1023.0  1010.0
9.554  787.0  1023.0  922.0
9.575  719.0  1023.0  932.0
9.594  663.0  1023.0  966.0
9.615  613.0  1023.0  1009.0
9.615  613.0  1023.0  1009.0
9.635  789.0  1023.0  924.0
9.674  662.0  1023.0  965.0
9.696  612.0  1023.0  1006.0
9.696  612.0  1023.0  1006.0
9.715  791.0  1023.0  922.0
9.735  715.0  1023.0  930.0
9.754  664.0  1023.0  966.0
9.776  617.0  1023.0  1009.0
9.776  617.0  1023.0  1009.0
9.795  787.0  1023.0  922.0
9.815  720.0  1023.0  929.0
9.835  667.0  1023.0  964.0
9.856  616.0  1023.0  1006.0
9.856  616.0  1023.0  1006.0
9.875  790.0  1023.0  922.0
9.895  722.0  1023.0  928.0
9.915  667.0  1023.0  962.0
9.935  620.0  1023.0  1006.0
9.935  620.0  1023.0  1006.0
9.956  790.0  1023.0  918.0
9.975  721.0  1023.0  924.0
9.995  667.0  1023.0  960.0
9.995  667.0  1023.0  960.0
10.015  616.0  1023.0  1002.0
10.037  991.0  1023.0  766.0
10.057  935.0  1023.0  549.0
10.078  865.0  1023.0  289.0
10.078  865.0  1023.0  289.0
10.099  770.0  1023.0  124.0
10.137  637.0  1023.0  8.0
10.158  601.0  1023.0  53.0
10.178  598.0  1023.0  110.0
10.178  598.0  1023.0  110.0
10.198  615.0  1023.0  26.0
10.216  592.0  1023.0  4.0
10.237  574.0  1023.0  271.0
10.237  574.0  1023.0  271.0
10.258  641.0  1023.0  184.0
10.277  644.0  1023.0  60.0
10.298  613.0  1023.0  19.0
10.317  594.0  1023.0  50.0
10.317  594.0  1023.0  50.0
10.338  591.0  1023.0  105.0
10.358  606.0  1023.0  19.0
10.377  588.0  1023.0  0.0
10.397  570.0  1023.0  268.0
10.397  570.0  1023.0  268.0
10.438  638.0  1023.0  54.0
10.458  607.0  1023.0  13.0
10.477  589.0  1023.0  43.0
10.477  589.0  1023.0  43.0
10.498  586.0  1023.0  98.0
10.518  592.0  1023.0  176.0
10.537  622.0  1023.0  51.0
10.558  599.0  1023.0  57.0
10.558  599.0  1023.0  57.0
10.578  591.0  1023.0  106.0
10.598  605.0  1023.0  19.0
10.616  586.0  1023.0  0.0
10.638  570.0  1023.0  264.0
10.638  570.0  1023.0  264.0
10.658  633.0  1023.0  176.0
10.678  635.0  1023.0  51.0
10.698  603.0  1023.0  12.0
10.698  603.0  1023.0  12.0
10.718  585.0  1023.0  41.0
10.737  583.0  1023.0  96.0
10.759  592.0  1023.0  170.0
10.798  596.0  1023.0  51.0
10.798  596.0  1023.0  51.0
10.818  589.0  1023.0  101.0
10.839  604.0  1023.0  15.0
10.857  586.0  1023.0  0.0
10.877  569.0  1023.0  263.0
10.877  569.0  1023.0  263.0
10.899  632.0  1023.0  172.0
10.918  633.0  1023.0  48.0
10.937  602.0  1023.0  8.0
10.937  602.0  1023.0  8.0
10.958  575.0  1023.0  261.0
10.979  635.0  1023.0  173.0
10.998  635.0  1023.0  49.0
11.017  604.0  1023.0  9.0
11.017  604.0  1023.0  9.0
11.038  576.0  1023.0  264.0
11.059  637.0  1023.0  175.0
11.078  636.0  1023.0  50.0
11.118  585.0  1023.0  36.0
11.118  585.0  1023.0  36.0
11.138  581.0  1023.0  92.0
11.159  591.0  1023.0  167.0
11.179  614.0  1023.0  45.0
11.179  614.0  1023.0  45.0
11.198  595.0  1023.0  52.0
11.217  588.0  1023.0  99.0
11.239  591.0  1023.0  171.0
11.258  616.0  1023.0  47.0
11.258  616.0  1023.0  47.0
11.278  596.0  1023.0  53.0
11.299  589.0  1023.0  100.0
11.319  601.0  1023.0  14.0
11.337  583.0  1023.0  0.0
11.337  583.0  1023.0  0.0
11.359  567.0  1023.0  263.0
11.379  628.0  1023.0  171.0
11.399  634.0  1023.0  48.0
11.417  602.0  1023.0  7.0
11.417  602.0  1023.0  7.0
11.439  576.0  1023.0  265.0
11.459  634.0  1023.0  175.0
11.479  633.0  1023.0  49.0
11.498  602.0  1023.0  9.0
11.498  602.0  1023.0  9.0
11.539  636.0  1023.0  176.0
11.559  635.0  1023.0  51.0
11.578  602.0  1023.0  9.0
11.578  602.0  1023.0  9.0
11.598  575.0  1023.0  265.0
11.619  636.0  1023.0  174.0
11.639  633.0  1023.0  51.0
11.659  601.0  1023.0  10.0
11.659  601.0  1023.0  10.0
11.678  584.0  1023.0  38.0
11.699  584.0  1023.0  92.0
11.719  588.0  1023.0  171.0
11.719  588.0  1023.0  171.0
11.739  615.0  1023.0  47.0
11.759  593.0  1023.0  54.0
11.78  586.0  1023.0  101.0
11.799  598.0  1023.0  15.0
11.799  598.0  1023.0  15.0
11.817  582.0  1023.0  0.0
11.839  566.0  1023.0  264.0
11.879  632.0  1023.0  49.0
11.898  601.0  1023.0  8.0
11.898  601.0  1023.0  8.0
11.919  574.0  1023.0  267.0
11.939  633.0  1023.0  177.0
11.96  634.0  1023.0  50.0
11.978  602.0  1023.0  9.0
11.978  602.0  1023.0  9.0
11.999  574.0  1023.0  265.0
12.02  636.0  1023.0  179.0
12.04  635.0  1023.0  52.0
12.059  602.0  1023.0  10.0
12.059  602.0  1023.0  10.0
12.079  583.0  1023.0  41.0
12.099  583.0  1023.0  97.0
12.12  587.0  1023.0  178.0
12.139  619.0  1023.0  49.0
12.139  619.0  1023.0  49.0
12.16  596.0  1023.0  59.0
12.18  589.0  1023.0  107.0
12.199  600.0  1023.0  16.0
12.219  581.0  1023.0  0.0
12.219  581.0  1023.0  0.0
12.239  566.0  1023.0  264.0
12.26  630.0  1023.0  178.0
12.279  630.0  1023.0  50.0
12.279  630.0  1023.0  50.0
12.3  598.0  1023.0  11.0
12.319  583.0  1023.0  45.0
12.36  596.0  1023.0  13.0
12.379  582.0  1023.0  0.0
12.379  582.0  1023.0  0.0
12.399  565.0  1023.0  264.0
12.421  628.0  1023.0  180.0
12.44  633.0  1023.0  51.0
12.44  633.0  1023.0  51.0
12.46  602.0  1023.0  10.0
12.479  582.0  1023.0  45.0
12.5  581.0  1023.0  103.0
12.52  598.0  1023.0  13.0
12.538  580.0  1023.0  0.0
12.538  580.0  1023.0  0.0
12.56  566.0  1023.0  267.0
12.58  629.0  1023.0  182.0
12.6  634.0  1023.0  52.0
12.6  634.0  1023.0  52.0
12.62  602.0  1023.0  11.0
12.64  583.0  1023.0  47.0
12.66  580.0  1023.0  102.0
12.699  581.0  1023.0  0.0
12.699  581.0  1023.0  0.0
12.72  565.0  1023.0  266.0
12.74  630.0  1023.0  183.0
12.761  632.0  1023.0  53.0
12.78  600.0  1023.0  11.0
12.78  600.0  1023.0  11.0
12.8  583.0  1023.0  46.0
12.821  580.0  1023.0  107.0
12.84  598.0  1023.0  16.0
12.859  582.0  1023.0  0.0
12.859  582.0  1023.0  0.0
12.879  565.0  1023.0  269.0
12.901  631.0  1023.0  185.0
12.92  634.0  1023.0  53.0
12.92  634.0  1023.0  53.0
12.94  601.0  1023.0  12.0
12.96  583.0  1023.0  47.0
12.981  581.0  1023.0  108.0
13.0  597.0  1023.0  16.0
13.0  597.0  1023.0  16.0
13.04  565.0  1023.0  272.0
13.04  565.0  1023.0  272.0
13.08  632.0  1023.0  55.0
13.101  601.0  1023.0  15.0
13.101  601.0  1023.0  15.0
13.12  583.0  1023.0  52.0
13.14  581.0  1023.0  110.0
13.161  599.0  1023.0  17.0
13.161  599.0  1023.0  17.0
13.179  582.0  1023.0  0.0
13.2  565.0  1023.0  270.0
13.221  629.0  1023.0  187.0
13.241  633.0  1023.0  54.0
13.241  633.0  1023.0  54.0
13.26  602.0  1023.0  17.0
13.28  583.0  1023.0  54.0
13.301  580.0  1023.0  113.0
13.321  599.0  1023.0  19.0
13.321  599.0  1023.0  19.0
13.339  581.0  1023.0  0.0
13.361  564.0  1023.0  274.0
13.381  632.0  1023.0  194.0
13.401  634.0  1023.0  58.0
13.401  634.0  1023.0  58.0
13.421  602.0  1023.0  21.0
13.441  585.0  1023.0  61.0
13.48  602.0  1023.0  23.0
13.48  602.0  1023.0  23.0
13.5  582.0  1023.0  5.0
13.52  567.0  1023.0  275.0
13.541  631.0  1023.0  195.0
13.561  637.0  1023.0  59.0
13.561  637.0  1023.0  59.0
13.581  601.0  1023.0  25.0
13.6  585.0  1023.0  62.0
13.622  584.0  1023.0  123.0
13.641  600.0  1023.0  23.0
13.641  600.0  1023.0  23.0
13.66  583.0  1023.0  6.0
13.68  568.0  1023.0  277.0
13.702  629.0  1023.0  198.0
13.721  636.0  1023.0  59.0
13.721  636.0  1023.0  59.0
13.741  603.0  1023.0  27.0
13.761  583.0  1023.0  64.0
13.782  582.0  1023.0  126.0
13.782  582.0  1023.0  126.0
13.801  604.0  1023.0  25.0
13.841  574.0  1023.0  60.0
13.861  580.0  1023.0  127.0
13.881  601.0  1023.0  24.0
13.881  601.0  1023.0  24.0
13.901  582.0  1023.0  13.0
13.921  574.0  1023.0  60.0
13.941  579.0  1023.0  128.0
13.962  601.0  1023.0  26.0
13.962  601.0  1023.0  26.0
13.981  581.0  1023.0  14.0
14.001  574.0  1023.0  61.0
14.022  577.0  1023.0  130.0
14.022  577.0  1023.0  130.0
14.042  600.0  1023.0  27.0
14.061  586.0  1023.0  18.0
14.081  575.0  1023.0  65.0
14.102  581.0  1023.0  133.0
14.102  581.0  1023.0  133.0
14.121  603.0  1023.0  27.0
14.141  583.0  1023.0  20.0
14.161  578.0  1023.0  67.0
14.182  579.0  1023.0  136.0
14.182  579.0  1023.0  136.0
14.222  585.0  1023.0  25.0
14.241  577.0  1023.0  67.0
14.262  580.0  1023.0  136.0
14.262  580.0  1023.0  136.0
14.282  603.0  1023.0  28.0
14.302  583.0  1023.0  24.0
14.321  578.0  1023.0  73.0
14.342  579.0  1023.0  141.0
14.342  579.0  1023.0  141.0
14.362  606.0  1023.0  31.0
14.382  585.0  1023.0  28.0
14.401  577.0  1023.0  76.0
14.423  582.0  1023.0  145.0
14.423  582.0  1023.0  145.0
14.442  603.0  1023.0  33.0
14.461  586.0  1023.0  32.0
14.482  580.0  1023.0  81.0
14.482  580.0  1023.0  81.0
14.502  584.0  1023.0  148.0
14.522  606.0  1023.0  35.0
14.541  590.0  1023.0  36.0
14.562  580.0  1023.0  84.0
14.562  580.0  1023.0  84.0
14.602  610.0  1023.0  37.0
14.622  588.0  1023.0  39.0
14.642  581.0  1023.0  88.0
14.662  586.0  1023.0  159.0
14.662  586.0  1023.0  159.0
14.683  609.0  1023.0  39.0
14.702  588.0  1023.0  43.0
14.722  580.0  1023.0  91.0
14.722  580.0  1023.0  91.0
14.742  585.0  1023.0  164.0
14.763  611.0  1023.0  41.0
14.782  591.0  1023.0  47.0
14.801  581.0  1023.0  94.0
14.801  581.0  1023.0  94.0
14.823  588.0  1023.0  167.0
14.842  612.0  1023.0  44.0
14.862  589.0  1023.0  51.0
14.882  583.0  1023.0  98.0
14.882  583.0  1023.0  98.0
14.922  615.0  1023.0  46.0
14.942  593.0  1023.0  54.0
14.963  586.0  1023.0  104.0
14.963  586.0  1023.0  104.0
14.983  595.0  1023.0  15.0
15.001  580.0  1023.0  0.0
15.023  564.0  1023.0  267.0
15.043  628.0  1023.0  179.0
15.043  628.0  1023.0  179.0
15.063  630.0  1023.0  50.0
15.083  597.0  1023.0  10.0
15.102  583.0  1023.0  45.0
15.123  575.0  1023.0  103.0
15.123  575.0  1023.0  103.0
15.142  596.0  1023.0  14.0
15.162  582.0  1023.0  0.0
15.182  565.0  1023.0  272.0
15.182  565.0  1023.0  272.0
15.203  629.0  1023.0  188.0
15.223  634.0  1023.0  55.0
15.243  599.0  1023.0  17.0
15.284  580.0  1023.0  118.0
15.284  580.0  1023.0  118.0
15.303  600.0  1023.0  21.0
15.322  581.0  1023.0  5.0
15.342  567.0  1023.0  276.0
15.364  630.0  1023.0  194.0
15.364  630.0  1023.0  194.0
15.383  632.0  1023.0  58.0
15.403  601.0  1023.0  27.0
15.423  585.0  1023.0  66.0
15.423  585.0  1023.0  66.0
15.443  582.0  1023.0  125.0
15.463  599.0  1023.0  24.0
15.483  584.0  1023.0  16.0
15.503  573.0  1023.0  63.0
15.503  573.0  1023.0  63.0
15.523  578.0  1023.0  127.0
15.543  599.0  1023.0  26.0
15.563  581.0  1023.0  22.0
15.563  581.0  1023.0  22.0
15.603  580.0  1023.0  134.0
15.624  601.0  1023.0  26.0
15.643  584.0  1023.0  25.0
15.663  578.0  1023.0  74.0
15.663  578.0  1023.0  74.0
15.684  582.0  1023.0  141.0
15.704  604.0  1023.0  30.0
15.723  584.0  1023.0  27.0
15.742  577.0  1023.0  79.0
15.742  577.0  1023.0  79.0
15.764  581.0  1023.0  150.0
15.783  607.0  1023.0  35.0
15.803  584.0  1023.0  35.0
15.823  579.0  1023.0  85.0
15.823  579.0  1023.0  85.0
15.844  585.0  1023.0  154.0
15.863  606.0  1023.0  37.0
15.884  587.0  1023.0  40.0
15.884  587.0  1023.0  40.0
15.903  580.0  1023.0  89.0
15.924  585.0  1023.0  162.0
15.943  611.0  1023.0  41.0
15.983  582.0  1023.0  94.0
15.983  582.0  1023.0  94.0
16.004  587.0  1023.0  168.0
16.024  613.0  1023.0  44.0
16.044  591.0  1023.0  52.0
16.064  584.0  1023.0  102.0
16.064  584.0  1023.0  102.0
16.084  596.0  1023.0  13.0
16.103  579.0  1023.0  0.0
16.123  564.0  1023.0  265.0
16.123  564.0  1023.0  265.0
16.144  627.0  1023.0  178.0
16.164  630.0  1023.0  50.0
16.183  598.0  1023.0  9.0
16.203  571.0  1023.0  270.0
16.203  571.0  1023.0  270.0
16.225  630.0  1023.0  184.0
16.244  634.0  1023.0  53.0
16.264  602.0  1023.0  13.0
16.264  602.0  1023.0  13.0
16.284  581.0  1023.0  52.0
16.324  599.0  1023.0  17.0
16.343  581.0  1023.0  0.0
16.364  566.0  1023.0  273.0
16.485  599.0  1023.0  24.0
16.504  583.0  1023.0  12.0
16.524  575.0  1023.0  61.0
16.524  575.0  1023.0  61.0
16.545  577.0  1023.0  127.0
16.565  597.0  1023.0  25.0
16.584  582.0  1023.0  18.0
16.604  575.0  1023.0  64.0
16.604  575.0  1023.0  64.0
16.625  580.0  1023.0  134.0
16.664  582.0  1023.0  22.0
16.685  576.0  1023.0  71.0
16.705  580.0  1023.0  138.0
16.705  580.0  1023.0  138.0
16.724  602.0  1023.0  29.0
16.744  583.0  1023.0  29.0
16.764  576.0  1023.0  77.0
16.785  583.0  1023.0  151.0
16.785  583.0  1023.0  151.0
16.804  606.0  1023.0  35.0
16.825  586.0  1023.0  35.0
16.844  576.0  1023.0  85.0
16.844  576.0  1023.0  85.0
16.865  584.0  1023.0  156.0
16.885  608.0  1023.0  38.0
17.086  584.0  1023.0  103.0
17.105  597.0  1023.0  14.0
17.105  597.0  1023.0  14.0
17.124  582.0  1023.0  0.0
17.145  563.0  1023.0  268.0
17.166  628.0  1023.0  180.0
17.185  631.0  1023.0  50.0
17.185  631.0  1023.0  50.0
17.205  598.0  1023.0  11.0
17.225  581.0  1023.0  50.0
17.246  578.0  1023.0  109.0
17.265  598.0  1023.0  16.0
17.265  598.0  1023.0  16.0
17.285  580.0  1023.0  0.0
17.305  566.0  1023.0  269.0
17.326  630.0  1023.0  191.0
17.346  632.0  1023.0  55.0
17.346  632.0  1023.0  55.0
17.366  601.0  1023.0  20.0
17.385  583.0  1023.0  62.0
17.426  601.0  1023.0  23.0
17.445  582.0  1023.0  11.0
17.445  582.0  1023.0  11.0
17.465  575.0  1023.0  59.0
17.486  576.0  1023.0  123.0
17.506  596.0  1023.0  23.0
17.506  596.0  1023.0  23.0
17.525  580.0  1023.0  17.0
17.546  572.0  1023.0  63.0
17.566  578.0  1023.0  131.0
17.586  597.0  1023.0  26.0
17.586  597.0  1023.0  26.0
