89.0  25.0  24.0  1.0
89.015  0.0  26.0  0.0
89.015  0.0  26.0  0.0
89.031  13.0  28.0  0.0
89.062  37.0  23.0  0.0
89.076  3.0  24.0  0.0
89.107  43.0  19.0  1.0
89.107  43.0  19.0  1.0
89.122  38.0  18.0  0.0
89.151  3.0  18.0  0.0
89.167  39.0  20.0  0.0
89.167  39.0  20.0  0.0
89.183  40.0  20.0  0.0
89.211  0.0  31.0  0.0
89.227  38.0  32.0  0.0
89.243  42.0  31.0  0.0
89.243  42.0  31.0  0.0
89.272  0.0  35.0  0.0
89.287  35.0  35.0  0.0
89.318  9.0  38.0  0.0
89.332  0.0  40.0  0.0
89.332  0.0  40.0  0.0
89.364  44.0  39.0  0.0
89.379  12.0  40.0  0.0
89.394  0.0  46.0  0.0
89.394  0.0  46.0  0.0
89.424  48.0  47.0  0.0
89.441  24.0  49.0  0.0
89.469  9.0  49.0  0.0
89.485  48.0  45.0  0.0
89.485  48.0  45.0  0.0
89.501  29.0  47.0  1.0
89.53  5.0  58.0  0.0
89.545  47.0  56.0  0.0
89.562  33.0  54.0  1.0
89.562  33.0  54.0  1.0
89.59  7.0  56.0  0.0
89.606  47.0  48.0  1.0
89.636  4.0  44.0  1.0
89.651  6.0  41.0  1.0
89.651  6.0  41.0  1.0
89.681  39.0  39.0  1.0
89.697  5.0  43.0  1.0
89.711  7.0  44.0  1.0
89.711  7.0  44.0  1.0
89.742  44.0  45.0  2.0
89.756  8.0  46.0  1.0
89.772  5.0  46.0  1.0
89.802  46.0  45.0  2.0
89.802  46.0  45.0  2.0
89.817  9.0  46.0  1.0
89.847  40.0  34.0  1.0
89.863  48.0  29.0  1.0
89.878  12.0  28.0  1.0
89.878  12.0  28.0  1.0
89.909  29.0  29.0  2.0
89.924  51.0  26.0  2.0
89.939  22.0  26.0  1.0
89.97  15.0  25.0  2.0
89.97  15.0  25.0  2.0
89.986  50.0  26.0  1.0
90.001  35.0  28.0  1.0
90.031  6.0  28.0  1.0
90.046  45.0  37.0  1.0
90.046  45.0  37.0  1.0
90.076  4.0  40.0  1.0
90.09  4.0  42.0  1.0
90.106  42.0  40.0  1.0
90.106  42.0  40.0  1.0
90.136  4.0  43.0  1.0
90.167  40.0  45.0  1.0
90.182  41.0  46.0  1.0
90.196  5.0  45.0  1.0
90.196  5.0  45.0  1.0
90.227  39.0  48.0  1.0
90.243  45.0  50.0  1.0
90.257  8.0  48.0  1.0
90.287  35.0  53.0  1.0
90.287  35.0  53.0  1.0
90.303  46.0  56.0  1.0
90.318  10.0  56.0  0.0
90.348  25.0  55.0  1.0
90.364  50.0  45.0  1.0
90.364  50.0  45.0  1.0
90.394  0.0  46.0  1.0
90.409  13.0  47.0  1.0
90.425  47.0  46.0  1.0
90.456  3.0  43.0  1.0
90.456  3.0  43.0  1.0
90.47  5.0  45.0  1.0
90.502  39.0  47.0  2.0
90.516  5.0  47.0  1.0
90.516  5.0  47.0  1.0
90.53  4.0  43.0  1.0
90.562  42.0  44.0  1.0
90.576  7.0  43.0  1.0
90.606  40.0  43.0  1.0
90.606  40.0  43.0  1.0
90.621  45.0  39.0  1.0
90.638  10.0  43.0  1.0
90.668  30.0  44.0  1.0
90.683  50.0  40.0  1.0
90.683  50.0  40.0  1.0
90.699  19.0  38.0  2.0
90.729  18.0  32.0  1.0
90.744  50.0  30.0  2.0
90.775  2.0  25.0  2.0
90.775  2.0  25.0  2.0
90.789  9.0  24.0  2.0
90.805  48.0  26.0  2.0
90.835  3.0  31.0  1.0
90.85  5.0  33.0  1.0
90.85  5.0  33.0  1.0
90.865  45.0  32.0  2.0
90.896  3.0  38.0  1.0
90.91  4.0  40.0  1.0
90.941  39.0  44.0  1.0
90.941  39.0  44.0  1.0
90.955  4.0  45.0  1.0
90.971  2.0  44.0  1.0
91.001  43.0  47.0  1.0
91.016  6.0  46.0  1.0
91.016  6.0  46.0  1.0
91.046  38.0  50.0  2.0
91.062  44.0  48.0  1.0
91.076  8.0  47.0  1.0
91.107  35.0  49.0  1.0
91.107  35.0  49.0  1.0
91.122  46.0  48.0  1.0
91.138  10.0  46.0  1.0
91.168  25.0  50.0  1.0
91.168  25.0  50.0  1.0
91.184  50.0  45.0  1.0
91.213  0.0  49.0  1.0
91.23  12.0  55.0  1.0
91.245  47.0  49.0  1.0
91.245  47.0  49.0  1.0
91.275  3.0  50.0  1.0
91.289  5.0  45.0  1.0
91.321  39.0  42.0  1.0
91.335  5.0  41.0  1.0
91.335  5.0  41.0  1.0
91.35  5.0  44.0  1.0
91.381  41.0  44.0  1.0
91.396  8.0  43.0  1.0
91.41  3.0  43.0  1.0
91.41  3.0  43.0  1.0
91.442  45.0  43.0  1.0
91.456  9.0  45.0  1.0
91.486  37.0  45.0  1.0
91.502  46.0  42.0  1.0
91.502  46.0  42.0  1.0
91.517  11.0  42.0  0.0
91.547  29.0  33.0  1.0
91.564  52.0  31.0  1.0
91.579  25.0  29.0  1.0
91.579  25.0  29.0  1.0
91.609  15.0  32.0  1.0
91.625  49.0  31.0  1.0
91.64  36.0  31.0  1.0
91.669  6.0  28.0  1.0
91.669  6.0  28.0  1.0
91.684  48.0  31.0  1.0
91.715  3.0  32.0  0.0
91.729  6.0  32.0  1.0
91.729  6.0  32.0  1.0
91.745  47.0  41.0  1.0
91.776  5.0  42.0  0.0
91.79  3.0  47.0  1.0
91.821  44.0  48.0  1.0
91.821  44.0  48.0  1.0
91.836  5.0  49.0  0.0
91.866  39.0  50.0  1.0
91.881  45.0  49.0  1.0
91.896  7.0  48.0  0.0
91.896  7.0  48.0  0.0
91.926  38.0  48.0  1.0
91.941  47.0  49.0  1.0
91.957  10.0  49.0  1.0
91.987  27.0  54.0  1.0
91.987  27.0  54.0  1.0
92.003  51.0  56.0  1.0
92.018  22.0  50.0  1.0
92.049  13.0  52.0  0.0
92.064  50.0  49.0  0.0
92.064  50.0  49.0  0.0
92.095  1.0  52.0  0.0
92.109  5.0  48.0  0.0
92.125  47.0  46.0  0.0
92.154  3.0  45.0  0.0
92.154  3.0  45.0  0.0
92.17  4.0  47.0  0.0
92.2  43.0  47.0  0.0
92.215  4.0  48.0  0.0
92.23  3.0  47.0  0.0
92.23  3.0  47.0  0.0
92.261  45.0  47.0  0.0
92.275  7.0  46.0  0.0
92.29  1.0  50.0  1.0
92.29  1.0  50.0  1.0
92.321  54.0  51.0  1.0
92.337  10.0  47.0  0.0
92.367  34.0  47.0  0.0
92.383  60.0  45.0  0.0
92.383  60.0  45.0  0.0
92.398  24.0  42.0  0.0
92.429  19.0  36.0  0.0
92.444  58.0  32.0  0.0
92.474  0.0  27.0  0.0
92.474  0.0  27.0  0.0
92.488  8.0  27.0  0.0
92.505  56.0  28.0  1.0
92.534  1.0  30.0  0.0
92.549  4.0  31.0  0.0
92.549  4.0  31.0  0.0
92.565  51.0  32.0  0.0
92.595  2.0  36.0  0.0
92.609  2.0  44.0  0.0
92.641  48.0  48.0  0.0
92.641  48.0  48.0  0.0
92.655  4.0  41.0  0.0
92.685  45.0  52.0  0.0
92.701  51.0  50.0  0.0
92.716  6.0  52.0  0.0
92.716  6.0  52.0  0.0
92.745  42.0  53.0  0.0
92.762  52.0  51.0  0.0
92.79  0.0  54.0  0.0
92.79  0.0  54.0  0.0
92.806  41.0  50.0  0.0
92.821  56.0  49.0  0.0
92.852  0.0  51.0  0.0
92.867  26.0  50.0  0.0
92.867  26.0  50.0  0.0
92.899  28.0  52.0  0.0
92.913  0.0  56.0  0.0
92.929  11.0  56.0  0.0
92.96  44.0  58.0  0.0
92.96  44.0  58.0  0.0
92.975  2.0  54.0  0.0
92.989  4.0  49.0  0.0
93.02  48.0  50.0  0.0
93.02  48.0  50.0  0.0
93.035  4.0  48.0  0.0
93.065  49.0  53.0  0.0
93.08  52.0  50.0  0.0
93.095  7.0  50.0  0.0
93.095  7.0  50.0  0.0
93.125  48.0  52.0  0.0
93.14  56.0  51.0  1.0
93.17  0.0  43.0  1.0
93.186  45.0  43.0  0.0
93.186  45.0  43.0  0.0
93.201  59.0  45.0  1.0
93.232  0.0  40.0  0.0
93.247  31.0  36.0  0.0
93.262  62.0  37.0  0.0
93.262  62.0  37.0  0.0
93.293  0.0  33.0  0.0
93.308  14.0  30.0  0.0
93.339  45.0  29.0  0.0
93.353  2.0  28.0  0.0
93.353  2.0  28.0  0.0
93.384  54.0  29.0  0.0
93.4  47.0  29.0  0.0
93.414  3.0  26.0  0.0
93.414  3.0  26.0  0.0
93.445  51.0  39.0  0.0
93.46  50.0  34.0  0.0
93.474  4.0  38.0  0.0
93.505  48.0  38.0  1.0
93.505  48.0  38.0  1.0
93.52  53.0  45.0  0.0
93.549  0.0  51.0  0.0
93.565  45.0  52.0  0.0
93.581  56.0  47.0  0.0
93.581  56.0  47.0  0.0
93.609  0.0  49.0  0.0
93.626  42.0  49.0  0.0
93.657  14.0  50.0  0.0
93.657  14.0  50.0  0.0
93.671  0.0  49.0  0.0
93.686  27.0  53.0  0.0
93.718  28.0  53.0  0.0
93.732  0.0  53.0  0.0
93.732  0.0  53.0  0.0
93.748  12.0  52.0  0.0
93.779  46.0  50.0  0.0
93.794  1.0  51.0  0.0
93.825  54.0  49.0  0.0
93.825  54.0  49.0  0.0
93.84  50.0  42.0  0.0
93.854  3.0  50.0  0.0
93.884  52.0  46.0  0.0
93.9  53.0  46.0  0.0
93.9  53.0  46.0  0.0
93.929  0.0  45.0  0.0
93.944  50.0  44.0  0.0
93.961  57.0  46.0  0.0
93.989  0.0  48.0  0.0
93.989  0.0  48.0  0.0
94.005  47.0  50.0  0.0
94.036  13.0  49.0  0.0
94.051  0.0  49.0  0.0
94.066  33.0  47.0  0.0
94.066  33.0  47.0  0.0
94.098  29.0  34.0  0.0
94.112  0.0  35.0  0.0
94.128  16.0  33.0  0.0
94.128  16.0  33.0  0.0
94.159  46.0  29.0  0.0
94.174  1.0  27.0  0.0
94.188  6.0  25.0  0.0
94.219  48.0  25.0  0.0
94.219  48.0  25.0  0.0
94.234  2.0  25.0  0.0
94.264  54.0  27.0  0.0
94.279  52.0  26.0  0.0
94.295  4.0  36.0  0.0
94.295  4.0  36.0  0.0
94.324  50.0  41.0  0.0
94.34  54.0  45.0  0.0
94.369  0.0  48.0  0.0
94.385  47.0  49.0  0.0
94.385  47.0  49.0  0.0
94.4  57.0  45.0  0.0
94.43  0.0  48.0  0.0
94.445  43.0  48.0  0.0
94.46  57.0  49.0  0.0
94.46  57.0  49.0  0.0
94.491  0.0  49.0  0.0
94.507  28.0  55.0  0.0
94.537  27.0  53.0  0.0
94.552  0.0  48.0  0.0
94.552  0.0  48.0  0.0
94.568  13.0  47.0  0.0
94.599  46.0  60.0  0.0
94.613  1.0  60.0  0.0
94.613  1.0  60.0  0.0
94.644  54.0  61.0  0.0
94.659  48.0  59.0  0.0
94.689  2.0  52.0  0.0
94.704  51.0  50.0  0.0
94.704  51.0  50.0  0.0
94.72  52.0  48.0  0.0
94.748  0.0  54.0  1.0
94.765  48.0  53.0  0.0
94.794  7.0  56.0  0.0
94.794  7.0  56.0  0.0
94.809  0.0  58.0  0.0
94.825  47.0  58.0  1.0
94.856  11.0  55.0  0.0
94.856  11.0  55.0  0.0
94.87  0.0  39.0  0.0
94.885  34.0  36.0  0.0
94.917  29.0  40.0  0.0
94.931  0.0  35.0  0.0
94.931  0.0  35.0  0.0
94.963  62.0  26.0  0.0
94.979  46.0  27.0  1.0
94.993  1.0  21.0  0.0
95.024  57.0  22.0  0.0
95.024  57.0  22.0  0.0
95.039  46.0  22.0  1.0
95.053  2.0  29.0  0.0
95.083  53.0  24.0  1.0
95.099  49.0  20.0  0.0
95.099  49.0  20.0  0.0
95.128  0.0  26.0  0.0
95.143  51.0  27.0  0.0
95.16  54.0  33.0  0.0
95.188  0.0  49.0  0.0
95.188  0.0  49.0  0.0
95.204  47.0  42.0  0.0
95.22  56.0  43.0  0.0
95.249  0.0  43.0  0.0
95.264  44.0  43.0  0.0
95.264  44.0  43.0  0.0
95.295  9.0  42.0  0.0
95.309  0.0  46.0  0.0
95.325  39.0  42.0  0.0
95.325  39.0  42.0  0.0
95.356  15.0  43.0  0.0
95.371  0.0  47.0  0.0
95.401  64.0  42.0  0.0
95.417  32.0  42.0  0.0
95.417  32.0  42.0  0.0
95.448  10.0  55.0  1.0
95.463  55.0  49.0  0.0
95.478  48.0  48.0  0.0
95.478  48.0  48.0  0.0
95.508  2.0  45.0  0.0
95.523  54.0  45.0  0.0
95.554  4.0  38.0  0.0
95.568  0.0  40.0  0.0
95.568  0.0  40.0  0.0
95.584  51.0  39.0  0.0
95.613  5.0  38.0  0.0
95.629  0.0  31.0  0.0
95.66  61.0  45.0  0.0
95.66  61.0  45.0  0.0
95.675  11.0  37.0  0.0
95.69  0.0  27.0  0.0
95.721  65.0  29.0  0.0
95.736  27.0  22.0  0.0
95.736  27.0  22.0  0.0
95.752  0.0  25.0  0.0
95.782  64.0  24.0  1.0
95.798  45.0  21.0  1.0
95.827  8.0  29.0  1.0
95.827  8.0  29.0  1.0
95.843  58.0  25.0  0.0
95.858  48.0  31.0  1.0
95.888  4.0  26.0  0.0
95.903  57.0  24.0  1.0
95.903  57.0  24.0  1.0
95.933  5.0  14.0  1.0
95.947  1.0  16.0  1.0
95.964  53.0  13.0  1.0
95.964  53.0  13.0  1.0
95.993  5.0  27.0  0.0
96.008  0.0  28.0  0.0
96.024  49.0  32.0  1.0
96.054  7.0  42.0  0.0
96.054  7.0  42.0  0.0
96.068  0.0  50.0  0.0
96.1  59.0  48.0  0.0
96.115  10.0  46.0  0.0
96.13  0.0  46.0  0.0
96.13  0.0  46.0  0.0
96.161  63.0  42.0  0.0
96.177  27.0  40.0  0.0
96.206  15.0  34.0  0.0
96.206  15.0  34.0  0.0
96.223  59.0  33.0  0.0
96.238  43.0  41.0  0.0
96.267  4.0  54.0  0.0
96.282  57.0  51.0  0.0
96.282  57.0  51.0  0.0
96.313  2.0  45.0  0.0
96.327  3.0  49.0  0.0
96.343  53.0  50.0  0.0
96.373  4.0  57.0  0.0
96.373  4.0  57.0  0.0
96.388  0.0  54.0  0.0
96.403  51.0  61.0  0.0
96.434  6.0  53.0  0.0
96.448  0.0  57.0  0.0
96.448  0.0  57.0  0.0
96.463  48.0  44.0  0.0
96.495  10.0  36.0  0.0
96.509  0.0  31.0  0.0
96.54  64.0  35.0  1.0
96.54  64.0  35.0  1.0
96.557  27.0  36.0  1.0
96.571  0.0  22.0  0.0
96.602  63.0  36.0  0.0
96.618  44.0  40.0  0.0
96.618  44.0  40.0  0.0
96.647  7.0  29.0  0.0
96.662  57.0  23.0  0.0
96.677  47.0  20.0  1.0
96.707  5.0  20.0  0.0
96.707  5.0  20.0  0.0
96.722  55.0  22.0  1.0
96.753  5.0  18.0  1.0
96.768  1.0  15.0  0.0
96.783  51.0  18.0  1.0
96.783  51.0  18.0  1.0
96.813  5.0  13.0  0.0
96.828  0.0  17.0  0.0
96.843  39.0  28.0  0.0
96.873  6.0  35.0  1.0
96.873  6.0  35.0  1.0
96.888  0.0  35.0  0.0
96.919  56.0  34.0  0.0
96.934  10.0  31.0  1.0
96.949  0.0  31.0  0.0
96.949  0.0  31.0  0.0
96.98  58.0  43.0  0.0
96.996  27.0  49.0  0.0
97.027  10.0  44.0  0.0
97.027  10.0  44.0  0.0
97.042  52.0  41.0  0.0
97.057  43.0  47.0  0.0
97.087  3.0  45.0  0.0
97.102  49.0  45.0  0.0
97.102  49.0  45.0  0.0
97.132  5.0  48.0  2.0
97.146  1.0  54.0  1.0
97.163  44.0  56.0  0.0
97.192  7.0  60.0  2.0
97.192  7.0  60.0  2.0
97.207  0.0  61.0  1.0
97.223  43.0  59.0  1.0
97.254  10.0  56.0  2.0
97.254  10.0  56.0  2.0
97.268  0.0  57.0  1.0
97.3  57.0  52.0  0.0
97.315  24.0  42.0  1.0
97.33  0.0  39.0  2.0
97.33  0.0  39.0  2.0
97.361  56.0  42.0  1.0
97.377  39.0  40.0  2.0
97.405  7.0  39.0  2.0
97.422  53.0  40.0  2.0
97.422  53.0  40.0  2.0
97.437  43.0  39.0  2.0
97.466  8.0  40.0  1.0
97.481  61.0  40.0  2.0
97.481  61.0  40.0  2.0
97.498  50.0  34.0  2.0
97.527  10.0  28.0  2.0
97.543  51.0  25.0  2.0
97.574  14.0  25.0  2.0
97.574  14.0  25.0  2.0
97.589  0.0  26.0  2.0
97.604  33.0  25.0  2.0
97.636  29.0  25.0  2.0
97.65  0.0  26.0  1.0
97.65  0.0  26.0  1.0
97.681  59.0  27.0  2.0
97.697  44.0  31.0  1.0
97.712  0.0  33.0  1.0
97.741  54.0  39.0  1.0
97.741  54.0  39.0  1.0
97.758  45.0  38.0  1.0
97.786  2.0  38.0  2.0
97.802  51.0  37.0  1.0
97.802  51.0  37.0  1.0
97.818  49.0  38.0  1.0
97.847  0.0  38.0  1.0
97.862  47.0  40.0  1.0
97.878  52.0  43.0  1.0
97.907  0.0  44.0  1.0
97.907  0.0  44.0  1.0
97.923  46.0  47.0  1.0
97.938  56.0  45.0  1.0
97.969  0.0  54.0  1.0
97.969  0.0  54.0  1.0
97.984  33.0  51.0  2.0
98.016  24.0  56.0  1.0
98.03  0.0  57.0  1.0
98.045  17.0  58.0  1.0
98.076  42.0  54.0  1.0
98.076  42.0  54.0  1.0
98.092  0.0  52.0  0.0
98.121  56.0  51.0  1.0
98.137  45.0  47.0  1.0
98.137  45.0  47.0  1.0
98.152  2.0  43.0  1.0
98.182  53.0  44.0  1.0
98.197  49.0  45.0  1.0
98.211  5.0  44.0  1.0
98.211  5.0  44.0  1.0
98.242  53.0  43.0  1.0
98.257  54.0  41.0  2.0
98.287  0.0  43.0  1.0
98.302  50.0  44.0  1.0
98.302  50.0  44.0  1.0
98.333  10.0  34.0  1.0
98.349  0.0  34.0  1.0
98.364  37.0  33.0  1.0
98.364  37.0  33.0  1.0
98.395  26.0  24.0  2.0
98.409  0.0  27.0  1.0
98.441  61.0  23.0  2.0
98.441  61.0  23.0  2.0
98.456  39.0  23.0  1.0
98.486  8.0  28.0  3.0
98.501  57.0  28.0  1.0
98.516  43.0  28.0  2.0
98.516  43.0  28.0  2.0
98.545  5.0  39.0  1.0
98.562  53.0  43.0  1.0
98.591  2.0  42.0  1.0
98.591  2.0  42.0  1.0
98.606  3.0  42.0  1.0
98.622  50.0  44.0  1.0
98.652  3.0  45.0  1.0
98.666  0.0  43.0  1.0
98.666  0.0  43.0  1.0
98.682  47.0  48.0  1.0
98.712  6.0  47.0  1.0
98.726  0.0  47.0  1.0
98.758  54.0  48.0  1.0
98.758  54.0  48.0  1.0
98.772  9.0  48.0  1.0
98.787  0.0  46.0  1.0
98.819  54.0  52.0  1.0
98.834  11.0  52.0  1.0
98.834  11.0  52.0  1.0
98.848  0.0  53.0  1.0
98.88  59.0  52.0  1.0
98.895  28.0  51.0  1.0
98.925  13.0  51.0  1.0
98.925  13.0  51.0  1.0
98.94  55.0  49.0  1.0
98.971  2.0  50.0  1.0
98.985  5.0  41.0  1.0
98.985  5.0  41.0  1.0
99.001  52.0  44.0  1.0
99.032  4.0  43.0  1.0
99.046  3.0  45.0  1.0
99.061  49.0  45.0  2.0
99.092  7.0  41.0  1.0
99.092  7.0  41.0  1.0
99.106  2.0  36.0  1.0
99.137  53.0  41.0  1.0
99.153  10.0  41.0  1.0
99.153  10.0  41.0  1.0
99.168  0.0  41.0  1.0
99.198  59.0  35.0  2.0
99.215  22.0  32.0  2.0
99.229  0.0  27.0  1.0
99.229  0.0  27.0  1.0
99.26  59.0  28.0  1.0
99.275  38.0  31.0  1.0
99.305  8.0  30.0  1.0
99.32  56.0  32.0  2.0
99.32  56.0  32.0  2.0
99.336  42.0  31.0  2.0
99.365  5.0  35.0  2.0
99.381  53.0  34.0  2.0
99.41  1.0  45.0  0.0
99.41  1.0  45.0  0.0
99.426  4.0  44.0  1.0
99.441  50.0  45.0  1.0
99.471  3.0  46.0  0.0
99.486  0.0  46.0  1.0
99.486  0.0  46.0  1.0
99.517  50.0  48.0  1.0
99.531  6.0  49.0  1.0
99.547  0.0  50.0  1.0
99.547  0.0  50.0  1.0
99.577  53.0  54.0  1.0
99.592  7.0  52.0  1.0
99.606  0.0  51.0  1.0
99.638  50.0  53.0  1.0
99.638  50.0  53.0  1.0
99.653  11.0  54.0  1.0
99.684  27.0  49.0  1.0
99.699  55.0  49.0  1.0
99.715  25.0  44.0  2.0
99.715  25.0  44.0  2.0
99.745  13.0  53.0  1.0
99.761  50.0  52.0  1.0
99.776  39.0  49.0  2.0
99.805  4.0  43.0  1.0
99.805  4.0  43.0  1.0
99.821  45.0  42.0  1.0
99.836  41.0  38.0  1.0
99.865  3.0  41.0  1.0
99.881  43.0  41.0  1.0
99.881  43.0  41.0  1.0
99.911  7.0  39.0  1.0
99.926  2.0  40.0  1.0
99.941  43.0  38.0  2.0
99.973  10.0  39.0  1.0
99.987  0.0  39.0  1.0
99.987  0.0  39.0  1.0
100.002  31.0  39.0  1.0
100.036  42.0  40.0  1.0
100.051  8.0  32.0  1.0
100.051  8.0  32.0  1.0
100.067  0.0  31.0  1.0
100.084  22.0  31.0  1.0
100.117  50.0  29.0  2.0
100.133  19.0  29.0  1.0
100.133  19.0  29.0  1.0
100.15  0.0  28.0  1.0
100.182  41.0  27.0  1.0
100.198  55.0  27.0  2.0
100.215  32.0  31.0  1.0
100.215  32.0  31.0  1.0
100.246  0.0  39.0  1.0
100.262  31.0  43.0  1.0
100.28  54.0  43.0  1.0
100.296  41.0  41.0  1.0
100.296  41.0  41.0  1.0
100.327  0.0  41.0  1.0
100.344  19.0  43.0  1.0
100.361  47.0  42.0  1.0
100.393  19.0  48.0  1.0
100.393  19.0  48.0  1.0
100.409  0.0  48.0  1.0
100.425  4.0  48.0  1.0
100.458  53.0  48.0  1.0
100.474  31.0  51.0  1.0
100.474  31.0  51.0  1.0
100.491  2.0  48.0  0.0
100.506  0.0  51.0  1.0
100.539  54.0  50.0  1.0
100.539  54.0  50.0  1.0
100.556  43.0  50.0  1.0
100.573  10.0  54.0  0.0
100.604  10.0  50.0  1.0
100.622  41.0  49.0  1.0
100.638  56.0  51.0  1.0
100.638  56.0  51.0  1.0
100.655  33.0  46.0  1.0
100.686  0.0  46.0  1.0
100.703  30.0  45.0  1.0
100.703  30.0  45.0  1.0
100.719  55.0  42.0  1.0
100.736  44.0  44.0  1.0
100.768  0.0  43.0  0.0
100.785  11.0  42.0  1.0
100.785  11.0  42.0  1.0
100.801  41.0  36.0  1.0
100.835  34.0  41.0  1.0
100.85  5.0  39.0  1.0
100.866  1.0  41.0  1.0
100.866  1.0  41.0  1.0
100.883  32.0  35.0  1.0
100.916  44.0  32.0  1.0
100.932  10.0  31.0  2.0
100.932  10.0  31.0  2.0
100.948  0.0  27.0  1.0
100.981  42.0  26.0  2.0
100.998  57.0  24.0  1.0
101.015  35.0  27.0  2.0
101.015  35.0  27.0  2.0
101.03  4.0  25.0  1.0
101.062  30.0  30.0  1.0
101.08  54.0  39.0  2.0
101.08  54.0  39.0  2.0
101.111  9.0  40.0  1.0
101.127  0.0  41.0  0.0
101.144  17.0  41.0  1.0
101.177  51.0  39.0  1.0
101.177  51.0  39.0  1.0
101.193  22.0  40.0  1.0
101.209  0.0  41.0  0.0
101.241  37.0  46.0  1.0
101.241  37.0  46.0  1.0
101.258  54.0  45.0  1.0
101.274  34.0  45.0  1.0
101.306  0.0  48.0  1.0
101.322  26.0  48.0  1.0
101.322  26.0  48.0  1.0
101.339  53.0  49.0  1.0
101.356  44.0  51.0  1.0
101.388  0.0  51.0  0.0
101.403  7.0  52.0  1.0
101.403  7.0  52.0  1.0
101.421  44.0  53.0  1.0
101.437  50.0  52.0  1.0
101.469  0.0  50.0  0.0
101.485  3.0  53.0  1.0
101.485  3.0  53.0  1.0
101.501  37.0  50.0  1.0
101.534  36.0  49.0  1.0
101.551  6.0  47.0  1.0
101.566  0.0  46.0  1.0
101.566  0.0  46.0  1.0
101.582  27.0  46.0  1.0
101.616  47.0  44.0  1.0
101.633  14.0  43.0  1.0
101.663  9.0  42.0  1.0
101.663  9.0  42.0  1.0
101.681  45.0  43.0  2.0
101.697  54.0  43.0  1.0
101.713  26.0  43.0  2.0
101.713  26.0  43.0  2.0
101.745  3.0  36.0  1.0
101.762  36.0  31.0  1.0
101.778  56.0  32.0  2.0
101.811  7.0  27.0  1.0
101.811  7.0  27.0  1.0
101.826  0.0  27.0  1.0
101.842  26.0  27.0  1.0
101.876  48.0  26.0  2.0
101.893  15.0  27.0  1.0
101.893  15.0  27.0  1.0
101.908  0.0  27.0  1.0
101.923  8.0  31.0  1.0
101.957  52.0  39.0  1.0
101.957  52.0  39.0  1.0
101.974  26.0  41.0  1.0
101.989  0.0  38.0  1.0
102.004  1.0  41.0  1.0
102.038  54.0  39.0  1.0
102.054  36.0  39.0  1.0
102.054  36.0  39.0  1.0
102.086  0.0  45.0  1.0
102.103  21.0  46.0  1.0
102.119  49.0  46.0  1.0
102.119  49.0  46.0  1.0
102.135  46.0  50.0  1.0
102.153  14.0  46.0  0.0
102.183  6.0  46.0  1.0
102.2  42.0  49.0  1.0
102.2  42.0  49.0  1.0
102.217  53.0  48.0  1.0
102.249  1.0  51.0  0.0
102.264  2.0  55.0  0.0
102.282  34.0  52.0  1.0
102.282  34.0  52.0  1.0
102.315  40.0  53.0  1.0
102.33  7.0  49.0  0.0
102.346  0.0  47.0  1.0
102.363  22.0  51.0  0.0
102.363  22.0  51.0  0.0
102.395  50.0  43.0  1.0
102.413  18.0  42.0  1.0
102.428  0.0  42.0  0.0
102.444  7.0  42.0  1.0
102.444  7.0  42.0  1.0
102.477  55.0  42.0  1.0
102.494  30.0  42.0  1.0
102.509  3.0  41.0  0.0
102.542  34.0  40.0  1.0
102.542  34.0  40.0  1.0
102.558  56.0  34.0  1.0
102.575  43.0  34.0  1.0
102.591  10.0  34.0  1.0
102.624  14.0  31.0  1.0
102.624  14.0  31.0  1.0
102.64  44.0  23.0  1.0
102.657  56.0  26.0  2.0
102.689  4.0  27.0  1.0
102.705  2.0  25.0  1.0
102.705  2.0  25.0  1.0
102.721  32.0  28.0  1.0
102.737  55.0  30.0  1.0
102.77  8.0  32.0  1.0
102.786  0.0  36.0  1.0
102.786  0.0  36.0  1.0
102.802  20.0  41.0  1.0
102.836  49.0  41.0  1.0
102.852  19.0  40.0  1.0
102.867  0.0  41.0  0.0
102.867  0.0  41.0  0.0
102.9  38.0  38.0  1.0
102.917  53.0  41.0  1.0
102.933  30.0  45.0  1.0
102.949  1.0  45.0  1.0
102.949  1.0  45.0  1.0
102.981  30.0  48.0  1.0
102.998  54.0  48.0  1.0
103.015  41.0  47.0  1.0
103.015  41.0  47.0  1.0
103.046  0.0  50.0  0.0
103.062  17.0  50.0  1.0
103.079  47.0  52.0  1.0
103.096  50.0  52.0  1.0
103.096  50.0  52.0  1.0
103.128  0.0  52.0  0.0
103.144  4.0  52.0  0.0
103.16  39.0  53.0  1.0
103.16  39.0  53.0  1.0
103.193  34.0  51.0  1.0
103.209  3.0  49.0  0.0
103.225  0.0  45.0  1.0
103.225  0.0  45.0  1.0
103.258  54.0  46.0  1.0
103.275  44.0  43.0  1.0
103.291  11.0  43.0  1.0
103.323  10.0  41.0  1.0
103.323  10.0  41.0  1.0
103.341  41.0  41.0  1.0
103.357  56.0  40.0  1.0
103.389  5.0  40.0  0.0
103.404  0.0  39.0  1.0
103.404  0.0  39.0  1.0
103.421  30.0  40.0  1.0
103.438  55.0  34.0  1.0
103.471  12.0  33.0  1.0
103.471  12.0  33.0  1.0
103.487  0.0  27.0  1.0
103.503  10.0  28.0  1.0
103.536  57.0  28.0  1.0
103.554  35.0  28.0  1.0
103.569  4.0  28.0  1.0
103.569  4.0  28.0  1.0
103.601  29.0  29.0  1.0
103.618  54.0  32.0  1.0
103.634  45.0  31.0  1.0
103.634  45.0  31.0  1.0
103.666  0.0  40.0  0.0
103.683  8.0  41.0  1.0
103.699  44.0  39.0  1.0
103.715  51.0  39.0  1.0
103.715  51.0  39.0  1.0
103.748  0.0  41.0  1.0
103.763  2.0  40.0  1.0
103.78  36.0  42.0  1.0
103.78  36.0  42.0  1.0
103.814  35.0  46.0  1.0
103.829  4.0  46.0  1.0
103.844  0.0  46.0  1.0
103.844  0.0  46.0  1.0
103.878  52.0  46.0  1.0
103.895  45.0  50.0  1.0
103.911  12.0  51.0  1.0
103.943  9.0  50.0  0.0
103.943  9.0  50.0  0.0
103.959  45.0  51.0  1.0
103.975  52.0  50.0  1.0
103.992  24.0  51.0  1.0
104.024  3.0  43.0  1.0
104.024  3.0  43.0  1.0
104.04  36.0  48.0  1.0
104.056  55.0  47.0  1.0
104.089  6.0  43.0  0.0
104.104  0.0  44.0  0.0
104.104  0.0  44.0  0.0
104.121  25.0  43.0  1.0
104.155  48.0  42.0  1.0
104.171  15.0  41.0  1.0
104.171  15.0  41.0  1.0
104.186  0.0  41.0  0.0
104.219  45.0  39.0  1.0
104.236  55.0  40.0  1.0
104.252  27.0  33.0  1.0
104.252  27.0  33.0  1.0
104.284  5.0  34.0  1.0
104.3  36.0  33.0  1.0
104.316  57.0  32.0  1.0
104.316  57.0  32.0  1.0
104.333  40.0  27.0  2.0
104.365  0.0  28.0  1.0
104.381  24.0  28.0  1.0
104.397  51.0  28.0  1.0
104.397  51.0  28.0  1.0
104.431  16.0  29.0  1.0
104.446  0.0  28.0  1.0
104.462  7.0  30.0  1.0
104.479  42.0  35.0  1.0
104.479  42.0  35.0  1.0
104.512  26.0  39.0  1.0
104.527  1.0  39.0  1.0
104.544  1.0  40.0  1.0
104.56  32.0  40.0  1.0
104.56  32.0  40.0  1.0
104.593  38.0  39.0  1.0
104.609  6.0  40.0  1.0
104.641  21.0  47.0  0.0
104.657  49.0  48.0  1.0
104.657  49.0  48.0  1.0
104.675  47.0  48.0  1.0
104.691  16.0  50.0  1.0
104.722  4.0  50.0  1.0
104.739  41.0  53.0  1.0
104.739  41.0  53.0  1.0
104.756  52.0  53.0  1.0
104.772  28.0  55.0  1.0
104.803  0.0  56.0  0.0
104.82  31.0  58.0  1.0
104.82  31.0  58.0  1.0
104.837  54.0  57.0  1.0
104.868  8.0  54.0  1.0
104.885  0.0  55.0  0.0
104.901  21.0  51.0  0.0
104.901  21.0  51.0  0.0
104.934  50.0  52.0  1.0
104.951  19.0  47.0  1.0
104.967  0.0  43.0  0.0
104.967  0.0  43.0  0.0
104.982  7.0  43.0  0.0
105.016  54.0  42.0  2.0
105.032  31.0  41.0  1.0
105.032  31.0  41.0  1.0
105.063  2.0  39.0  1.0
105.08  31.0  41.0  1.0
105.097  54.0  39.0  1.0
105.113  41.0  39.0  1.0
105.113  41.0  39.0  1.0
105.145  0.0  33.0  1.0
105.161  20.0  32.0  1.0
105.178  48.0  28.0  1.0
105.211  22.0  27.0  1.0
105.211  22.0  27.0  1.0
105.227  0.0  27.0  1.0