0.0  1.0  1.0  1.0
0.0  1.0  1.0  1.0
0.0  1.0  1.0  1.0
0.0  1.0  1.0  1.0
0.0  1.0  1.0  1.0
0.0  1.0  1.0  1.0
0.0  1.0  1.0  1.0
0.0  1.0  1.0  1.0
0.0  1.0  1.0  1.0
0.0  1.0  1.0  1.0
0.0  1.0  1.0  1.0
0.0  1.0  1.0  1.0
0.0  1.0  1.0  1.0
0.0  1.0  1.0  1.0
0.0  1.0  1.0  1.0
0.0  1.0  1.0  1.0
0.0  1.0  1.0  1.0
0.0  1.0  1.0  1.0
0.0  1.0  1.0  1.0
0.0  1.0  1.0  1.0
0.0  1.0  1.0  1.0
0.0  1.0  1.0  1.0
0.0  1.0  1.0  1.0
0.0  1.0  1.0  1.0
0.0  1.0  1.0  1.0
0.0  1.0  1.0  1.0
0.0  1.0  1.0  1.0
0.0  1.0  1.0  1.0
0.0  1.0  1.0  1.0
0.0  1.0  1.0  1.0
0.0  1.0  1.0  1.0
0.0  1.0  1.0  1.0
0.0  1.0  1.0  1.0
0.0  1.0  1.0  1.0
0.0  1.0  1.0  1.0
0.0  1.0  1.0  1.0
0.0  1.0  1.0  1.0
0.0  1.0  1.0  1.0
0.0  1.0  1.0  1.0
0.0  1.0  1.0  1.0
0.0  1.0  1.0  1.0
0.0  1.0  1.0  1.0
0.0  1.0  1.0  1.0
0.0  1.0  1.0  1.0
24755.87  8440.0  25.0  0.0
0.0020  640.0  25.0  0.0
0.0040  640.0  25.0  0.0
0.0040  640.0  25.0  0.0
0.0040  640.0  25.0  0.0
0.029  640.0  25.0  0.0
0.057  640.0  26.0  0.0
0.07  640.0  25.0  0.0
0.07  640.0  25.0  0.0
0.097  641.0  25.0  0.0
0.111  640.0  25.0  0.0
0.125  640.0  25.0  0.0
0.154  640.0  25.0  0.0
0.154  640.0  25.0  0.0
0.184  640.0  25.0  0.0
0.198  640.0  25.0  0.0
0.212  640.0  26.0  0.0
0.212  640.0  26.0  0.0
0.242  639.0  25.0  0.0
0.257  637.0  25.0  0.0
0.285  578.0  32.0  0.0
0.3  540.0  32.0  0.0
0.3  540.0  32.0  0.0
0.329  449.0  33.0  0.0
0.344  403.0  34.0  0.0
0.373  318.0  34.0  0.0
0.388  276.0  34.0  0.0
0.388  276.0  34.0  0.0
0.416  201.0  34.0  0.0
0.431  166.0  32.0  0.0
0.446  137.0  31.0  0.0
0.446  137.0  31.0  0.0
0.475  86.0  31.0  0.0
0.489  66.0  32.0  0.0
0.519  34.0  30.0  0.0
0.533  22.0  28.0  0.0
0.533  22.0  28.0  0.0
0.562  15.0  28.0  0.0
0.577  15.0  28.0  0.0
0.606  13.0  30.0  0.0
0.606  13.0  30.0  0.0
0.62  13.0  30.0  0.0
0.65  49.0  30.0  0.0
0.664  71.0  32.0  0.0
0.693  128.0  31.0  0.0
0.693  128.0  31.0  0.0
0.708  164.0  31.0  0.0
0.737  237.0  23.0  0.0
0.751  277.0  21.0  0.0
0.781  368.0  22.0  0.0
0.781  368.0  22.0  0.0
0.795  414.0  21.0  0.0
0.809  460.0  22.0  0.0
0.839  551.0  22.0  0.0
0.868  631.0  23.0  0.0
0.868  631.0  23.0  0.0
0.882  667.0  19.0  0.0
0.912  727.0  19.0  0.0
0.956  780.0  21.0  0.0
0.956  780.0  21.0  0.0
0.988  793.0  21.0  0.0
1.003  793.0  20.0  0.0
1.019  793.0  21.0  0.0
1.053  783.0  22.0  0.0
1.053  783.0  22.0  0.0
1.069  753.0  23.0  0.0
1.084  717.0  24.0  0.0
1.116  639.0  23.0  0.0
1.131  592.0  28.0  0.0
1.131  592.0  28.0  0.0
1.162  495.0  32.0  0.0
1.178  447.0  32.0  0.0
1.193  397.0  32.0  0.0
1.193  397.0  32.0  0.0
1.209  350.0  33.0  0.0
1.241  260.0  31.0  0.0
1.256  224.0  32.0  0.0
1.287  153.0  30.0  0.0
1.287  153.0  30.0  0.0
1.303  121.0  32.0  0.0
1.318  94.0  32.0  0.0
1.349  48.0  32.0  0.0
1.364  35.0  31.0  0.0
1.364  35.0  31.0  0.0
1.381  22.0  30.0  0.0
1.412  15.0  31.0  0.0
1.427  14.0  29.0  0.0
1.427  14.0  29.0  0.0
1.443  14.0  29.0  0.0
1.474  15.0  31.0  0.0
1.489  36.0  31.0  0.0
1.489  36.0  31.0  0.0
1.521  87.0  29.0  0.0
1.537  118.0  31.0  0.0
1.552  156.0  30.0  0.0
1.584  233.0  29.0  0.0
1.584  233.0  29.0  0.0
1.599  275.0  22.0  0.0
1.63  370.0  20.0  0.0
1.646  420.0  21.0  0.0
1.661  468.0  21.0  0.0
1.661  468.0  21.0  0.0
1.692  563.0  26.0  0.0
1.709  606.0  21.0  0.0
1.724  646.0  24.0  0.0
1.724  646.0  24.0  0.0
1.755  712.0  19.0  0.0
1.771  741.0  19.0  0.0
1.786  763.0  17.0  0.0
1.819  793.0  17.0  0.0
1.819  793.0  17.0  0.0
1.837  793.0  17.0  0.0
1.853  793.0  16.0  0.0
1.869  793.0  17.0  0.0
1.903  780.0  23.0  0.0
1.903  780.0  23.0  0.0
1.918  750.0  24.0  0.0
1.934  714.0  21.0  0.0
1.965  637.0  22.0  0.0
1.981  593.0  27.0  0.0
1.981  593.0  27.0  0.0
1.996  545.0  31.0  0.0
2.027  446.0  31.0  0.0
2.043  397.0  32.0  0.0
2.043  397.0  32.0  0.0
2.074  304.0  33.0  0.0
2.089  260.0  33.0  0.0
2.106  222.0  31.0  0.0
2.137  150.0  31.0  0.0
2.137  150.0  31.0  0.0
2.152  120.0  31.0  0.0
2.167  94.0  31.0  0.0
2.184  71.0  31.0  0.0
2.214  35.0  29.0  0.0
2.214  35.0  29.0  0.0
2.23  22.0  29.0  0.0
2.262  15.0  30.0  0.0
2.277  15.0  30.0  0.0
2.292  14.0  31.0  0.0
2.292  14.0  31.0  0.0
2.324  16.0  30.0  0.0
2.339  38.0  31.0  0.0
2.355  63.0  32.0  0.0
2.386  118.0  32.0  0.0
2.402  155.0  29.0  0.0
2.402  155.0  29.0  0.0
2.417  187.0  30.0  0.0
2.449  272.0  25.0  0.0
2.464  317.0  20.0  0.0
2.48  367.0  20.0  0.0
2.48  367.0  20.0  0.0
2.511  466.0  21.0  0.0
2.527  517.0  20.0  0.0
2.542  563.0  20.0  0.0
2.574  647.0  19.0  0.0
2.574  647.0  19.0  0.0
2.589  682.0  19.0  0.0
2.62  742.0  18.0  0.0
2.636  762.0  17.0  0.0
2.653  779.0  17.0  0.0
2.653  779.0  17.0  0.0
2.669  793.0  17.0  0.0
2.703  793.0  16.0  0.0
2.719  793.0  17.0  0.0
2.719  793.0  17.0  0.0
2.736  793.0  18.0  0.0
2.768  753.0  25.0  0.0
2.784  718.0  22.0  0.0
2.799  682.0  23.0  0.0
2.799  682.0  23.0  0.0
2.83  595.0  25.0  0.0
2.846  549.0  31.0  0.0
2.862  499.0  32.0  0.0
2.892  402.0  34.0  0.0
2.892  402.0  34.0  0.0
2.909  354.0  31.0  0.0
2.924  308.0  31.0  0.0
2.955  229.0  30.0  0.0
2.955  229.0  30.0  0.0
2.971  189.0  30.0  0.0
2.987  155.0  30.0  0.0
3.017  97.0  33.0  0.0
3.033  72.0  31.0  0.0
3.033  72.0  31.0  0.0
3.049  49.0  31.0  0.0
3.08  23.0  30.0  0.0
3.095  17.0  31.0  0.0
3.127  14.0  27.0  0.0
3.127  14.0  27.0  0.0
3.142  14.0  29.0  0.0
3.158  13.0  29.0  0.0
3.189  33.0  31.0  0.0
3.205  59.0  31.0  0.0
3.205  59.0  31.0  0.0
3.22  84.0  32.0  0.0
3.252  149.0  32.0  0.0
3.267  184.0  29.0  0.0
3.267  184.0  29.0  0.0
3.282  226.0  21.0  0.0
3.314  316.0  21.0  0.0
3.33  363.0  21.0  0.0
3.345  414.0  20.0  0.0
3.345  414.0  20.0  0.0
3.377  516.0  21.0  0.0
3.392  561.0  20.0  0.0
3.423  644.0  18.0  0.0
3.439  679.0  19.0  0.0
3.439  679.0  19.0  0.0
3.454  711.0  19.0  0.0
3.47  740.0  19.0  0.0
3.503  778.0  18.0  0.0
3.519  792.0  17.0  0.0
3.519  792.0  17.0  0.0
3.535  793.0  22.0  0.0
3.569  793.0  18.0  0.0
3.586  793.0  19.0  0.0
3.602  784.0  22.0  0.0
3.602  784.0  22.0  0.0
3.617  754.0  24.0  0.0
3.649  683.0  23.0  0.0
3.664  641.0  23.0  0.0
3.68  596.0  23.0  0.0
3.68  596.0  23.0  0.0
3.712  499.0  31.0  0.0
3.727  450.0  31.0  0.0
3.758  351.0  33.0  0.0
3.758  351.0  33.0  0.0
3.774  305.0  33.0  0.0
3.789  262.0  34.0  0.0
3.82  184.0  33.0  0.0
3.836  149.0  32.0  0.0
3.836  149.0  32.0  0.0
3.852  119.0  30.0  0.0
3.883  70.0  31.0  0.0
3.898  48.0  30.0  0.0
3.914  35.0  30.0  0.0
3.914  35.0  30.0  0.0
3.945  17.0  31.0  0.0
3.96  15.0  28.0  0.0
3.977  14.0  31.0  0.0
4.007  13.0  31.0  0.0
4.007  13.0  31.0  0.0
4.023  15.0  30.0  0.0
4.055  62.0  32.0  0.0
4.07  87.0  29.0  0.0
4.085  118.0  30.0  0.0
4.085  118.0  30.0  0.0
4.102  155.0  30.0  0.0
4.132  234.0  27.0  0.0
4.148  276.0  23.0  0.0
4.163  324.0  20.0  0.0
4.163  324.0  20.0  0.0
4.195  422.0  21.0  0.0
4.21  472.0  21.0  0.0
4.242  566.0  20.0  0.0
4.257  609.0  24.0  0.0
4.257  609.0  24.0  0.0
4.273  649.0  24.0  0.0
4.304  715.0  19.0  0.0
4.32  744.0  19.0  0.0
4.335  763.0  16.0  0.0
4.335  763.0  16.0  0.0
4.369  793.0  18.0  0.0
4.385  793.0  17.0  0.0
4.402  793.0  15.0  0.0
4.402  793.0  15.0  0.0
4.418  793.0  16.0  0.0
4.452  780.0  22.0  0.0
4.467  750.0  23.0  0.0
4.483  714.0  22.0  0.0
4.483  714.0  22.0  0.0
4.514  635.0  23.0  0.0
4.53  589.0  30.0  0.0
4.545  542.0  31.0  0.0
4.577  443.0  31.0  0.0
4.577  443.0  31.0  0.0
4.592  392.0  31.0  0.0
4.608  345.0  32.0  0.0
4.639  257.0  30.0  0.0
4.655  221.0  31.0  0.0
4.655  221.0  31.0  0.0
4.67  181.0  31.0  0.0
4.702  118.0  31.0  0.0
4.717  94.0  31.0  0.0
4.732  70.0  31.0  0.0
4.732  70.0  31.0  0.0
4.763  35.0  30.0  0.0
4.78  22.0  31.0  0.0
4.795  17.0  31.0  0.0
4.795  17.0  31.0  0.0
4.826  14.0  31.0  0.0
4.842  14.0  31.0  0.0
4.873  17.0  31.0  0.0
4.888  41.0  32.0  0.0
4.888  41.0  32.0  0.0
4.904  66.0  32.0  0.0
4.92  92.0  31.0  0.0
4.951  158.0  25.0  0.0
4.967  191.0  28.0  0.0
4.967  191.0  28.0  0.0
4.998  278.0  21.0  0.0
5.013  323.0  21.0  0.0
5.045  423.0  20.0  0.0
5.045  423.0  20.0  0.0
5.06  473.0  21.0  0.0
5.075  522.0  21.0  0.0
5.107  609.0  20.0  0.0
5.123  650.0  20.0  0.0
5.123  650.0  20.0  0.0
5.138  685.0  18.0  0.0
5.153  716.0  19.0  0.0
5.185  764.0  16.0  0.0
5.201  779.0  16.0  0.0
5.201  779.0  16.0  0.0
5.218  793.0  17.0  0.0
5.252  793.0  21.0  0.0
5.268  793.0  18.0  0.0
5.284  793.0  19.0  0.0
5.284  793.0  19.0  0.0
5.302  780.0  22.0  0.0
5.332  715.0  24.0  0.0
5.348  677.0  23.0  0.0
5.38  589.0  27.0  0.0
5.38  589.0  27.0  0.0
5.395  543.0  31.0  0.0
5.41  494.0  32.0  0.0
5.442  395.0  31.0  0.0
5.457  348.0  32.0  0.0
5.457  348.0  32.0  0.0
5.473  304.0  32.0  0.0
5.505  224.0  32.0  0.0
5.52  183.0  32.0  0.0
5.52  183.0  32.0  0.0
5.535  149.0  31.0  0.0
5.567  91.0  30.0  0.0
5.582  69.0  30.0  0.0
5.598  46.0  29.0  0.0
5.598  46.0  29.0  0.0
5.628  21.0  29.0  0.0
5.645  16.0  29.0  0.0
5.676  14.0  30.0  0.0
5.691  14.0  30.0  0.0
5.691  14.0  30.0  0.0
5.707  13.0  31.0  0.0
5.723  17.0  30.0  0.0
5.753  64.0  33.0  0.0
5.753  64.0  33.0  0.0
5.77  88.0  31.0  0.0
5.8  155.0  28.0  0.0
5.816  191.0  29.0  0.0
5.848  275.0  22.0  0.0
5.848  275.0  22.0  0.0
5.863  323.0  22.0  0.0
5.878  373.0  20.0  0.0
5.91  473.0  20.0  0.0
5.91  473.0  20.0  0.0
5.925  521.0  20.0  0.0
5.941  565.0  20.0  0.0
5.972  649.0  20.0  0.0
5.988  684.0  19.0  0.0
5.988  684.0  19.0  0.0
6.003  716.0  19.0  0.0
6.035  765.0  17.0  0.0
6.051  780.0  17.0  0.0
6.068  793.0  17.0  0.0
6.068  793.0  17.0  0.0
6.084  793.0  18.0  0.0
6.118  793.0  17.0  0.0
6.134  793.0  18.0  0.0
6.151  781.0  22.0  0.0
6.151  781.0  22.0  0.0
6.182  715.0  24.0  0.0
6.198  676.0  25.0  0.0
6.23  591.0  31.0  0.0
6.23  591.0  31.0  0.0
6.245  546.0  30.0  0.0
6.26  493.0  32.0  0.0
6.276  445.0  31.0  0.0
6.307  348.0  31.0  0.0
6.307  348.0  31.0  0.0
6.323  302.0  31.0  0.0
6.353  220.0  33.0  0.0
6.37  178.0  31.0  0.0
6.385  147.0  31.0  0.0
6.385  147.0  31.0  0.0
6.416  92.0  31.0  0.0
6.432  70.0  30.0  0.0
6.448  49.0  30.0  0.0
6.478  23.0  31.0  0.0
6.478  23.0  31.0  0.0
6.494  17.0  33.0  0.0
6.51  15.0  33.0  0.0
6.541  14.0  30.0  0.0
6.556  13.0  31.0  0.0
6.556  13.0  31.0  0.0
6.573  15.0  31.0  0.0
6.603  60.0  29.0  0.0
6.619  84.0  29.0  0.0
6.619  84.0  30.0  0.0
6.635  114.0  30.0  0.0
6.666  187.0  24.0  0.0
6.681  228.0  20.0  0.0
6.713  317.0  21.0  0.0
6.713  317.0  21.0  0.0
6.728  367.0  22.0  0.0
6.744  418.0  22.0  0.0
6.759  467.0  22.0  0.0
6.791  561.0  21.0  0.0
6.791  561.0  21.0  0.0
6.806  603.0  21.0  0.0
6.821  645.0  22.0  0.0
6.853  709.0  19.0  0.0
6.868  738.0  18.0  0.0
6.868  738.0  18.0  0.0
6.901  777.0  18.0  0.0
6.918  791.0  21.0  0.0
6.934  793.0  19.0  0.0
6.95  793.0  19.0  0.0
6.95  793.0  19.0  0.0
6.968  793.0  19.0  0.0
7.001  787.0  29.0  0.0
7.016  758.0  26.0  0.0
7.016  758.0  26.0  0.0
7.048  686.0  24.0  0.0
7.063  644.0  24.0  0.0
7.078  599.0  24.0  0.0
7.11  503.0  31.0  0.0
7.126  454.0  31.0  0.0
7.126  454.0  31.0  0.0
7.141  408.0  31.0  0.0
7.173  316.0  31.0  0.0
7.173  316.0  31.0  0.0
7.188  271.0  32.0  0.0
7.219  193.0  31.0  0.0
7.235  157.0  30.0  0.0
7.25  127.0  30.0  0.0
7.25  127.0  30.0  0.0
7.281  75.0  29.0  0.0
7.298  52.0  28.0  0.0
7.313  39.0  28.0  0.0
7.344  17.0  32.0  0.0
7.344  17.0  32.0  0.0
7.359  15.0  33.0  0.0
7.375  14.0  31.0  0.0
7.406  13.0  31.0  0.0
7.406  13.0  31.0  0.0
7.421  14.0  30.0  0.0
7.453  56.0  29.0  0.0
7.469  79.0  30.0  0.0
7.484  109.0  27.0  0.0
7.484  109.0  27.0  0.0
7.516  181.0  27.0  0.0
7.531  220.0  22.0  0.0
7.546  261.0  23.0  0.0
7.563  310.0  20.0  0.0
7.563  310.0  20.0  0.0
7.593  407.0  22.0  0.0
7.609  454.0  21.0  0.0
7.641  549.0  22.0  0.0
7.641  549.0  22.0  0.0
7.656  592.0  24.0  0.0
7.687  671.0  20.0  0.0
7.703  702.0  19.0  0.0
7.718  734.0  17.0  0.0
7.734  758.0  18.0  0.0
7.734  758.0  18.0  0.0
7.768  791.0  19.0  0.0
7.784  793.0  20.0  0.0
7.8  793.0  19.0  0.0
7.817  793.0  20.0  0.0
7.817  793.0  20.0  0.0
7.851  790.0  31.0  0.0
7.866  760.0  25.0  0.0
7.881  726.0  24.0  0.0
7.913  652.0  24.0  0.0
7.913  652.0  24.0  0.0
7.928  607.0  23.0  0.0
7.944  561.0  29.0  0.0
7.975  462.0  31.0  0.0
7.975  462.0  31.0  0.0
7.991  416.0  31.0  0.0
8.006  368.0  31.0  0.0
8.038  276.0  31.0  0.0
8.053  236.0  32.0  0.0
8.053  236.0  32.0  0.0
8.084  162.0  33.0  0.0
8.1  132.0  34.0  0.0
8.116  103.0  31.0  0.0
8.131  79.0  31.0  0.0
8.131  79.0  31.0  0.0
8.163  42.0  32.0  0.0
8.178  26.0  32.0  0.0
8.194  18.0  32.0  0.0
8.224  14.0  29.0  0.0
8.224  14.0  29.0  0.0
8.241  14.0  29.0  0.0
8.271  13.0  29.0  0.0
8.287  26.0  28.0  0.0
8.303  52.0  28.0  0.0
8.303  52.0  28.0  0.0
8.334  105.0  28.0  0.0
8.349  136.0  28.0  0.0
8.366  174.0  25.0  0.0
8.366  174.0  25.0  0.0
8.396  253.0  22.0  0.0
8.412  300.0  27.0  0.0
8.428  348.0  21.0  0.0
8.459  446.0  21.0  0.0
8.459  446.0  21.0  0.0
8.474  497.0  21.0  0.0
8.506  587.0  19.0  0.0
8.521  629.0  19.0  0.0
8.537  666.0  19.0  0.0
8.537  666.0  19.0  0.0
8.568  730.0  18.0  0.0
8.584  752.0  16.0  0.0
8.6  773.0  22.0  0.0
8.6  773.0  22.0  0.0
8.634  793.0  17.0  0.0
8.65  793.0  19.0  0.0
8.667  793.0  22.0  0.0
8.683  793.0  17.0  0.0
8.683  793.0  17.0  0.0
8.716  768.0  23.0  0.0
8.731  735.0  24.0  0.0
8.747  700.0  25.0  0.0
8.778  617.0  23.0  0.0
8.778  617.0  23.0  0.0
8.794  572.0  24.0  0.0
8.809  525.0  27.0  0.0
8.841  428.0  33.0  0.0
8.856  380.0  33.0  0.0
8.856  380.0  33.0  0.0
8.871  333.0  32.0  0.0
8.903  246.0  33.0  0.0
8.919  206.0  34.0  0.0
8.919  206.0  34.0  0.0
8.934  167.0  33.0  0.0
8.966  106.0  33.0  0.0
8.981  81.0  31.0  0.0
8.996  61.0  33.0  0.0
8.996  61.0  33.0  0.0
9.028  30.0  34.0  0.0
9.043  19.0  34.0  0.0
9.074  15.0  33.0  0.0
9.074  15.0  33.0  0.0
9.09  14.0  34.0  0.0
9.121  13.0  31.0  0.0
9.137  19.0  30.0  0.0
9.152  45.0  32.0  0.0
9.152  45.0  32.0  0.0
9.168  68.0  33.0  0.0
9.199  126.0  32.0  0.0
9.214  164.0  26.0  0.0
9.231  201.0  27.0  0.0
9.231  201.0  27.0  0.0
9.262  291.0  26.0  0.0
9.277  336.0  21.0  0.0
9.309  434.0  23.0  0.0
9.324  484.0  22.0  0.0
9.324  484.0  22.0  0.0
9.339  532.0  21.0  0.0
9.371  619.0  19.0  0.0
9.387  659.0  19.0  0.0
9.402  692.0  18.0  0.0
9.402  692.0  18.0  0.0
9.434  749.0  17.0  0.0
9.449  768.0  19.0  0.0
9.465  781.0  20.0  0.0
9.482  793.0  18.0  0.0
9.482  793.0  18.0  0.0
9.516  793.0  26.0  0.0
9.532  793.0  20.0  0.0
9.548  793.0  21.0  0.0
9.566  776.0  21.0  0.0
9.566  776.0  21.0  0.0
9.596  708.0  25.0  0.0
9.612  671.0  25.0  0.0
9.612  671.0  25.0  0.0
9.644  581.0  24.0  0.0
9.659  534.0  24.0  0.0
9.691  437.0  32.0  0.0
9.706  386.0  33.0  0.0
9.706  386.0  33.0  0.0
9.721  341.0  33.0  0.0
9.752  252.0  33.0  0.0
9.768  216.0  32.0  0.0
9.784  175.0  32.0  0.0
9.784  175.0  32.0  0.0
9.815  115.0  35.0  0.0
9.831  91.0  36.0  0.0
9.846  68.0  34.0  0.0
9.846  68.0  34.0  0.0
9.877  33.0  30.0  0.0
9.893  21.0  31.0  0.0
9.924  14.0  33.0  0.0
9.939  14.0  31.0  0.0
9.939  14.0  31.0  0.0
9.956  14.0  32.0  0.0
9.987  17.0  32.0  0.0
10.002  40.0  31.0  0.0
10.018  67.0  32.0  0.0
10.018  67.0  32.0  0.0
10.036  95.0  29.0  0.0
10.068  170.0  22.0  0.0
10.085  208.0  24.0  0.0
10.085  208.0  24.0  0.0
10.102  255.0  21.0  0.0
10.135  356.0  24.0  0.0
10.151  407.0  22.0  0.0
10.169  459.0  22.0  0.0
10.169  459.0  22.0  0.0
10.185  512.0  21.0  0.0
10.202  559.0  20.0  0.0
10.235  647.0  18.0  0.0
10.252  685.0  18.0  0.0
10.252  685.0  18.0  0.0
10.268  718.0  18.0  0.0
10.302  767.0  19.0  0.0
10.319  783.0  19.0  0.0
10.319  783.0  19.0  0.0
10.337  793.0  19.0  0.0
10.354  793.0  20.0  0.0
10.39  793.0  26.0  0.0
10.407  792.0  28.0  0.0
10.407  792.0  28.0  0.0
10.425  761.0  27.0  0.0
10.441  724.0  23.0  0.0
10.474  644.0  23.0  0.0
10.474  644.0  23.0  0.0
10.491  596.0  21.0  0.0
10.508  547.0  23.0  0.0
10.541  445.0  30.0  0.0
10.558  392.0  30.0  0.0
10.558  392.0  30.0  0.0
10.574  342.0  31.0  0.0
10.591  293.0  31.0  0.0
10.607  249.0  32.0  0.0
10.641  168.0  30.0  0.0
10.641  168.0  30.0  0.0
10.657  136.0  31.0  0.0
10.674  106.0  31.0  0.0
10.707  55.0  29.0  0.0
10.707  55.0  29.0  0.0
10.724  39.0  32.0  0.0
10.74  24.0  32.0  0.0
10.758  17.0  32.0  0.0
10.79  14.0  30.0  0.0
10.79  14.0  30.0  0.0
10.807  14.0  30.0  0.0
10.824  13.0  29.0  0.0
10.857  46.0  28.0  0.0
10.873  71.0  28.0  0.0
10.873  71.0  28.0  0.0
10.891  102.0  23.0  0.0
10.907  133.0  27.0  0.0
10.924  174.0  23.0  0.0
10.957  261.0  23.0  0.0
10.957  261.0  23.0  0.0
10.974  311.0  20.0  0.0
10.99  362.0  19.0  0.0
11.024  467.0  18.0  0.0
11.04  520.0  18.0  0.0
11.04  520.0  18.0  0.0
11.057  566.0  19.0  0.0
11.09  656.0  18.0  0.0
11.107  692.0  16.0  0.0
11.107  692.0  16.0  0.0
11.123  727.0  17.0  0.0
11.14  752.0  17.0  0.0
11.158  773.0  17.0  0.0
11.193  793.0  18.0  0.0
11.193  793.0  18.0  0.0
11.21  793.0  19.0  0.0
11.229  793.0  19.0  0.0
11.246  793.0  27.0  0.0
11.264  785.0  21.0  0.0
11.264  785.0  21.0  0.0
11.297  716.0  22.0  0.0
11.314  676.0  22.0  0.0
11.33  632.0  22.0  0.0
11.346  584.0  22.0  0.0
11.364  535.0  22.0  0.0
11.38  481.0  29.0  0.0
11.397  430.0  30.0  0.0
11.413  377.0  30.0  0.0
11.413  377.0  30.0  0.0
11.447  280.0  29.0  0.0
11.463  238.0  30.0  0.0
11.48  195.0  29.0  0.0
11.497  157.0  30.0  0.0
11.497  157.0  30.0  0.0
11.53  96.0  29.0  0.0
11.546  72.0  32.0  0.0
11.564  47.0  28.0  0.0
11.58  34.0  27.0  0.0
11.58  34.0  27.0  0.0
11.613  16.0  31.0  0.0
11.63  15.0  30.0  0.0
11.646  14.0  27.0  0.0
11.679  13.0  29.0  0.0
11.679  13.0  29.0  0.0
11.697  24.0  28.0  0.0
11.713  52.0  29.0  0.0
11.746  108.0  26.0  0.0
11.746  108.0  26.0  0.0
11.763  146.0  29.0  0.0
11.78  184.0  20.0  0.0
11.796  231.0  18.0  0.0
11.812  274.0  18.0  0.0
11.846  377.0  19.0  0.0
11.846  377.0  19.0  0.0
11.863  430.0  18.0  0.0
11.879  482.0  17.0  0.0
11.913  581.0  18.0  0.0
11.913  581.0  18.0  0.0
11.929  628.0  18.0  0.0
11.945  669.0  20.0  0.0
11.963  702.0  16.0  0.0
11.996  759.0  16.0  0.0
11.996  759.0  16.0  0.0
12.013  777.0  24.0  0.0
12.032  791.0  20.0  0.0
12.049  793.0  19.0  0.0
12.066  793.0  18.0  0.0
12.066  793.0  18.0  0.0
12.102  793.0  17.0  0.0
12.12  778.0  21.0  0.0
12.136  745.0  21.0  0.0
12.136  745.0  21.0  0.0
12.153  708.0  22.0  0.0
12.186  619.0  22.0  0.0
12.203  572.0  20.0  0.0
12.22  520.0  21.0  0.0
12.22  520.0  21.0  0.0
12.236  466.0  30.0  0.0
12.269  361.0  30.0  0.0
12.286  312.0  29.0  0.0
12.303  265.0  30.0  0.0
12.303  265.0  30.0  0.0
12.336  182.0  31.0  0.0
12.353  148.0  31.0  0.0
12.369  116.0  32.0  0.0
12.386  88.0  32.0  0.0
12.386  88.0  32.0  0.0
12.402  64.0  30.0  0.0
12.436  29.0  30.0  0.0
12.452  18.0  27.0  0.0
12.452  18.0  27.0  0.0
12.469  15.0  28.0  0.0
12.503  14.0  28.0  0.0
12.519  13.0  27.0  0.0
12.535  13.0  30.0  0.0
12.535  13.0  30.0  0.0
12.553  31.0  29.0  0.0
12.585  85.0  25.0  0.0
12.602  118.0  25.0  0.0
12.619  158.0  24.0  0.0
12.619  158.0  24.0  0.0
12.636  196.0  22.0  0.0
12.668  290.0  19.0  0.0
12.686  338.0  19.0  0.0
12.702  392.0  19.0  0.0
12.702  392.0  19.0  0.0
12.719  444.0  18.0  0.0
12.752  546.0  18.0  0.0
12.769  593.0  18.0  0.0
12.785  639.0  17.0  0.0
12.785  639.0  17.0  0.0
12.819  709.0  16.0  0.0
12.835  740.0  16.0  0.0
12.852  763.0  16.0  0.0
12.869  780.0  19.0  0.0
12.869  780.0  19.0  0.0
12.888  793.0  17.0  0.0
12.922  793.0  17.0  0.0
12.94  793.0  17.0  0.0
12.94  793.0  17.0  0.0
12.958  793.0  24.0  0.0
12.991  735.0  23.0  0.0
13.007  698.0  22.0  0.0
