110.954  737.0  735.0  1.0
110.954  737.0  735.0  1.0
110.954  737.0  735.0  1.0
110.954  737.0  735.0  1.0
110.954  737.0  735.0  1.0
110.954  737.0  735.0  1.0
110.954  737.0  735.0  1.0
110.954  737.0  735.0  1.0
110.954  737.0  735.0  1.0
110.954  737.0  735.0  1.0
110.954  737.0  735.0  1.0
110.954  737.0  735.0  1.0
110.954  737.0  735.0  1.0
110.954  737.0  735.0  1.0
110.954  737.0  735.0  1.0
110.954  737.0  735.0  1.0
110.954  737.0  735.0  1.0
110.954  737.0  735.0  1.0
110.954  737.0  735.0  1.0
110.954  737.0  735.0  1.0
110.954  737.0  735.0  1.0
110.954  737.0  735.0  1.0
110.954  737.0  735.0  1.0
110.954  737.0  735.0  1.0
110.954  737.0  735.0  1.0
110.954  737.0  735.0  1.0
110.954  737.0  735.0  1.0
110.954  737.0  735.0  1.0
110.954  737.0  735.0  1.0
110.954  737.0  735.0  1.0
110.954  737.0  735.0  1.0
110.954  737.0  735.0  1.0
110.954  737.0  735.0  1.0
110.954  737.0  735.0  1.0
110.954  737.0  735.0  1.0
110.954  737.0  735.0  1.0
110.954  737.0  735.0  1.0
110.954  737.0  735.0  1.0
110.954  737.0  735.0  1.0
110.954  737.0  735.0  1.0
110.954  737.0  735.0  1.0
110.954  737.0  735.0  1.0
110.954  737.0  735.0  1.0
110.954  737.0  735.0  1.0
110.954  737.0  735.0  1.0
110.737  737.0  841.0  1.0
0.0020  737.0  623.0  1.0
0.0020  737.0  623.0  1.0
0.0030  737.0  705.0  1.0
0.01  737.0  776.0  1.0
0.024  737.0  342.0  1.0
0.054  737.0  900.0  1.0
0.054  737.0  900.0  1.0
0.068  737.0  386.0  1.0
0.082  737.0  411.0  2.0
0.112  737.0  651.0  2.0
0.112  737.0  651.0  2.0
0.128  736.0  359.0  1.0
0.158  737.0  811.0  1.0
0.175  737.0  926.0  1.0
0.19  737.0  476.0  1.0
0.19  737.0  476.0  1.0
0.221  737.0  569.0  2.0
0.236  736.0  915.0  1.0
0.268  737.0  386.0  1.0
0.268  737.0  386.0  1.0
0.283  737.0  352.0  1.0
0.299  736.0  756.0  1.0
0.33  737.0  508.0  2.0
0.33  737.0  508.0  2.0
0.346  737.0  347.0  1.0
0.377  736.0  903.0  1.0
0.393  737.0  790.0  1.0
0.393  737.0  790.0  1.0
0.408  737.0  414.0  1.0
0.44  737.0  703.0  1.0
0.455  737.0  918.0  2.0
0.471  737.0  560.0  0.0
0.471  737.0  560.0  0.0
0.501  737.0  437.0  1.0
0.533  737.0  888.0  1.0
0.533  737.0  888.0  1.0
0.548  737.0  444.0  1.0
0.564  737.0  344.0  1.0
0.595  737.0  918.0  1.0
0.611  737.0  628.0  1.0
0.611  737.0  628.0  1.0
0.626  737.0  360.0  1.0
0.658  737.0  811.0  1.0
0.673  737.0  923.0  1.0
0.689  737.0  479.0  1.0
0.689  737.0  479.0  1.0
0.72  737.0  562.0  1.0
0.736  737.0  913.0  1.0
0.766  737.0  385.0  1.0
0.766  737.0  385.0  1.0
0.783  737.0  342.0  1.0
0.798  737.0  756.0  1.0
0.829  737.0  514.0  1.0
0.829  737.0  514.0  1.0
0.845  737.0  348.0  1.0
0.876  736.0  905.0  1.0
0.939  736.0  694.0  1.0
0.939  736.0  694.0  1.0
0.954  736.0  922.0  1.0
0.969  737.0  565.0  1.0
1.001  737.0  423.0  2.0
1.017  737.0  772.0  1.0
1.017  737.0  772.0  1.0
1.034  737.0  919.0  1.0
1.051  737.0  699.0  1.0
1.084  737.0  345.0  1.0
1.1  737.0  422.0  1.0
1.1  737.0  422.0  1.0
1.118  737.0  773.0  2.0
1.15  737.0  698.0  1.0
1.167  737.0  437.0  1.0
1.167  737.0  437.0  1.0
1.184  736.0  346.0  1.0
1.201  736.0  421.0  1.0
1.217  736.0  776.0  1.0
1.251  737.0  697.0  1.0
1.251  737.0  697.0  1.0
1.267  737.0  436.0  1.0
1.284  737.0  344.0  1.0
1.317  736.0  776.0  1.0
1.334  737.0  918.0  1.0
1.334  737.0  918.0  1.0
1.35  736.0  697.0  1.0
1.367  737.0  437.0  1.0
1.4  737.0  421.0  1.0
1.4  737.0  421.0  1.0
1.417  737.0  775.0  1.0
1.433  737.0  920.0  1.0
1.467  737.0  439.0  1.0
1.483  737.0  345.0  1.0
1.483  737.0  345.0  1.0
1.5  737.0  423.0  1.0
1.517  737.0  775.0  1.0
1.55  737.0  699.0  1.0
1.566  737.0  438.0  1.0
1.566  737.0  438.0  1.0
1.584  737.0  345.0  1.0
1.6  737.0  420.0  1.0
1.633  737.0  919.0  1.0
1.65  737.0  698.0  1.0
1.65  737.0  698.0  1.0
1.667  736.0  435.0  1.0
1.683  736.0  347.0  1.0
1.717  737.0  772.0  2.0
1.733  737.0  919.0  2.0
1.733  737.0  919.0  2.0
1.75  737.0  698.0  2.0
1.766  737.0  438.0  1.0
1.8  737.0  422.0  1.0
1.8  737.0  422.0  1.0
1.816  736.0  774.0  1.0
1.832  736.0  919.0  1.0
1.866  737.0  435.0  1.0
1.883  737.0  344.0  1.0
1.883  737.0  344.0  1.0
1.899  737.0  422.0  1.0
1.933  736.0  920.0  1.0
1.949  736.0  698.0  1.0
1.966  737.0  437.0  1.0
1.966  737.0  437.0  1.0
1.983  737.0  344.0  1.0
2.016  737.0  773.0  1.0
2.032  736.0  920.0  1.0
2.032  736.0  920.0  1.0
2.05  737.0  700.0  1.0
2.066  737.0  436.0  1.0
2.099  737.0  421.0  2.0
2.116  737.0  772.0  1.0
2.116  737.0  772.0  1.0
2.132  737.0  920.0  1.0
2.149  737.0  701.0  1.0
2.183  737.0  346.0  1.0
2.199  737.0  422.0  1.0
2.199  737.0  422.0  1.0
2.215  737.0  775.0  1.0
2.249  737.0  699.0  1.0
2.266  737.0  436.0  1.0
2.282  737.0  346.0  1.0
2.282  737.0  346.0  1.0
2.298  737.0  419.0  2.0
2.316  737.0  771.0  1.0
2.349  737.0  700.0  1.0
2.365  737.0  439.0  1.0
2.365  737.0  439.0  1.0
2.382  737.0  346.0  1.0
2.415  737.0  770.0  1.0
2.432  737.0  918.0  1.0
2.432  737.0  918.0  1.0
2.465  737.0  439.0  1.0
2.465  737.0  439.0  1.0
2.482  737.0  344.0  1.0
2.515  737.0  771.0  1.0
2.532  737.0  917.0  1.0
2.548  737.0  703.0  1.0
2.548  737.0  703.0  1.0
2.565  737.0  440.0  1.0
2.598  737.0  420.0  1.0
2.615  736.0  773.0  1.0
2.631  737.0  918.0  2.0
2.631  737.0  918.0  2.0
2.665  737.0  437.0  1.0
2.681  737.0  344.0  1.0
2.698  737.0  417.0  1.0
2.715  736.0  770.0  1.0
2.715  736.0  770.0  1.0
2.748  737.0  706.0  1.0
2.764  737.0  440.0  1.0
2.782  737.0  345.0  1.0
2.782  737.0  345.0  1.0
2.814  737.0  768.0  1.0
2.831  737.0  917.0  1.0
2.831  737.0  917.0  1.0
2.848  737.0  706.0  1.0
2.881  737.0  345.0  1.0
2.897  737.0  412.0  1.0
2.915  736.0  770.0  1.0
2.915  736.0  770.0  1.0
2.931  736.0  920.0  1.0
2.964  737.0  440.0  1.0
2.981  737.0  344.0  1.0
2.998  737.0  411.0  1.0
2.998  737.0  411.0  1.0
3.031  737.0  920.0  1.0
3.048  737.0  706.0  1.0
3.064  736.0  441.0  1.0
3.081  737.0  344.0  2.0
3.081  737.0  344.0  2.0
3.097  737.0  411.0  1.0
3.131  736.0  918.0  1.0
3.147  737.0  709.0  2.0
3.164  737.0  441.0  1.0
3.164  737.0  441.0  1.0
3.197  737.0  411.0  1.0
3.214  736.0  765.0  2.0
3.23  737.0  917.0  1.0
3.248  737.0  706.0  1.0
3.248  737.0  706.0  1.0
3.28  737.0  343.0  1.0
3.297  737.0  411.0  1.0
3.314  737.0  763.0  1.0
3.314  737.0  763.0  1.0
3.347  737.0  710.0  1.0
3.363  737.0  443.0  1.0
3.381  737.0  345.0  1.0
3.397  737.0  404.0  1.0
3.397  737.0  404.0  1.0
3.414  736.0  763.0  1.0
3.447  737.0  710.0  1.0
3.464  737.0  447.0  1.0
3.48  737.0  346.0  1.0
3.48  737.0  346.0  1.0
3.514  736.0  762.0  1.0
3.53  737.0  916.0  1.0
3.547  736.0  712.0  2.0
3.563  737.0  446.0  1.0
3.563  737.0  446.0  1.0
3.597  737.0  404.0  1.0
3.613  737.0  758.0  1.0
3.63  737.0  919.0  1.0
3.63  737.0  919.0  1.0
3.647  737.0  711.0  2.0
3.68  737.0  346.0  1.0
3.696  737.0  401.0  1.0
3.714  737.0  758.0  1.0
3.714  737.0  758.0  1.0
3.746  737.0  715.0  1.0
3.763  737.0  448.0  1.0
3.78  737.0  345.0  1.0
3.796  737.0  398.0  1.0
3.796  737.0  398.0  1.0
3.829  736.0  918.0  1.0
3.847  737.0  718.0  1.0
3.863  737.0  449.0  1.0
3.879  737.0  344.0  1.0
3.879  737.0  344.0  1.0
3.913  737.0  753.0  1.0
3.93  736.0  917.0  1.0
3.946  737.0  720.0  1.0
3.946  737.0  720.0  1.0
3.962  737.0  449.0  1.0
3.996  736.0  392.0  1.0
4.013  737.0  752.0  1.0
4.029  737.0  919.0  1.0
4.029  737.0  919.0  1.0
4.063  737.0  450.0  2.0
4.079  737.0  345.0  1.0
4.096  737.0  390.0  1.0
4.113  737.0  751.0  1.0
4.113  737.0  751.0  1.0
4.146  737.0  726.0  1.0
4.162  737.0  450.0  2.0
4.179  737.0  347.0  1.0
4.196  737.0  389.0  1.0
4.196  737.0  389.0  1.0
4.229  737.0  921.0  1.0
4.246  737.0  728.0  1.0
4.262  737.0  452.0  1.0
4.262  737.0  452.0  1.0
4.295  737.0  388.0  1.0
4.313  736.0  747.0  1.0
