102.638  590.0  -195.0  0.0
102.638  590.0  -195.0  0.0
102.638  590.0  -195.0  0.0
102.638  590.0  -195.0  0.0
102.638  590.0  -195.0  0.0
102.638  590.0  -195.0  0.0
102.638  590.0  -195.0  0.0
102.638  590.0  -195.0  0.0
102.638  590.0  -195.0  0.0
102.638  590.0  -195.0  0.0
102.638  590.0  -195.0  0.0
102.638  590.0  -195.0  0.0
102.638  590.0  -195.0  0.0
102.638  590.0  -195.0  0.0
102.638  590.0  -195.0  0.0
102.638  590.0  -195.0  0.0
102.638  590.0  -195.0  0.0
102.638  590.0  -195.0  0.0
102.638  590.0  -195.0  0.0
102.638  590.0  -195.0  0.0
102.638  590.0  -195.0  0.0
102.638  590.0  -195.0  0.0
102.638  590.0  -195.0  0.0
102.638  590.0  -195.0  0.0
102.638  590.0  -195.0  0.0
102.638  590.0  -195.0  0.0
102.638  590.0  -195.0  0.0
102.638  590.0  -195.0  0.0
102.638  590.0  -195.0  0.0
102.638  590.0  -195.0  0.0
102.638  590.0  -195.0  0.0
102.638  590.0  -195.0  0.0
102.638  590.0  -195.0  0.0
102.638  590.0  -195.0  0.0
102.638  590.0  -195.0  0.0
102.638  590.0  -195.0  0.0
102.638  590.0  -195.0  0.0
102.638  590.0  -195.0  0.0
102.638  590.0  -195.0  0.0
102.638  590.0  -195.0  0.0
102.638  590.0  -195.0  0.0
102.638  590.0  -195.0  0.0
102.638  590.0  -195.0  0.0
102.638  590.0  -195.0  0.0
102.638  590.0  -195.0  0.0
102.638  590.0  -195.0  0.0
0.0  590.0  35360.0  35.0
0.0020  590.0  -195.0  0.0
0.0040  589.0  -195.0  0.0
0.0040  589.0  -195.0  0.0
0.0040  590.0  -195.0  0.0
0.029  590.0  -195.0  0.0
0.044  590.0  -196.0  0.0
0.057  590.0  -195.0  0.0
0.07  590.0  -195.0  0.0
0.083  590.0  -197.0  0.0
0.111  590.0  -195.0  0.0
0.125  589.0  -196.0  0.0
0.125  589.0  -196.0  0.0
0.154  590.0  -195.0  0.0
0.168  590.0  -195.0  0.0
0.198  590.0  -195.0  0.0
0.198  590.0  -195.0  0.0
0.212  590.0  -195.0  0.0
0.242  589.0  -195.0  0.0
0.257  590.0  -195.0  0.0
0.285  590.0  -196.0  0.0
0.285  590.0  -196.0  0.0
0.3  590.0  -195.0  0.0
0.329  590.0  -195.0  0.0
0.344  590.0  -196.0  0.0
0.358  590.0  -195.0  0.0
0.358  590.0  -195.0  0.0
0.388  590.0  -195.0  0.0
0.402  590.0  -195.0  0.0
0.431  590.0  -195.0  0.0
0.431  590.0  -195.0  0.0
0.446  590.0  -196.0  0.0
0.475  590.0  -195.0  0.0
0.489  589.0  -196.0  0.0
0.519  589.0  -196.0  0.0
0.519  589.0  -196.0  0.0
0.533  590.0  -195.0  0.0
0.562  589.0  -196.0  0.0
0.577  590.0  -195.0  0.0
0.577  590.0  -195.0  0.0
0.606  589.0  -195.0  0.0
0.62  590.0  -196.0  0.0
0.634  590.0  -195.0  0.0
0.664  590.0  -196.0  0.0
0.664  590.0  -196.0  0.0
0.678  589.0  -195.0  0.0
0.708  590.0  -195.0  0.0
0.722  590.0  -196.0  0.0
0.722  590.0  -196.0  0.0
0.751  590.0  -196.0  0.0
0.781  590.0  -196.0  0.0
0.795  590.0  -195.0  0.0
0.795  590.0  -195.0  0.0
0.824  590.0  -195.0  0.0
0.882  590.0  -196.0  0.0
0.882  590.0  -196.0  0.0
0.912  590.0  -195.0  0.0
0.926  590.0  -195.0  0.0
0.955  590.0  -195.0  0.0
0.97  590.0  -195.0  0.0
0.97  590.0  -195.0  0.0
0.985  590.0  -196.0  0.0
1.013  590.0  -195.0  0.0
1.029  590.0  -195.0  0.0
1.045  590.0  -195.0  0.0
1.045  590.0  -195.0  0.0
1.076  590.0  -195.0  0.0
1.091  590.0  -195.0  0.0
1.123  590.0  -195.0  0.0
1.138  590.0  -195.0  0.0
1.138  590.0  -195.0  0.0
1.154  589.0  -195.0  0.0
1.17  590.0  -195.0  0.0
1.201  590.0  -195.0  0.0
1.201  590.0  -195.0  0.0
1.216  590.0  -195.0  0.0
1.248  590.0  -195.0  0.0
1.263  590.0  -196.0  0.0
1.263  590.0  -196.0  0.0
1.294  590.0  -195.0  0.0
1.31  589.0  -195.0  0.0
1.326  589.0  -195.0  0.0
1.356  590.0  -196.0  0.0
1.356  590.0  -196.0  0.0
1.373  590.0  -195.0  0.0
1.388  590.0  -195.0  0.0
1.419  590.0  -195.0  0.0
1.434  590.0  -195.0  0.0
1.434  590.0  -195.0  0.0
1.466  589.0  -195.0  0.0
1.481  590.0  -195.0  0.0
1.497  590.0  -195.0  0.0
1.497  590.0  -195.0  0.0
1.528  589.0  -195.0  0.0
1.544  590.0  -195.0  0.0
1.559  590.0  -196.0  0.0
1.591  590.0  -195.0  0.0
1.591  590.0  -195.0  0.0
1.606  590.0  -195.0  0.0
1.638  590.0  -195.0  0.0
1.653  589.0  -195.0  0.0
1.653  589.0  -195.0  0.0
1.669  590.0  -195.0  0.0
1.699  590.0  -195.0  0.0
1.716  590.0  -195.0  0.0
1.731  590.0  -195.0  0.0
1.731  590.0  -195.0  0.0
1.762  590.0  -196.0  0.0
1.778  590.0  -195.0  0.0
1.794  589.0  -195.0  0.0
1.794  589.0  -195.0  0.0
1.824  590.0  -195.0  0.0
1.841  590.0  -196.0  0.0
1.856  590.0  -195.0  0.0
1.887  590.0  -195.0  0.0
1.887  590.0  -195.0  0.0
1.903  589.0  -195.0  0.0
1.934  539.0  -196.0  0.0
1.949  501.0  -196.0  0.0
1.965  466.0  -195.0  0.0
1.965  466.0  -195.0  0.0
1.996  394.0  -199.0  0.0
2.012  366.0  -197.0  0.0
2.027  336.0  -192.0  0.0
2.043  312.0  -195.0  0.0
2.059  287.0  -195.0  0.0
2.074  272.0  -197.0  0.0
2.106  248.0  -197.0  0.0
2.121  246.0  -197.0  0.0
2.121  246.0  -197.0  0.0
2.137  245.0  -198.0  0.0
2.152  245.0  -195.0  0.0
2.184  244.0  -195.0  0.0
2.199  257.0  -195.0  0.0
2.199  257.0  -195.0  0.0
2.23  306.0  -195.0  0.0
2.246  335.0  -196.0  0.0
2.262  367.0  -196.0  0.0
2.292  445.0  -197.0  0.0
2.292  445.0  -197.0  0.0
2.309  486.0  -198.0  0.0
2.324  532.0  -205.0  0.0
2.355  627.0  -202.0  0.0
2.355  627.0  -202.0  0.0
2.371  678.0  -205.0  0.0
2.386  727.0  -206.0  0.0
2.417  817.0  -208.0  0.0
2.433  860.0  -209.0  0.0
2.433  860.0  -209.0  0.0
2.464  930.0  -210.0  0.0
2.48  962.0  -211.0  0.0
2.495  983.0  -211.0  0.0
2.512  1004.0  -211.0  0.0
2.512  1004.0  -211.0  0.0
2.545  1023.0  -211.0  0.0
2.562  1023.0  -212.0  0.0
2.579  1023.0  -210.0  0.0
2.612  1022.0  -208.0  0.0
2.612  1022.0  -208.0  0.0
2.627  994.0  -204.0  0.0
2.643  961.0  -199.0  0.0
2.674  886.0  -202.0  0.0
2.69  843.0  -201.0  0.0
2.69  843.0  -201.0  0.0
2.706  800.0  -198.0  0.0
2.737  702.0  -196.0  0.0
2.752  652.0  -196.0  0.0
2.768  603.0  -198.0  0.0
2.768  603.0  -198.0  0.0
2.799  512.0  -197.0  0.0
2.814  472.0  -195.0  0.0
2.83  430.0  -195.0  0.0
2.862  364.0  -198.0  0.0
2.862  364.0  -198.0  0.0
2.877  334.0  -195.0  0.0
2.892  310.0  -201.0  0.0
2.924  272.0  -192.0  0.0
2.939  258.0  -197.0  0.0
2.939  258.0  -197.0  0.0
2.955  249.0  -199.0  0.0
2.987  246.0  -202.0  0.0
3.002  245.0  -202.0  0.0
3.002  245.0  -202.0  0.0
3.017  245.0  -203.0  0.0
3.049  253.0  -198.0  0.0
3.064  281.0  -198.0  0.0
3.08  304.0  -198.0  0.0
3.08  304.0  -198.0  0.0
3.111  366.0  -198.0  0.0
3.127  404.0  -199.0  0.0
3.158  484.0  -200.0  0.0
3.174  532.0  -200.0  0.0
3.174  532.0  -200.0  0.0
3.189  576.0  -200.0  0.0
3.205  629.0  -202.0  0.0
3.236  728.0  -208.0  0.0
3.252  777.0  -207.0  0.0
3.252  777.0  -207.0  0.0
3.282  864.0  -209.0  0.0
3.298  902.0  -210.0  0.0
3.314  932.0  -210.0  0.0
3.345  986.0  -211.0  0.0
3.345  986.0  -211.0  0.0
3.361  1005.0  -211.0  0.0
3.379  1019.0  -211.0  0.0
3.395  1023.0  -211.0  0.0
3.428  1023.0  -211.0  0.0
3.428  1023.0  -211.0  0.0
3.445  1023.0  -211.0  0.0
3.462  1021.0  -209.0  0.0
3.492  959.0  -198.0  0.0
3.492  959.0  -198.0  0.0
3.509  924.0  -205.0  0.0
3.524  884.0  -201.0  0.0
3.555  795.0  -196.0  0.0
3.571  745.0  -196.0  0.0
3.571  745.0  -196.0  0.0
3.587  691.0  -196.0  0.0
3.617  593.0  -196.0  0.0
3.634  547.0  -197.0  0.0
3.649  502.0  -197.0  0.0
3.649  502.0  -197.0  0.0
3.68  422.0  -197.0  0.0
3.695  387.0  -198.0  0.0
3.727  330.0  -195.0  0.0
3.742  307.0  -196.0  0.0
3.742  307.0  -196.0  0.0
3.758  284.0  -198.0  0.0
3.789  255.0  -200.0  0.0
3.805  248.0  -200.0  0.0
3.805  248.0  -200.0  0.0
3.82  245.0  -203.0  0.0
3.852  244.0  -199.0  0.0
3.867  244.0  -199.0  0.0
3.867  244.0  -199.0  0.0
3.898  261.0  -198.0  0.0
3.914  287.0  -198.0  0.0
3.945  342.0  -197.0  0.0
3.945  342.0  -197.0  0.0
3.96  378.0  -196.0  0.0
3.977  414.0  -199.0  0.0
3.992  457.0  -199.0  0.0
4.023  544.0  -200.0  0.0
4.023  544.0  -200.0  0.0
4.039  592.0  -203.0  0.0
4.07  693.0  -206.0  0.0
4.085  742.0  -207.0  0.0
4.102  789.0  -207.0  0.0
4.102  789.0  -207.0  0.0
4.132  874.0  -210.0  0.0
4.148  909.0  -210.0  0.0
4.163  939.0  -211.0  0.0
4.195  991.0  -207.0  0.0
4.195  991.0  -207.0  0.0
4.211  1008.0  -208.0  0.0
4.228  1021.0  -209.0  0.0
4.245  1023.0  -209.0  0.0
4.245  1023.0  -209.0  0.0
4.278  1023.0  -209.0  0.0
4.294  1023.0  -209.0  0.0
4.312  1013.0  -209.0  0.0
4.342  955.0  -199.0  0.0
4.342  955.0  -199.0  0.0
4.358  929.0  -204.0  0.0
4.374  906.0  -204.0  0.0
4.405  866.0  -199.0  0.0
4.42  851.0  -197.0  0.0
4.42  851.0  -197.0  0.0
4.452  836.0  -196.0  0.0
4.467  833.0  -196.0  0.0
4.483  833.0  -197.0  0.0
4.514  833.0  -198.0  0.0
4.514  833.0  -198.0  0.0
4.53  832.0  -198.0  0.0
4.545  832.0  -198.0  0.0
4.56  833.0  -198.0  0.0
4.592  832.0  -198.0  0.0
4.608  833.0  -198.0  0.0
4.608  833.0  -198.0  0.0
4.639  832.0  -198.0  0.0
4.655  833.0  -198.0  0.0
4.655  833.0  -198.0  0.0
4.67  833.0  -198.0  0.0
4.702  832.0  -198.0  0.0
4.717  833.0  -198.0  0.0
4.748  833.0  -198.0  0.0
4.748  833.0  -198.0  0.0
4.763  832.0  -198.0  0.0
4.78  833.0  -198.0  0.0
4.795  833.0  -198.0  0.0
4.826  833.0  -198.0  0.0
4.826  833.0  -198.0  0.0
4.842  833.0  -198.0  0.0
4.873  832.0  -197.0  0.0
4.888  832.0  -198.0  0.0
4.904  833.0  -198.0  0.0
4.904  833.0  -198.0  0.0
4.935  833.0  -198.0  0.0
4.951  832.0  -197.0  0.0
4.967  832.0  -198.0  0.0
4.967  832.0  -198.0  0.0
4.998  832.0  -198.0  0.0
5.013  833.0  -198.0  0.0
5.028  832.0  -198.0  0.0
5.06  833.0  -198.0  0.0
5.06  833.0  -198.0  0.0
5.075  833.0  -198.0  0.0
