149.996  93.0  37.0  0.0
149.996  93.0  37.0  0.0
149.996  93.0  37.0  0.0
149.996  93.0  37.0  0.0
149.996  93.0  37.0  0.0
149.996  93.0  37.0  0.0
149.996  93.0  37.0  0.0
149.996  93.0  37.0  0.0
149.996  93.0  37.0  0.0
149.996  93.0  37.0  0.0
149.996  93.0  37.0  0.0
149.996  93.0  37.0  0.0
149.996  93.0  37.0  0.0
149.996  93.0  37.0  0.0
149.996  93.0  37.0  0.0
149.996  93.0  37.0  0.0
149.996  93.0  37.0  0.0
149.996  93.0  37.0  0.0
149.996  93.0  37.0  0.0
149.996  93.0  37.0  0.0
149.996  93.0  37.0  0.0
149.996  93.0  37.0  0.0
149.996  93.0  37.0  0.0
149.996  93.0  37.0  0.0
149.996  93.0  37.0  0.0
149.996  93.0  37.0  0.0
149.996  93.0  37.0  0.0
149.996  93.0  37.0  0.0
149.996  93.0  37.0  0.0
149.996  93.0  37.0  0.0
149.996  93.0  37.0  0.0
149.996  93.0  37.0  0.0
149.996  93.0  37.0  0.0
149.996  93.0  37.0  0.0
149.996  93.0  37.0  0.0
149.996  93.0  37.0  0.0
149.996  93.0  37.0  0.0
149.996  93.0  37.0  0.0
149.996  93.0  37.0  0.0
149.996  93.0  37.0  0.0
149.996  93.0  37.0  0.0
149.996  93.0  37.0  0.0
149.996  93.0  37.0  0.0
149.996  93.0  37.0  0.0
0.323  93.0  37.0  0.0
0.323  93.0  37.0  0.0
0.0020  93.0  38.0  0.0
0.0040  93.0  37.0  0.0
0.0040  93.0  38.0  0.0
0.016  93.0  38.0  0.0
0.029  93.0  38.0  0.0
0.044  93.0  37.0  0.0
0.07  93.0  37.0  0.0
0.083  93.0  37.0  0.0
0.083  93.0  37.0  0.0
0.111  93.0  37.0  0.0
0.125  93.0  37.0  0.0
0.154  93.0  38.0  0.0
0.168  93.0  38.0  0.0
0.168  93.0  38.0  0.0
0.198  93.0  38.0  0.0
0.212  93.0  37.0  0.0
0.242  93.0  37.0  0.0
0.242  93.0  37.0  0.0
0.257  93.0  37.0  0.0
0.285  93.0  37.0  0.0
0.3  93.0  37.0  0.0
0.329  93.0  37.0  0.0
0.329  93.0  37.0  0.0
0.344  93.0  37.0  0.0
0.373  93.0  37.0  0.0
0.388  92.0  37.0  0.0
0.388  92.0  37.0  0.0
0.402  93.0  37.0  0.0
0.431  93.0  37.0  0.0
0.446  93.0  37.0  0.0
0.475  93.0  38.0  0.0
0.475  93.0  38.0  0.0
0.489  93.0  37.0  0.0
0.519  93.0  38.0  0.0
0.533  93.0  37.0  0.0
0.533  93.0  37.0  0.0
0.562  93.0  37.0  0.0
0.577  93.0  37.0  0.0
0.606  93.0  37.0  0.0
0.62  93.0  37.0  0.0
0.62  93.0  37.0  0.0
0.634  93.0  37.0  0.0
0.664  93.0  37.0  0.0
0.693  93.0  37.0  0.0
0.708  93.0  37.0  0.0
0.708  93.0  37.0  0.0
0.722  93.0  37.0  0.0
0.751  93.0  37.0  0.0
0.765  93.0  37.0  0.0
0.765  93.0  37.0  0.0
0.795  93.0  37.0  0.0
0.809  93.0  38.0  0.0
0.839  93.0  37.0  0.0
0.854  93.0  37.0  0.0
0.854  93.0  37.0  0.0
0.868  93.0  38.0  0.0
0.897  93.0  37.0  0.0
0.926  93.0  38.0  0.0
0.985  93.0  37.0  0.0
0.985  93.0  37.0  0.0
0.999  93.0  37.0  0.0
1.013  93.0  39.0  0.0
1.013  93.0  39.0  0.0
1.045  93.0  38.0  0.0
1.06  93.0  37.0  0.0
1.091  93.0  37.0  0.0
1.107  93.0  37.0  0.0
1.107  93.0  37.0  0.0
1.123  93.0  37.0  0.0
1.154  93.0  38.0  0.0
1.17  92.0  37.0  0.0
1.185  93.0  37.0  0.0
1.185  93.0  37.0  0.0
1.216  93.0  37.0  0.0
1.231  93.0  38.0  0.0
1.248  93.0  37.0  0.0
1.278  93.0  37.0  0.0
1.278  93.0  37.0  0.0
1.294  93.0  38.0  0.0
1.31  101.0  37.0  0.0
1.341  158.0  33.0  0.0
1.341  158.0  33.0  0.0
1.356  188.0  34.0  0.0
1.388  272.0  27.0  0.0
1.403  316.0  24.0  0.0
1.419  367.0  27.0  0.0
1.419  367.0  27.0  0.0
1.451  465.0  29.0  0.0
1.466  515.0  27.0  0.0
1.481  562.0  27.0  0.0
1.513  646.0  24.0  0.0
1.513  646.0  24.0  0.0
1.528  681.0  25.0  0.0
1.544  710.0  25.0  0.0
1.575  760.0  17.0  0.0
1.592  776.0  18.0  0.0
1.592  776.0  18.0  0.0
1.608  790.0  19.0  0.0
1.625  793.0  19.0  0.0
1.658  793.0  18.0  0.0
1.675  793.0  24.0  0.0
1.675  793.0  24.0  0.0
1.691  787.0  25.0  0.0
1.723  723.0  24.0  0.0
1.738  689.0  24.0  0.0
1.754  648.0  22.0  0.0
1.754  648.0  22.0  0.0
1.785  556.0  27.0  0.0
1.801  507.0  29.0  0.0
1.816  456.0  32.0  0.0
1.848  360.0  31.0  0.0
1.848  360.0  31.0  0.0
1.863  314.0  34.0  0.0
1.879  270.0  33.0  0.0
1.91  192.0  36.0  0.0
1.91  192.0  36.0  0.0
1.926  157.0  36.0  0.0
1.941  126.0  34.0  0.0
1.973  73.0  38.0  0.0
1.988  49.0  38.0  0.0
1.988  49.0  38.0  0.0
2.003  35.0  36.0  0.0
2.035  16.0  43.0  0.0
2.051  13.0  41.0  0.0
2.066  13.0  38.0  0.0
2.066  13.0  38.0  0.0
2.097  12.0  38.0  0.0
2.113  13.0  39.0  0.0
2.144  56.0  25.0  0.0
2.144  56.0  25.0  0.0
2.159  80.0  24.0  0.0
2.176  111.0  24.0  0.0
2.206  181.0  24.0  0.0
2.222  223.0  24.0  0.0
2.222  223.0  24.0  0.0
2.238  261.0  24.0  0.0
2.269  357.0  19.0  0.0
2.284  406.0  19.0  0.0
2.299  454.0  18.0  0.0
2.299  454.0  18.0  0.0
2.331  551.0  19.0  0.0
2.347  594.0  22.0  0.0
2.362  635.0  21.0  0.0
2.394  703.0  24.0  0.0
2.394  703.0  24.0  0.0
2.409  733.0  17.0  0.0
2.442  775.0  18.0  0.0
2.458  789.0  18.0  0.0
2.475  793.0  18.0  0.0
2.475  793.0  18.0  0.0
2.491  793.0  18.0  0.0
2.508  793.0  21.0  0.0
2.541  789.0  25.0  0.0
2.541  789.0  25.0  0.0
2.556  760.0  25.0  0.0
2.588  692.0  24.0  0.0
2.604  654.0  25.0  0.0
2.619  609.0  27.0  0.0
2.619  609.0  27.0  0.0
2.651  514.0  28.0  0.0
2.666  463.0  30.0  0.0
2.681  417.0  29.0  0.0
2.713  322.0  27.0  0.0
2.713  322.0  27.0  0.0
2.728  276.0  29.0  0.0
2.744  237.0  33.0  0.0
2.776  162.0  35.0  0.0
2.791  132.0  39.0  0.0
2.791  132.0  39.0  0.0
2.806  102.0  43.0  0.0
2.838  54.0  42.0  0.0
2.853  39.0  43.0  0.0
2.869  25.0  44.0  0.0
2.869  25.0  44.0  0.0
2.899  15.0  41.0  0.0
2.916  13.0  40.0  0.0
2.931  13.0  40.0  0.0
2.931  13.0  40.0  0.0
2.962  12.0  39.0  0.0
2.978  26.0  33.0  0.0
3.009  78.0  26.0  0.0
3.024  107.0  24.0  0.0
3.024  107.0  24.0  0.0
3.041  138.0  23.0  0.0
3.072  213.0  22.0  0.0
3.087  252.0  22.0  0.0
3.103  302.0  16.0  0.0
3.103  302.0  16.0  0.0
3.134  398.0  19.0  0.0
3.149  450.0  17.0  0.0
3.165  502.0  19.0  0.0
3.196  592.0  19.0  0.0
3.196  592.0  19.0  0.0
3.212  634.0  20.0  0.0
3.227  671.0  21.0  0.0
3.259  732.0  19.0  0.0
3.259  732.0  19.0  0.0
3.274  754.0  19.0  0.0
3.291  773.0  20.0  0.0
3.324  793.0  18.0  0.0
3.341  792.0  18.0  0.0
3.341  792.0  18.0  0.0
3.375  793.0  21.0  0.0
3.391  793.0  24.0  0.0
3.406  764.0  24.0  0.0
3.406  764.0  24.0  0.0
3.422  732.0  27.0  0.0
3.453  658.0  26.0  0.0
3.469  612.0  28.0  0.0
3.484  567.0  28.0  0.0
3.484  567.0  28.0  0.0
3.516  470.0  34.0  0.0
3.531  421.0  31.0  0.0
3.562  328.0  33.0  0.0
3.578  282.0  33.0  0.0
3.578  282.0  33.0  0.0
3.594  243.0  37.0  0.0
3.624  164.0  33.0  0.0
3.641  133.0  37.0  0.0
3.641  133.0  37.0  0.0
3.656  102.0  37.0  0.0
3.672  77.0  42.0  0.0
3.703  38.0  42.0  0.0
3.719  25.0  47.0  0.0
3.719  25.0  47.0  0.0
3.749  14.0  44.0  0.0
3.765  13.0  43.0  0.0
3.781  13.0  40.0  0.0
3.812  11.0  38.0  0.0
3.812  11.0  38.0  0.0
3.827  23.0  32.0  0.0
3.844  50.0  30.0  0.0
3.874  103.0  26.0  0.0
3.89  134.0  23.0  0.0
3.89  134.0  23.0  0.0
3.906  172.0  24.0  0.0
3.937  250.0  25.0  0.0
3.952  300.0  18.0  0.0
3.969  345.0  18.0  0.0
3.969  345.0  18.0  0.0
3.999  446.0  17.0  0.0
4.015  498.0  18.0  0.0
4.046  586.0  20.0  0.0
4.046  586.0  20.0  0.0
4.062  629.0  18.0  0.0
4.077  665.0  23.0  0.0
4.109  730.0  21.0  0.0
4.124  753.0  19.0  0.0
4.124  753.0  19.0  0.0
4.141  772.0  18.0  0.0
4.157  786.0  18.0  0.0
4.191  793.0  20.0  0.0
4.207  793.0  23.0  0.0
4.207  793.0  23.0  0.0
4.224  793.0  24.0  0.0
4.256  768.0  27.0  0.0
4.272  737.0  27.0  0.0
4.287  702.0  23.0  0.0
4.287  702.0  23.0  0.0
4.319  618.0  28.0  0.0
4.334  571.0  31.0  0.0
4.349  522.0  32.0  0.0
4.381  421.0  25.0  0.0
4.381  421.0  25.0  0.0
4.397  371.0  26.0  0.0
4.412  326.0  29.0  0.0
4.444  240.0  32.0  0.0
4.459  200.0  34.0  0.0
4.459  200.0  34.0  0.0
4.474  163.0  35.0  0.0
4.506  105.0  40.0  0.0
4.521  80.0  42.0  0.0
4.521  80.0  42.0  0.0
4.537  57.0  40.0  0.0
4.569  26.0  41.0  0.0
4.584  18.0  40.0  0.0
4.615  13.0  37.0  0.0
4.615  13.0  37.0  0.0
4.63  12.0  38.0  0.0
4.646  12.0  37.0  0.0
4.677  24.0  30.0  0.0
4.692  51.0  24.0  0.0
4.692  51.0  24.0  0.0
4.709  74.0  24.0  0.0
4.74  134.0  25.0  0.0
4.755  172.0  27.0  0.0
4.771  210.0  25.0  0.0
4.771  210.0  25.0  0.0
4.787  250.0  26.0  0.0
4.817  345.0  17.0  0.0
4.834  395.0  21.0  0.0
4.834  395.0  21.0  0.0
4.865  496.0  17.0  0.0
4.88  541.0  19.0  0.0
4.895  584.0  22.0  0.0
4.927  665.0  21.0  0.0
4.942  695.0  20.0  0.0
4.942  695.0  20.0  0.0
4.958  727.0  20.0  0.0
4.99  770.0  17.0  0.0
5.007  784.0  18.0  0.0
5.007  784.0  18.0  0.0
5.023  793.0  17.0  0.0
5.041  793.0  18.0  0.0
5.073  793.0  22.0  0.0
5.09  793.0  24.0  0.0
5.09  793.0  24.0  0.0
5.106  769.0  22.0  0.0
5.137  703.0  23.0  0.0
5.152  663.0  22.0  0.0
5.169  618.0  25.0  0.0
5.169  618.0  25.0  0.0
5.199  526.0  28.0  0.0
5.215  477.0  29.0  0.0
5.246  380.0  30.0  0.0
5.262  336.0  31.0  0.0
5.262  336.0  31.0  0.0
5.277  291.0  28.0  0.0
5.309  210.0  31.0  0.0
5.324  171.0  33.0  0.0
5.34  139.0  36.0  0.0
5.34  139.0  36.0  0.0
5.355  109.0  39.0  0.0
5.387  59.0  36.0  0.0
5.402  41.0  43.0  0.0
5.434  17.0  39.0  0.0
5.434  17.0  39.0  0.0
5.449  14.0  43.0  0.0
5.465  13.0  44.0  0.0
5.495  12.0  38.0  0.0
5.495  12.0  38.0  0.0
5.512  12.0  37.0  0.0
5.527  21.0  32.0  0.0
5.558  70.0  24.0  0.0
5.574  98.0  24.0  0.0
5.574  98.0  24.0  0.0
5.59  128.0  23.0  0.0
5.62  202.0  23.0  0.0
5.637  242.0  23.0  0.0
5.652  288.0  22.0  0.0
5.652  288.0  22.0  0.0
5.683  387.0  18.0  0.0
5.699  434.0  18.0  0.0
5.73  531.0  18.0  0.0
5.745  574.0  16.0  0.0
5.745  574.0  16.0  0.0
5.761  619.0  17.0  0.0
5.792  691.0  19.0  0.0
5.808  723.0  19.0  0.0
5.808  723.0  19.0  0.0
5.823  749.0  19.0  0.0
5.856  783.0  18.0  0.0
5.872  793.0  18.0  0.0
5.889  793.0  19.0  0.0
5.889  793.0  19.0  0.0
5.906  793.0  22.0  0.0
5.939  793.0  23.0  0.0
5.955  774.0  23.0  0.0
5.971  743.0  23.0  0.0
5.971  743.0  23.0  0.0
6.002  669.0  24.0  0.0
6.018  627.0  27.0  0.0
6.034  581.0  32.0  0.0
6.065  482.0  31.0  0.0
6.065  482.0  31.0  0.0
6.08  434.0  26.0  0.0
6.112  339.0  33.0  0.0
6.127  291.0  33.0  0.0
6.127  291.0  33.0  0.0
6.142  248.0  35.0  0.0
6.158  210.0  37.0  0.0
6.19  142.0  39.0  0.0
6.205  111.0  41.0  0.0
6.205  111.0  41.0  0.0
6.22  86.0  44.0  0.0
6.252  44.0  38.0  0.0
6.267  30.0  38.0  0.0
6.299  16.0  43.0  0.0
6.299  16.0  43.0  0.0
6.315  14.0  43.0  0.0
6.33  13.0  38.0  0.0
6.361  12.0  35.0  0.0
6.377  19.0  31.0  0.0
6.377  19.0  31.0  0.0
6.392  45.0  31.0  0.0
6.423  96.0  25.0  0.0
6.439  125.0  24.0  0.0
6.439  125.0  24.0  0.0
6.455  165.0  24.0  0.0
6.486  243.0  24.0  0.0
6.502  287.0  19.0  0.0
6.533  387.0  19.0  0.0
6.533  387.0  19.0  0.0
6.548  438.0  19.0  0.0
6.564  488.0  21.0  0.0
6.595  581.0  19.0  0.0
6.61  624.0  18.0  0.0
6.61  624.0  18.0  0.0
6.626  661.0  23.0  0.0
6.658  725.0  22.0  0.0
6.673  749.0  23.0  0.0
6.673  749.0  23.0  0.0
6.688  769.0  18.0  0.0
6.722  793.0  18.0  0.0
6.738  793.0  23.0  0.0
6.755  793.0  23.0  0.0
6.755  793.0  23.0  0.0
6.772  793.0  20.0  0.0
6.805  774.0  23.0  0.0
6.82  743.0  25.0  0.0
6.837  706.0  23.0  0.0
6.837  706.0  23.0  0.0
6.867  622.0  28.0  0.0
6.883  576.0  27.0  0.0
6.915  477.0  31.0  0.0
6.93  430.0  30.0  0.0
6.93  430.0  30.0  0.0
6.945  380.0  31.0  0.0
6.962  335.0  33.0  0.0
6.992  246.0  32.0  0.0
6.992  246.0  32.0  0.0
7.008  207.0  32.0  0.0
7.04  139.0  37.0  0.0
7.055  109.0  37.0  0.0
7.07  82.0  42.0  0.0
7.07  82.0  42.0  0.0
7.102  41.0  37.0  0.0
7.117  28.0  36.0  0.0
7.133  18.0  37.0  0.0
7.164  13.0  34.0  0.0
7.164  13.0  34.0  0.0
7.18  13.0  36.0  0.0
7.195  12.0  39.0  0.0
7.226  22.0  30.0  0.0
7.242  48.0  27.0  0.0
7.242  48.0  27.0  0.0
7.258  71.0  25.0  0.0
7.288  131.0  22.0  0.0
7.305  168.0  21.0  0.0
7.32  204.0  23.0  0.0
7.335  247.0  20.0  0.0
7.351  294.0  18.0  0.0
7.367  344.0  18.0  0.0
7.398  442.0  17.0  0.0
7.398  442.0  17.0  0.0
7.413  490.0  17.0  0.0
7.43  537.0  17.0  0.0
7.46  623.0  17.0  0.0
7.476  660.0  22.0  0.0
7.476  660.0  22.0  0.0
7.491  692.0  20.0  0.0
7.523  749.0  20.0  0.0
7.538  769.0  17.0  0.0
7.555  783.0  18.0  0.0
7.555  783.0  18.0  0.0
7.588  793.0  19.0  0.0
7.605  793.0  20.0  0.0
7.621  793.0  24.0  0.0
7.621  793.0  24.0  0.0
7.655  772.0  24.0  0.0
7.67  741.0  28.0  0.0
7.686  704.0  24.0  0.0
7.717  621.0  27.0  0.0
7.717  621.0  27.0  0.0
7.733  576.0  27.0  0.0
7.748  529.0  26.0  0.0
7.764  478.0  31.0  0.0
7.795  383.0  30.0  0.0
7.795  383.0  30.0  0.0
7.811  336.0  32.0  0.0
7.842  247.0  31.0  0.0
7.858  209.0  30.0  0.0
7.873  169.0  37.0  0.0
7.873  169.0  37.0  0.0
7.905  109.0  37.0  0.0
7.92  84.0  37.0  0.0
7.951  43.0  43.0  0.0
7.951  43.0  43.0  0.0
7.967  30.0  37.0  0.0
7.983  18.0  35.0  0.0
7.998  15.0  42.0  0.0
8.03  13.0  34.0  0.0
8.03  13.0  34.0  0.0
8.045  12.0  33.0  0.0
8.076  20.0  31.0  0.0
8.091  46.0  28.0  0.0
8.091  46.0  28.0  0.0
8.108  71.0  26.0  0.0
8.138  129.0  23.0  0.0
8.154  166.0  24.0  0.0
8.17  200.0  24.0  0.0
8.17  200.0  24.0  0.0
8.201  290.0  17.0  0.0
8.216  338.0  17.0  0.0
8.248  434.0  16.0  0.0
8.248  434.0  16.0  0.0
8.263  484.0  17.0  0.0
8.279  532.0  18.0  0.0
8.31  619.0  17.0  0.0
8.326  658.0  22.0  0.0
8.326  658.0  22.0  0.0
8.341  691.0  19.0  0.0
8.373  749.0  19.0  0.0
8.388  768.0  15.0  0.0
8.404  782.0  17.0  0.0
8.404  782.0  17.0  0.0
8.438  793.0  17.0  0.0
8.455  793.0  24.0  0.0
8.471  793.0  22.0  0.0
8.487  793.0  25.0  0.0
8.487  793.0  25.0  0.0
8.52  745.0  19.0  0.0
8.536  708.0  20.0  0.0
8.551  670.0  21.0  0.0
8.551  670.0  21.0  0.0
8.583  581.0  26.0  0.0
8.598  534.0  26.0  0.0
8.613  485.0  28.0  0.0
8.645  387.0  23.0  0.0
8.645  387.0  23.0  0.0
8.66  341.0  32.0  0.0
8.692  252.0  35.0  0.0
8.708  215.0  33.0  0.0
8.723  176.0  36.0  0.0
8.723  176.0  36.0  0.0
8.754  114.0  36.0  0.0
8.77  88.0  34.0  0.0
8.785  65.0  32.0  0.0
8.816  30.0  35.0  0.0
8.816  30.0  35.0  0.0
8.833  19.0  32.0  0.0
8.848  15.0  33.0  0.0
8.879  13.0  35.0  0.0
8.879  13.0  35.0  0.0
8.895  12.0  37.0  0.0
8.91  12.0  31.0  0.0
8.941  43.0  29.0  0.0
8.956  67.0  28.0  0.0
8.973  93.0  24.0  0.0
8.973  93.0  24.0  0.0
9.004  160.0  22.0  0.0
9.019  193.0  21.0  0.0
9.035  238.0  20.0  0.0
9.066  329.0  19.0  0.0
9.066  329.0  19.0  0.0
9.081  380.0  19.0  0.0
9.098  428.0  19.0  0.0
9.128  527.0  20.0  0.0
9.128  527.0  20.0  0.0
9.144  569.0  18.0  0.0
9.16  613.0  20.0  0.0
9.191  687.0  22.0  0.0
9.206  719.0  21.0  0.0
9.206  719.0  21.0  0.0
9.222  745.0  18.0  0.0
9.254  781.0  18.0  0.0
9.271  793.0  19.0  0.0
9.287  793.0  23.0  0.0
9.287  793.0  23.0  0.0
9.305  793.0  20.0  0.0
9.337  793.0  27.0  0.0
9.354  780.0  28.0  0.0
9.37  749.0  21.0  0.0
9.37  749.0  21.0  0.0
9.401  674.0  22.0  0.0
9.416  632.0  24.0  0.0
9.433  589.0  26.0  0.0
9.463  494.0  28.0  0.0
9.463  494.0  28.0  0.0
9.479  445.0  23.0  0.0
9.51  346.0  30.0  0.0
9.526  300.0  30.0  0.0
9.541  256.0  31.0  0.0
9.541  256.0  31.0  0.0
9.573  177.0  31.0  0.0
9.588  145.0  32.0  0.0
9.604  115.0  35.0  0.0
9.604  115.0  35.0  0.0
9.619  90.0  37.0  0.0
9.651  47.0  41.0  0.0
9.666  34.0  36.0  0.0
9.698  16.0  40.0  0.0
9.713  14.0  39.0  0.0
9.713  14.0  39.0  0.0
9.729  13.0  30.0  0.0
9.76  12.0  32.0  0.0
9.776  15.0  31.0  0.0
9.776  15.0  31.0  0.0
9.791  37.0  32.0  0.0
9.822  89.0  21.0  0.0
9.838  119.0  23.0  0.0
9.853  156.0  23.0  0.0
9.853  156.0  23.0  0.0
9.884  236.0  20.0  0.0
9.901  279.0  17.0  0.0
9.916  326.0  19.0  0.0
9.947  425.0  17.0  0.0
9.947  425.0  17.0  0.0
9.963  475.0  17.0  0.0
9.978  523.0  18.0  0.0
10.009  611.0  17.0  0.0
10.009  611.0  17.0  0.0
10.027  654.0  19.0  0.0
10.043  690.0  23.0  0.0
10.076  750.0  20.0  0.0
10.094  770.0  16.0  0.0
10.094  770.0  16.0  0.0
10.112  786.0  17.0  0.0
10.129  793.0  17.0  0.0
10.146  793.0  19.0  0.0
10.182  793.0  25.0  0.0
10.182  793.0  25.0  0.0
10.2  788.0  26.0  0.0
10.216  756.0  18.0  0.0
10.233  718.0  24.0  0.0
10.266  633.0  23.0  0.0
10.266  633.0  23.0  0.0
10.283  585.0  24.0  0.0
10.3  534.0  23.0  0.0
10.316  480.0  28.0  0.0
10.316  480.0  28.0  0.0
10.349  375.0  29.0  0.0
10.366  327.0  28.0  0.0
10.383  278.0  29.0  0.0
10.416  193.0  30.0  0.0
10.416  193.0  30.0  0.0
10.433  156.0  27.0  0.0
10.449  123.0  32.0  0.0
10.466  96.0  36.0  0.0
10.5  48.0  33.0  0.0
10.5  48.0  33.0  0.0
10.516  31.0  32.0  0.0
10.532  20.0  34.0  0.0
10.549  15.0  37.0  0.0
10.583  13.0  35.0  0.0
10.583  13.0  35.0  0.0
10.599  12.0  33.0  0.0
10.615  12.0  30.0  0.0
10.633  26.0  33.0  0.0
10.633  26.0  33.0  0.0
10.665  79.0  26.0  0.0
10.682  112.0  22.0  0.0
10.699  150.0  21.0  0.0
10.716  189.0  25.0  0.0
10.716  189.0  25.0  0.0
10.748  282.0  16.0  0.0
10.766  331.0  17.0  0.0
10.782  384.0  18.0  0.0
10.815  489.0  18.0  0.0
10.815  489.0  18.0  0.0
10.832  538.0  18.0  0.0
10.849  584.0  18.0  0.0
10.865  631.0  21.0  0.0
10.865  671.0  23.0  0.0
10.899  703.0  23.0  0.0
10.915  736.0  19.0  0.0
10.932  761.0  18.0  0.0
10.949  778.0  22.0  0.0
10.949  778.0  22.0  0.0
10.985  793.0  17.0  0.0
11.002  793.0  19.0  0.0
11.02  793.0  20.0  0.0
11.038  793.0  26.0  0.0
11.038  793.0  26.0  0.0
11.056  773.0  21.0  0.0
11.089  701.0  21.0  0.0
11.106  657.0  23.0  0.0
11.106  657.0  23.0  0.0
11.122  611.0  22.0  0.0
11.156  513.0  25.0  0.0
11.172  459.0  22.0  0.0
11.189  408.0  27.0  0.0
11.189  408.0  27.0  0.0
11.205  356.0  25.0  0.0
11.239  260.0  29.0  0.0
11.255  220.0  29.0  0.0
11.272  176.0  30.0  0.0
11.272  176.0  30.0  0.0
11.289  143.0  31.0  0.0
11.322  84.0  34.0  0.0
11.338  59.0  33.0  0.0
11.338  59.0  33.0  0.0
11.356  41.0  36.0  0.0
11.388  17.0  38.0  0.0
11.405  14.0  37.0  0.0
11.422  13.0  29.0  0.0
11.422  13.0  29.0  0.0
11.439  13.0  30.0  0.0
11.471  16.0  31.0  0.0
11.489  40.0  30.0  0.0
11.505  66.0  22.0  0.0
11.505  66.0  22.0  0.0
11.538  125.0  22.0  0.0
11.555  167.0  22.0  0.0
11.572  205.0  23.0  0.0
11.572  205.0  23.0  0.0
11.588  248.0  24.0  0.0
11.622  350.0  18.0  0.0
11.638  403.0  19.0  0.0
11.655  455.0  18.0  0.0
11.655  455.0  18.0  0.0
11.688  557.0  18.0  0.0
11.705  603.0  18.0  0.0
11.721  649.0  23.0  0.0
11.738  686.0  22.0  0.0
11.738  686.0  22.0  0.0
11.771  747.0  19.0  0.0
11.788  768.0  15.0  0.0
11.805  783.0  14.0  0.0
11.805  783.0  14.0  0.0
11.824  793.0  14.0  0.0
11.841  793.0  19.0  0.0
11.876  793.0  22.0  0.0
11.894  793.0  28.0  0.0
11.894  793.0  28.0  0.0
11.911  764.0  21.0  0.0
11.943  690.0  22.0  0.0
11.961  647.0  25.0  0.0
11.977  599.0  23.0  0.0
11.977  599.0  23.0  0.0
11.994  550.0  26.0  0.0
12.01  496.0  25.0  0.0
12.044  391.0  25.0  0.0
12.06  341.0  27.0  0.0
12.06  341.0  27.0  0.0
12.077  290.0  27.0  0.0
12.11  203.0  29.0  0.0
12.127  164.0  29.0  0.0
12.143  132.0  31.0  0.0
12.143  132.0  31.0  0.0
12.161  101.0  33.0  0.0
12.193  51.0  32.0  0.0
12.21  36.0  27.0  0.0
12.227  23.0  37.0  0.0
12.227  23.0  37.0  0.0
12.243  16.0  43.0  0.0
12.276  13.0  28.0  0.0
12.294  13.0  28.0  0.0
12.294  13.0  28.0  0.0
12.31  12.0  30.0  0.0
12.326  18.0  30.0  0.0
12.36  70.0  22.0  0.0
12.377  100.0  21.0  0.0
12.377  100.0  21.0  0.0
12.393  134.0  22.0  0.0
12.427  218.0  21.0  0.0
12.443  260.0  22.0  0.0
12.46  312.0  17.0  0.0
12.46  312.0  17.0  0.0
12.476  363.0  17.0  0.0
12.51  469.0  17.0  0.0
12.526  522.0  17.0  0.0
12.526  522.0  17.0  0.0
12.542  569.0  17.0  0.0
12.56  618.0  17.0  0.0
12.593  694.0  23.0  0.0
12.609  728.0  22.0  0.0
12.609  728.0  22.0  0.0
12.626  753.0  19.0  0.0
12.644  773.0  14.0  0.0
12.661  787.0  14.0  0.0
12.697  793.0  15.0  0.0
12.697  793.0  15.0  0.0
12.715  793.0  19.0  0.0
12.732  793.0  22.0  0.0
12.749  786.0  25.0  0.0
12.783  715.0  20.0  0.0
12.8  674.0  19.0  0.0
12.8  674.0  19.0  0.0
12.816  631.0  21.0  0.0
12.833  582.0  24.0  0.0
12.85  531.0  24.0  0.0
12.85  531.0  24.0  0.0
12.882  425.0  20.0  0.0
12.9  371.0  23.0  0.0
12.916  322.0  27.0  0.0
12.949  232.0  29.0  0.0
12.949  232.0  29.0  0.0
12.966  190.0  30.0  0.0
12.983  153.0  30.0  0.0
12.999  122.0  34.0  0.0
13.033  69.0  30.0  0.0
13.033  69.0  30.0  0.0
13.049  46.0  33.0  0.0
13.066  31.0  33.0  0.0
13.1  15.0  37.0  0.0
13.1  15.0  37.0  0.0
13.116  13.0  37.0  0.0
13.132  12.0  30.0  0.0
13.149  12.0  29.0  0.0
13.149  12.0  29.0  0.0
13.182  26.0  31.0  0.0
13.199  54.0  22.0  0.0
13.215  80.0  22.0  0.0
13.249  155.0  22.0  0.0
13.249  155.0  22.0  0.0
13.265  192.0  21.0  0.0
13.282  237.0  19.0  0.0
13.316  334.0  17.0  0.0
13.332  388.0  18.0  0.0
13.332  388.0  18.0  0.0
13.348  439.0  17.0  0.0
13.366  491.0  17.0  0.0
13.382  541.0  17.0  0.0
13.415  634.0  18.0  0.0
13.415  634.0  18.0  0.0
13.432  674.0  22.0  0.0
13.449  706.0  21.0  0.0
13.481  762.0  21.0  0.0
13.481  762.0  21.0  0.0
13.5  778.0  24.0  0.0
13.517  793.0  19.0  0.0
13.535  793.0  19.0  0.0
13.553  793.0  16.0  0.0
13.553  793.0  16.0  0.0
13.571  793.0  18.0  0.0
13.604  769.0  22.0  0.0
13.622  736.0  24.0  0.0
13.638  699.0  21.0  0.0
13.638  699.0  21.0  0.0
13.671  609.0  23.0  0.0
13.688  560.0  25.0  0.0
13.705  507.0  25.0  0.0
13.721  455.0  23.0  0.0
13.721  455.0  23.0  0.0
13.755  351.0  24.0  0.0
13.771  301.0  23.0  0.0
13.788  255.0  28.0  0.0
13.804  216.0  28.0  0.0
13.804  216.0  28.0  0.0
13.838  140.0  29.0  0.0
13.854  108.0  32.0  0.0
13.871  81.0  36.0  0.0
13.871  81.0  36.0  0.0
13.888  56.0  34.0  0.0
13.921  24.0  32.0  0.0
13.937  17.0  33.0  0.0
13.955  13.0  33.0  0.0
13.955  13.0  33.0  0.0
13.987  12.0  30.0  0.0
14.004  11.0  30.0  0.0
14.021  17.0  29.0  0.0
14.038  42.0  28.0  0.0
14.038  42.0  28.0  0.0
14.054  68.0  22.0  0.0
14.088  133.0  22.0  0.0
14.104  173.0  20.0  0.0
14.12  214.0  21.0  0.0
14.12  214.0  21.0  0.0
14.154  308.0  16.0  0.0
14.171  359.0  16.0  0.0
14.187  412.0  16.0  0.0
14.221  519.0  16.0  0.0
14.221  519.0  16.0  0.0
14.237  566.0  17.0  0.0
14.254  613.0  17.0  0.0
14.27  655.0  18.0  0.0
14.27  655.0  18.0  0.0
14.304  725.0  19.0  0.0
14.32  752.0  17.0  0.0
14.338  772.0  15.0  0.0
14.356  788.0  15.0  0.0
14.356  788.0  15.0  0.0
14.373  793.0  15.0  0.0
14.408  793.0  21.0  0.0
14.427  793.0  18.0  0.0
14.444  784.0  26.0  0.0
14.444  784.0  26.0  0.0
14.46  753.0  22.0  0.0
14.477  715.0  20.0  0.0
14.511  633.0  23.0  0.0
14.527  585.0  23.0  0.0
14.527  585.0  23.0  0.0
14.543  533.0  24.0  0.0
14.577  428.0  19.0  0.0
14.594  375.0  22.0  0.0
14.61  326.0  28.0  0.0
14.61  326.0  28.0  0.0
14.627  277.0  28.0  0.0
14.644  236.0  28.0  0.0
14.676  155.0  29.0  0.0
14.694  123.0  32.0  0.0
14.694  123.0  32.0  0.0
14.71  94.0  34.0  0.0
14.743  46.0  31.0  0.0
14.76  31.0  27.0  0.0
14.76  31.0  27.0  0.0
14.777  19.0  34.0  0.0
14.81  14.0  38.0  0.0
14.827  13.0  30.0  0.0
14.827  13.0  30.0  0.0
14.843  12.0  32.0  0.0
14.876  27.0  33.0  0.0
14.894  54.0  30.0  0.0
14.894  54.0  30.0  0.0
14.91  80.0  22.0  0.0
14.943  152.0  21.0  0.0
14.96  187.0  21.0  0.0
14.977  234.0  20.0  0.0
14.977  234.0  20.0  0.0
14.993  279.0  17.0  0.0
15.027  383.0  17.0  0.0
15.043  433.0  17.0  0.0
15.043  433.0  17.0  0.0
15.059  488.0  18.0  0.0
15.076  540.0  18.0  0.0
15.11  633.0  17.0  0.0
15.126  668.0  22.0  0.0
15.126  668.0  22.0  0.0
15.142  694.0  21.0  0.0
15.16  715.0  22.0  0.0
15.193  739.0  16.0  0.0
15.209  745.0  15.0  0.0
15.209  745.0  15.0  0.0
15.226  747.0  15.0  0.0
15.243  748.0  18.0  0.0
15.276  748.0  17.0  0.0
15.293  748.0  19.0  0.0
15.309  748.0  18.0  0.0
15.309  748.0  18.0  0.0
15.326  748.0  16.0  0.0
15.36  748.0  16.0  0.0
15.376  748.0  16.0  0.0
15.376  748.0  16.0  0.0
15.392  748.0  16.0  0.0
15.426  749.0  15.0  0.0
15.442  748.0  16.0  0.0
15.459  748.0  16.0  0.0
15.459  748.0  16.0  0.0
15.475  748.0  16.0  0.0
15.509  748.0  16.0  0.0
15.525  748.0  16.0  0.0
15.542  748.0  16.0  0.0
15.542  748.0  16.0  0.0
15.559  748.0  16.0  0.0
15.592  748.0  16.0  0.0
15.608  748.0  16.0  0.0
15.626  748.0  16.0  0.0
15.626  748.0  16.0  0.0
15.659  748.0  16.0  0.0
15.675  748.0  17.0  0.0
15.692  749.0  17.0  0.0
15.692  749.0  17.0  0.0
15.709  748.0  16.0  0.0
15.725  748.0  16.0  0.0
15.759  748.0  16.0  0.0
15.775  748.0  17.0  0.0
15.775  748.0  17.0  0.0
15.792  747.0  16.0  0.0
15.825  749.0  16.0  0.0
15.842  748.0  16.0  0.0
15.858  748.0  16.0  0.0
15.858  748.0  16.0  0.0
15.892  748.0  16.0  0.0
15.908  749.0  16.0  0.0
15.925  748.0  16.0  0.0
15.925  748.0  16.0  0.0
15.941  748.0  16.0  0.0
15.975  748.0  17.0  0.0
15.991  749.0  17.0  0.0
16.008  748.0  16.0  0.0
16.008  748.0  16.0  0.0
16.025  747.0  16.0  0.0
16.058  748.0  16.0  0.0
16.074  748.0  17.0  0.0
16.092  749.0  17.0  0.0
16.092  749.0  17.0  0.0
16.108  748.0  16.0  0.0
16.141  749.0  16.0  0.0
16.158  748.0  17.0  0.0
16.175  748.0  17.0  0.0
16.175  748.0  17.0  0.0
16.207  748.0  16.0  0.0
16.225  748.0  16.0  0.0
16.241  748.0  16.0  0.0
16.258  749.0  16.0  0.0
16.258  749.0  16.0  0.0
16.291  748.0  16.0  0.0
16.308  748.0  16.0  0.0
16.324  748.0  16.0  0.0
16.324  748.0  16.0  0.0
16.34  748.0  17.0  0.0
16.374  748.0  17.0  0.0
16.391  749.0  17.0  0.0
16.407  748.0  16.0  0.0
16.407  748.0  16.0  0.0
16.441  748.0  16.0  0.0
16.457  747.0  17.0  0.0
16.474  748.0  17.0  0.0
16.474  748.0  17.0  0.0
16.507  748.0  16.0  0.0
16.524  748.0  16.0  0.0
16.54  747.0  17.0  0.0
16.558  748.0  17.0  0.0
16.558  748.0  17.0  0.0
16.574  748.0  16.0  0.0
16.607  749.0  16.0  0.0
16.624  748.0  16.0  0.0
16.624  748.0  16.0  0.0
16.641  747.0  17.0  0.0
16.673  747.0  17.0  0.0
16.691  748.0  17.0  0.0
16.691  748.0  17.0  0.0
16.723  748.0  16.0  0.0
16.74  748.0  17.0  0.0
16.757  748.0  16.0  0.0
16.757  748.0  16.0  0.0
16.774  749.0  17.0  0.0
16.806  748.0  16.0  0.0
16.824  748.0  16.0  0.0
16.824  748.0  16.0  0.0
16.84  748.0  17.0  0.0
16.873  748.0  17.0  0.0
16.89  748.0  17.0  0.0
16.89  748.0  17.0  0.0
16.907  748.0  17.0  0.0
16.94  749.0  16.0  0.0
16.957  747.0  17.0  0.0
16.973  748.0  21.0  0.0
16.973  748.0  21.0  0.0
17.006  748.0  22.0  0.0
17.024  749.0  21.0  0.0
17.04  748.0  21.0  0.0
17.04  748.0  21.0  0.0
17.056  748.0  21.0  0.0
17.09  747.0  19.0  0.0
17.106  748.0  22.0  0.0
17.123  748.0  22.0  0.0
17.123  748.0  22.0  0.0
17.157  748.0  21.0  0.0
17.173  749.0  21.0  0.0
17.189  748.0  22.0  0.0
17.189  748.0  22.0  0.0
17.223  748.0  22.0  0.0
17.24  748.0  24.0  0.0
17.256  748.0  27.0  0.0
17.256  748.0  27.0  0.0
17.29  748.0  24.0  0.0
17.306  749.0  24.0  0.0
17.323  748.0  28.0  0.0
17.339  748.0  29.0  0.0
17.339  748.0  29.0  0.0
17.373  748.0  54.0  0.0
17.389  748.0  57.0  0.0
17.405  748.0  57.0  0.0
17.423  748.0  58.0  0.0
17.423  748.0  58.0  0.0
17.456  749.0  59.0  0.0
17.472  748.0  56.0  0.0
17.489  748.0  53.0  0.0
17.489  748.0  53.0  0.0
17.522  748.0  52.0  0.0
17.539  748.0  59.0  0.0
17.556  747.0  64.0  0.0
17.572  748.0  58.0  0.0
17.572  748.0  58.0  0.0
17.605  748.0  65.0  0.0
17.623  748.0  65.0  0.0
17.639  748.0  67.0  0.0
17.639  748.0  67.0  0.0
17.655  748.0  67.0  0.0
17.689  748.0  69.0  0.0
17.705  748.0  75.0  0.0
17.722  748.0  77.0  0.0
17.722  748.0  77.0  0.0
17.756  748.0  73.0  0.0
17.772  748.0  71.0  0.0
17.788  749.0  70.0  0.0
17.805  748.0  69.0  0.0
17.805  748.0  69.0  0.0
17.839  748.0  71.0  0.0
17.855  747.0  71.0  0.0
17.871  748.0  71.0  1.0
17.889  749.0  72.0  0.0
17.889  749.0  72.0  0.0
17.922  749.0  70.0  0.0
17.938  748.0  57.0  0.0
17.955  748.0  52.0  0.0
17.972  748.0  50.0  0.0
17.972  748.0  50.0  0.0
18.004  747.0  39.0  0.0
18.022  748.0  39.0  0.0
18.038  747.0  39.0  0.0
18.038  747.0  39.0  0.0
18.071  748.0  38.0  0.0
18.088  748.0  38.0  0.0
18.105  748.0  39.0  0.0
18.121  748.0  39.0  0.0
18.138  748.0  38.0  0.0
18.138  748.0  38.0  0.0
18.171  748.0  37.0  0.0
18.188  748.0  38.0  0.0
18.204  747.0  40.0  0.0
18.204  747.0  40.0  0.0
18.238  748.0  34.0  0.0
18.254  747.0  34.0  0.0
18.271  748.0  34.0  0.0
18.288  748.0  35.0  0.0
18.288  748.0  35.0  0.0
18.321  748.0  35.0  0.0
18.337  748.0  35.0  0.0
18.355  748.0  34.0  0.0
18.371  748.0  35.0  0.0
18.371  748.0  35.0  0.0
18.404  748.0  35.0  0.0
18.421  748.0  34.0  0.0
18.438  748.0  34.0  0.0
18.454  748.0  34.0  0.0
18.454  748.0  34.0  0.0
18.488  748.0  35.0  0.0
18.504  748.0  34.0  0.0
18.521  748.0  35.0  0.0
18.521  748.0  35.0  0.0
18.554  748.0  30.0  0.0
18.571  748.0  30.0  0.0
18.587  748.0  31.0  0.0
18.587  748.0  31.0  0.0
18.621  747.0  32.0  0.0
18.637  748.0  35.0  0.0
18.654  749.0  40.0  0.0
18.654  749.0  40.0  0.0
18.688  748.0  45.0  0.0
18.704  749.0  42.0  0.0
18.72  748.0  41.0  0.0
18.72  748.0  41.0  0.0
18.754  748.0  42.0  0.0
18.77  749.0  45.0  0.0
18.787  748.0  42.0  0.0
18.787  748.0  42.0  0.0
18.821  748.0  41.0  0.0
18.837  748.0  35.0  0.0
18.853  749.0  41.0  0.0
18.853  749.0  41.0  0.0
18.887  747.0  42.0  0.0
18.904  748.0  42.0  0.0
18.92  748.0  42.0  0.0
18.92  748.0  42.0  0.0
18.954  748.0  46.0  0.0
18.97  748.0  45.0  0.0
18.987  748.0  51.0  0.0
18.987  748.0  51.0  0.0
19.02  749.0  50.0  0.0
19.037  748.0  46.0  0.0
19.053  748.0  47.0  0.0
19.087  749.0  54.0  0.0
19.087  749.0  54.0  0.0
19.103  748.0  52.0  0.0
19.12  749.0  53.0  0.0
19.153  748.0  47.0  0.0
19.17  749.0  47.0  0.0
19.17  749.0  47.0  0.0
19.186  748.0  52.0  0.0
19.203  748.0  52.0  0.0
19.22  748.0  52.0  0.0
19.22  748.0  52.0  0.0
19.253  747.0  52.0  0.0
19.269  749.0  52.0  0.0
19.287  748.0  47.0  0.0
19.319  748.0  46.0  0.0
19.336  748.0  50.0  0.0
19.336  748.0  50.0  0.0
19.353  748.0  48.0  0.0
19.369  748.0  47.0  1.0
19.369  748.0  47.0  1.0
19.402  748.0  47.0  0.0
19.42  748.0  53.0  0.0
19.436  748.0  55.0  0.0
19.452  748.0  57.0  0.0
19.452  748.0  57.0  0.0
19.486  747.0  55.0  0.0
19.503  748.0  60.0  0.0
19.519  748.0  60.0  0.0
19.553  748.0  62.0  0.0
19.553  748.0  62.0  0.0
19.569  748.0  60.0  0.0
19.586  747.0  64.0  0.0
19.602  748.0  67.0  0.0
19.636  748.0  71.0  0.0
19.636  748.0  71.0  0.0
19.652  748.0  69.0  1.0
19.668  748.0  71.0  1.0
19.702  749.0  51.0  0.0
19.702  749.0  51.0  0.0
19.719  748.0  51.0  0.0
19.735  748.0  55.0  0.0
19.752  748.0  49.0  1.0
19.769  748.0  47.0  1.0
19.769  748.0  47.0  1.0
19.802  749.0  51.0  0.0
19.819  748.0  52.0  0.0
19.835  748.0  52.0  0.0
19.868  749.0  43.0  0.0
19.868  749.0  43.0  0.0
19.886  748.0  41.0  0.0
19.902  748.0  43.0  0.0
19.918  749.0  41.0  0.0
19.952  747.0  38.0  1.0
19.952  747.0  38.0  1.0
19.969  748.0  37.0  0.0
19.985  748.0  37.0  0.0
20.001  748.0  37.0  0.0
20.035  748.0  27.0  0.0
20.035  748.0  27.0  0.0
20.051  748.0  22.0  0.0
20.068  748.0  25.0  0.0
20.102  748.0  49.0  0.0
20.102  748.0  49.0  0.0
20.118  748.0  50.0  0.0
20.134  748.0  36.0  0.0
20.152  748.0  27.0  0.0
20.185  749.0  40.0  0.0
20.185  749.0  40.0  0.0
20.201  749.0  40.0  0.0
20.218  748.0  36.0  0.0
20.251  748.0  40.0  0.0
20.268  748.0  37.0  0.0
20.268  748.0  37.0  0.0
20.285  748.0  41.0  0.0
20.301  749.0  37.0  0.0
20.318  747.0  38.0  0.0
20.318  747.0  38.0  0.0
20.352  748.0  29.0  0.0
20.368  748.0  30.0  0.0
20.384  748.0  31.0  0.0
20.418  748.0  36.0  0.0
20.434  747.0  28.0  0.0
20.434  747.0  28.0  0.0
20.451  748.0  30.0  1.0
20.467  748.0  36.0  1.0
20.501  748.0  40.0  0.0
20.501  748.0  40.0  0.0
20.517  748.0  61.0  0.0
20.534  748.0  65.0  0.0
20.551  748.0  71.0  2.0
20.584  748.0  34.0  0.0
20.584  748.0  34.0  0.0
20.6  748.0  58.0  0.0
20.618  748.0  78.0  0.0
20.634  747.0  81.0  1.0
20.667  749.0  88.0  2.0
20.667  749.0  88.0  2.0
20.684  748.0  95.0  0.0
20.702  748.0  100.0  0.0
20.719  748.0  100.0  0.0
20.719  748.0  100.0  0.0
20.753  748.0  67.0  1.0
20.769  748.0  69.0  1.0
20.786  748.0  71.0  0.0
20.802  748.0  68.0  0.0
20.802  748.0  68.0  0.0
20.836  748.0  55.0  0.0
20.852  748.0  57.0  0.0
20.869  748.0  59.0  2.0
20.869  748.0  59.0  2.0
20.902  748.0  63.0  0.0
20.919  747.0  59.0  0.0
20.935  748.0  48.0  0.0
20.935  748.0  48.0  0.0
20.969  748.0  37.0  0.0
20.985  748.0  29.0  0.0
21.002  748.0  30.0  0.0
21.002  748.0  30.0  0.0
21.036  749.0  49.0  1.0
21.052  749.0  48.0  2.0
21.068  749.0  47.0  2.0
21.102  747.0  46.0  0.0
21.102  747.0  46.0  0.0
21.118  747.0  45.0  0.0
21.135  748.0  47.0  0.0
21.169  748.0  39.0  0.0
21.169  748.0  39.0  0.0
21.185  748.0  42.0  0.0
21.201  748.0  49.0  0.0
21.219  748.0  61.0  0.0
21.235  748.0  61.0  0.0
21.268  748.0  64.0  1.0
21.268  748.0  64.0  1.0
21.285  748.0  63.0  0.0
21.302  748.0  62.0  0.0
21.302  748.0  62.0  0.0
21.335  748.0  65.0  0.0
21.352  748.0  64.0  1.0
21.368  748.0  64.0  1.0
21.401  748.0  63.0  0.0
21.401  748.0  63.0  0.0
21.419  748.0  63.0  1.0
21.435  748.0  64.0  0.0
21.451  749.0  64.0  1.0
21.485  748.0  65.0  0.0
21.485  748.0  65.0  0.0
21.501  748.0  63.0  0.0
21.518  748.0  64.0  0.0
21.534  748.0  63.0  1.0
21.534  748.0  63.0  1.0
21.568  749.0  57.0  1.0
21.584  747.0  61.0  0.0
21.601  749.0  62.0  0.0
21.601  749.0  62.0  0.0
21.635  748.0  36.0  0.0
21.651  748.0  26.0  0.0
21.667  748.0  25.0  0.0
21.701  748.0  31.0  0.0
21.701  748.0  31.0  0.0
21.718  749.0  23.0  0.0
21.734  748.0  24.0  0.0
21.751  748.0  23.0  1.0
21.784  748.0  20.0  0.0
21.784  748.0  20.0  0.0
21.8  748.0  23.0  0.0
21.818  748.0  21.0  0.0
21.834  748.0  17.0  0.0
21.867  748.0  11.0  0.0
21.867  748.0  11.0  0.0
21.884  748.0  12.0  0.0
21.901  748.0  12.0  0.0
21.934  748.0  11.0  0.0
21.951  748.0  11.0  0.0
21.951  748.0  11.0  0.0
21.966  749.0  9.0  0.0
21.983  749.0  12.0  0.0
22.017  748.0  12.0  0.0
22.033  748.0  15.0  0.0
22.033  748.0  15.0  0.0
22.049  748.0  15.0  0.0
22.066  749.0  15.0  0.0
22.099  748.0  15.0  0.0
22.099  748.0  15.0  0.0
22.116  749.0  14.0  0.0
22.132  748.0  15.0  0.0
22.166  748.0  15.0  0.0
22.182  748.0  15.0  0.0
22.182  748.0  15.0  0.0
22.199  748.0  18.0  0.0
22.216  748.0  17.0  0.0
22.249  748.0  17.0  0.0
22.265  749.0  17.0  0.0
22.265  749.0  17.0  0.0
22.283  748.0  17.0  0.0
22.316  748.0  25.0  0.0
22.332  748.0  29.0  0.0
22.332  748.0  29.0  0.0
22.349  749.0  29.0  0.0
22.366  748.0  38.0  0.0
22.382  748.0  58.0  0.0
22.416  749.0  70.0  0.0
22.432  748.0  63.0  0.0
22.432  748.0  63.0  0.0
22.449  748.0  59.0  0.0
22.482  748.0  69.0  0.0
22.499  748.0  72.0  0.0
22.499  748.0  72.0  0.0
22.515  748.0  78.0  0.0
22.532  748.0  73.0  0.0
22.565  748.0  80.0  0.0
22.582  748.0  79.0  0.0
22.582  748.0  79.0  0.0
22.598  747.0  72.0  0.0
22.616  748.0  72.0  1.0
22.632  748.0  75.0  1.0
22.665  748.0  68.0  0.0
22.665  748.0  68.0  0.0
22.682  748.0  56.0  0.0
22.699  748.0  55.0  0.0
22.731  748.0  54.0  0.0
22.749  748.0  50.0  0.0
22.749  748.0  50.0  0.0
22.765  748.0  29.0  0.0
22.781  748.0  23.0  0.0
22.815  748.0  24.0  0.0
22.815  748.0  24.0  0.0
22.832  748.0  19.0  0.0
22.848  749.0  16.0  0.0
22.881  748.0  6.0  0.0
22.881  748.0  6.0  0.0
22.896  748.0  7.0  0.0
22.912  748.0  6.0  0.0
22.943  748.0  5.0  0.0
22.943  748.0  5.0  0.0
22.974  748.0  6.0  0.0
22.989  748.0  5.0  0.0
23.006  749.0  5.0  0.0
23.006  749.0  5.0  0.0
23.036  748.0  5.0  0.0
23.052  748.0  5.0  0.0
23.068  748.0  5.0  0.0
23.068  748.0  5.0  0.0
23.099  748.0  5.0  0.0
23.13  748.0  4.0  0.0
23.146  748.0  4.0  0.0
23.161  747.0  4.0  0.0
23.161  747.0  4.0  0.0
23.192  748.0  4.0  0.0
23.208  748.0  4.0  0.0
23.224  748.0  4.0  0.0
23.224  748.0  4.0  0.0
23.255  747.0  5.0  0.0
23.271  749.0  4.0  0.0
23.286  748.0  4.0  0.0
23.317  748.0  4.0  0.0
23.317  748.0  4.0  0.0
23.332  748.0  4.0  0.0
23.364  747.0  3.0  0.0
23.379  748.0  3.0  0.0
23.379  748.0  3.0  0.0
23.395  748.0  3.0  0.0
23.427  748.0  3.0  0.0
23.442  748.0  3.0  0.0
23.457  748.0  3.0  0.0
23.457  748.0  3.0  0.0
23.489  749.0  2.0  0.0
23.504  748.0  3.0  0.0
23.52  748.0  2.0  0.0
23.536  747.0  3.0  0.0
23.552  748.0  4.0  0.0
23.567  748.0  3.0  0.0
23.598  748.0  4.0  0.0
23.614  748.0  4.0  0.0
23.614  748.0  4.0  0.0
23.629  748.0  4.0  0.0
23.66  748.0  3.0  0.0
23.676  748.0  4.0  0.0
23.676  748.0  4.0  0.0
23.707  749.0  4.0  0.0
23.723  748.0  4.0  0.0
23.739  747.0  4.0  0.0
23.77  748.0  4.0  0.0
23.77  748.0  4.0  0.0
23.785  748.0  3.0  0.0
23.801  748.0  3.0  0.0
23.832  748.0  4.0  0.0
23.847  748.0  4.0  0.0
23.847  748.0  4.0  0.0
23.863  748.0  4.0  0.0
23.895  749.0  4.0  0.0
23.91  747.0  3.0  0.0
23.925  748.0  3.0  0.0
23.925  748.0  3.0  0.0
23.957  749.0  4.0  0.0
23.972  748.0  4.0  0.0
23.988  749.0  3.0  0.0
23.988  749.0  3.0  0.0
24.035  748.0  4.0  0.0
24.035  748.0  4.0  0.0
24.05  748.0  3.0  0.0
24.082  747.0  4.0  0.0
24.082  747.0  4.0  0.0
24.097  748.0  4.0  0.0
24.128  748.0  3.0  0.0
24.144  749.0  4.0  0.0
24.16  748.0  4.0  0.0
24.16  748.0  4.0  0.0
24.19  748.0  4.0  0.0
24.207  748.0  5.0  0.0
24.222  748.0  4.0  0.0
24.253  748.0  5.0  0.0
24.253  748.0  5.0  0.0
24.269  748.0  4.0  0.0
24.285  748.0  4.0  0.0
24.285  748.0  4.0  0.0
24.315  748.0  5.0  0.0
24.347  749.0  5.0  0.0
24.363  749.0  5.0  0.0
24.378  748.0  5.0  0.0
24.378  748.0  5.0  0.0
24.393  747.0  5.0  0.0
24.425  748.0  5.0  0.0
24.44  748.0  5.0  0.0
24.44  748.0  5.0  0.0
24.472  748.0  5.0  0.0
24.487  748.0  5.0  0.0
24.503  748.0  5.0  0.0
24.503  748.0  5.0  0.0
24.535  748.0  5.0  0.0
24.55  748.0  5.0  0.0
24.581  749.0  5.0  0.0
24.596  748.0  5.0  0.0
24.596  748.0  5.0  0.0
24.612  748.0  6.0  0.0
24.643  748.0  5.0  0.0
24.658  748.0  6.0  0.0
24.658  748.0  6.0  0.0
24.69  748.0  6.0  0.0
24.706  749.0  5.0  0.0
24.721  749.0  6.0  0.0
24.753  748.0  6.0  0.0
24.753  748.0  6.0  0.0
24.768  748.0  5.0  0.0
24.783  748.0  5.0  0.0
24.815  749.0  5.0  0.0
24.815  749.0  5.0  0.0
24.83  748.0  5.0  0.0
24.846  749.0  5.0  0.0
24.878  748.0  5.0  0.0
24.878  748.0  5.0  0.0
24.908  748.0  5.0  0.0
24.924  748.0  5.0  0.0
24.94  748.0  5.0  0.0
24.94  748.0  5.0  0.0
24.971  749.0  5.0  0.0
24.986  749.0  5.0  0.0
25.003  748.0  5.0  0.0
25.003  748.0  5.0  0.0
25.033  748.0  5.0  0.0
25.049  748.0  5.0  0.0
25.08  748.0  5.0  0.0
25.08  748.0  5.0  0.0
25.096  747.0  6.0  0.0
25.126  749.0  5.0  0.0
25.143  748.0  5.0  0.0
25.158  748.0  5.0  0.0
25.158  748.0  5.0  0.0
25.189  748.0  5.0  0.0
25.205  748.0  5.0  0.0
25.236  748.0  5.0  0.0
25.236  748.0  5.0  0.0
25.251  749.0  5.0  0.0
25.268  748.0  5.0  0.0
25.298  748.0  6.0  0.0
25.314  749.0  5.0  0.0
25.314  749.0  5.0  0.0
25.329  748.0  5.0  0.0
25.361  747.0  5.0  0.0
25.361  747.0  5.0  0.0
25.392  747.0  6.0  0.0
25.408  748.0  4.0  0.0
25.423  748.0  4.0  0.0
25.439  747.0  4.0  0.0
25.439  747.0  4.0  0.0
25.47  749.0  4.0  0.0
25.486  748.0  4.0  0.0
25.517  748.0  4.0  0.0
25.533  749.0  4.0  0.0
25.533  749.0  4.0  0.0
25.548  748.0  4.0  0.0
25.579  748.0  4.0  0.0
25.594  747.0  5.0  0.0
25.611  748.0  4.0  0.0
25.611  748.0  4.0  0.0
25.641  748.0  4.0  0.0
25.657  748.0  4.0  0.0
25.673  748.0  4.0  0.0
25.689  749.0  4.0  0.0
25.689  749.0  4.0  0.0
25.719  748.0  4.0  0.0
25.736  748.0  4.0  0.0
25.766  748.0  4.0  0.0
25.782  748.0  4.0  0.0
25.782  748.0  4.0  0.0
25.798  748.0  5.0  0.0
25.829  749.0  4.0  0.0
25.844  749.0  4.0  0.0
25.86  748.0  4.0  0.0
25.86  748.0  4.0  0.0
25.891  748.0  4.0  0.0
25.907  748.0  3.0  0.0
25.922  748.0  4.0  0.0
25.954  749.0  4.0  0.0
25.954  749.0  4.0  0.0
25.969  747.0  4.0  0.0
26.001  748.0  4.0  0.0
26.016  748.0  5.0  0.0
26.016  748.0  5.0  0.0
26.032  748.0  4.0  0.0
26.063  748.0  4.0  0.0
26.079  748.0  4.0  0.0
26.079  748.0  4.0  0.0
26.094  748.0  4.0  0.0
26.125  748.0  3.0  0.0
26.141  749.0  4.0  0.0
26.172  748.0  4.0  0.0
26.172  748.0  4.0  0.0
26.187  748.0  4.0  0.0
26.204  748.0  4.0  0.0
26.234  748.0  4.0  0.0
26.25  749.0  4.0  0.0
26.25  749.0  4.0  0.0
26.266  749.0  3.0  0.0
26.297  748.0  4.0  0.0
26.312  748.0  4.0  0.0
26.312  748.0  4.0  0.0
26.328  749.0  3.0  0.0
26.359  748.0  4.0  0.0
26.375  748.0  4.0  0.0
26.39  748.0  4.0  0.0
26.39  748.0  4.0  0.0
26.422  748.0  5.0  0.0
26.437  748.0  5.0  0.0
26.469  748.0  5.0  0.0
26.484  748.0  5.0  0.0
26.484  748.0  5.0  0.0
26.5  748.0  5.0  0.0
26.531  748.0  5.0  0.0
26.547  748.0  5.0  0.0
26.547  748.0  5.0  0.0
26.562  748.0  5.0  0.0
26.593  749.0  6.0  0.0
26.609  748.0  5.0  0.0
26.625  748.0  5.0  0.0
26.625  748.0  5.0  0.0
26.655  748.0  5.0  0.0
26.672  749.0  6.0  0.0
26.702  748.0  5.0  0.0
26.702  748.0  5.0  0.0
26.718  748.0  6.0  0.0
26.734  748.0  6.0  0.0
26.749  748.0  6.0  0.0
26.78  749.0  5.0  0.0
26.78  749.0  5.0  0.0
26.797  748.0  6.0  0.0
26.827  748.0  5.0  0.0
26.843  748.0  6.0  0.0
26.858  748.0  5.0  0.0
26.858  748.0  5.0  0.0
26.89  749.0  5.0  0.0
26.905  748.0  5.0  0.0
26.937  748.0  5.0  0.0
26.937  748.0  5.0  0.0
26.952  748.0  6.0  0.0
26.968  748.0  5.0  0.0
26.999  748.0  6.0  0.0
27.015  748.0  5.0  0.0
27.015  748.0  5.0  0.0
27.03  748.0  5.0  0.0
27.062  748.0  5.0  0.0
27.077  748.0  6.0  0.0
27.092  748.0  5.0  0.0
27.092  748.0  5.0  0.0
27.123  748.0  5.0  0.0
27.14  748.0  5.0  0.0
27.155  748.0  5.0  0.0
27.155  748.0  5.0  0.0
27.186  748.0  5.0  0.0
27.202  748.0  5.0  0.0
27.217  748.0  5.0  0.0
27.248  748.0  5.0  0.0
27.248  748.0  5.0  0.0
27.265  749.0  5.0  0.0
27.295  748.0  6.0  0.0
27.311  748.0  6.0  0.0
27.326  749.0  5.0  0.0
27.326  749.0  5.0  0.0
27.358  748.0  6.0  0.0
27.373  748.0  6.0  0.0
27.405  748.0  5.0  0.0
27.405  748.0  5.0  0.0
27.42  748.0  6.0  0.0
27.451  749.0  6.0  0.0
27.451  749.0  6.0  0.0
27.467  748.0  5.0  0.0
27.483  749.0  5.0  0.0
27.513  748.0  5.0  0.0
27.513  748.0  5.0  0.0
27.53  749.0  5.0  0.0
27.56  748.0  5.0  0.0
27.576  748.0  6.0  0.0
27.591  748.0  6.0  0.0
27.591  748.0  6.0  0.0
27.623  748.0  6.0  0.0
27.638  748.0  6.0  0.0
27.67  748.0  6.0  0.0
27.685  749.0  6.0  0.0
27.685  749.0  6.0  0.0
27.701  748.0  6.0  0.0
27.716  748.0  6.0  0.0
27.748  748.0  5.0  0.0
27.763  748.0  6.0  0.0
27.763  748.0  6.0  0.0
27.779  748.0  5.0  0.0
27.81  748.0  5.0  0.0
27.826  748.0  6.0  0.0
27.826  748.0  6.0  0.0
27.856  748.0  6.0  0.0
27.873  749.0  6.0  0.0
27.888  748.0  7.0  0.0
27.919  748.0  7.0  0.0
27.919  748.0  7.0  0.0
27.935  748.0  6.0  0.0
27.951  748.0  5.0  0.0
27.981  748.0  6.0  0.0
27.998  748.0  6.0  0.0
27.998  748.0  6.0  0.0
28.013  747.0  6.0  0.0
28.044  748.0  6.0  0.0
28.059  748.0  6.0  0.0
28.059  748.0  6.0  0.0
28.091  748.0  6.0  0.0
28.106  748.0  6.0  0.0
28.122  748.0  6.0  0.0
28.138  748.0  7.0  0.0
28.169  748.0  6.0  0.0
28.169  748.0  6.0  0.0
28.184  748.0  7.0  0.0
28.2  749.0  7.0  0.0
28.231  749.0  7.0  0.0
28.247  748.0  7.0  0.0
28.247  748.0  7.0  0.0
28.263  748.0  6.0  0.0
28.294  748.0  8.0  0.0
28.309  749.0  7.0  0.0
28.324  748.0  7.0  0.0
28.341  748.0  7.0  0.0
28.356  748.0  8.0  0.0
28.371  748.0  7.0  0.0
28.403  747.0  8.0  0.0
28.403  747.0  8.0  0.0
28.419  748.0  8.0  0.0
28.434  748.0  8.0  0.0
28.449  748.0  7.0  0.0
28.481  748.0  8.0  0.0
28.481  748.0  8.0  0.0
28.496  748.0  8.0  0.0
28.528  749.0  7.0  0.0
28.544  747.0  7.0  0.0
28.559  748.0  7.0  0.0
28.559  748.0  7.0  0.0
28.59  748.0  8.0  0.0
28.606  748.0  7.0  0.0
28.621  748.0  7.0  0.0
28.621  748.0  7.0  0.0
28.653  748.0  11.0  0.0
28.67  748.0  10.0  0.0
28.687  748.0  11.0  0.0
28.72  748.0  12.0  0.0
28.72  748.0  12.0  0.0
28.737  748.0  12.0  0.0
28.753  748.0  12.0  0.0
28.77  747.0  11.0  0.0
28.804  748.0  17.0  0.0
28.804  748.0  17.0  0.0
28.82  748.0  12.0  0.0
28.836  748.0  11.0  0.0
28.836  748.0  11.0  0.0
28.87  748.0  11.0  0.0
28.887  748.0  11.0  0.0
28.903  748.0  11.0  0.0
28.937  748.0  12.0  0.0
28.937  748.0  12.0  0.0
28.953  749.0  11.0  0.0
28.969  749.0  11.0  0.0
28.986  748.0  11.0  0.0
29.02  748.0  10.0  0.0
29.02  748.0  10.0  0.0
29.036  748.0  11.0  0.0
29.052  748.0  11.0  0.0
29.086  749.0  11.0  0.0
29.103  748.0  11.0  0.0
29.103  748.0  11.0  0.0
29.119  748.0  11.0  0.0
29.136  748.0  12.0  0.0
29.153  748.0  11.0  0.0
29.186  748.0  11.0  0.0
29.186  748.0  11.0  0.0
29.203  748.0  11.0  0.0
29.219  748.0  11.0  0.0
29.252  748.0  11.0  0.0
29.252  748.0  11.0  0.0
29.27  748.0  11.0  0.0
29.286  748.0  12.0  0.0
29.319  748.0  11.0  0.0
29.336  748.0  11.0  0.0
29.336  748.0  11.0  0.0
29.352  748.0  11.0  0.0
29.369  749.0  12.0  0.0
29.403  748.0  11.0  0.0
29.403  748.0  11.0  0.0
29.419  749.0  13.0  0.0
29.435  748.0  11.0  0.0
29.469  748.0  10.0  0.0
29.469  748.0  10.0  0.0
29.486  748.0  10.0  0.0
29.502  748.0  11.0  0.0
29.518  748.0  11.0  0.0
29.552  749.0  10.0  0.0
29.552  749.0  10.0  0.0
29.569  748.0  11.0  0.0
29.585  748.0  14.0  0.0
29.602  748.0  16.0  0.0
29.635  749.0  21.0  0.0
29.635  749.0  21.0  0.0
29.651  747.0  18.0  0.0
29.669  748.0  19.0  0.0
29.669  748.0  19.0  0.0
29.702  748.0  28.0  0.0
29.718  748.0  31.0  0.0
29.735  748.0  36.0  0.0
29.735  748.0  36.0  0.0
29.768  748.0  39.0  0.0
29.785  748.0  38.0  0.0
29.802  748.0  36.0  0.0
29.802  748.0  36.0  0.0
29.835  748.0  35.0  0.0
29.851  748.0  28.0  0.0
29.885  748.0  31.0  0.0
29.901  748.0  31.0  0.0
29.901  748.0  31.0  0.0
29.918  748.0  36.0  0.0
29.935  749.0  49.0  0.0
29.968  747.0  60.0  0.0
29.968  747.0  60.0  0.0
29.984  748.0  61.0  0.0
30.002  748.0  63.0  0.0
30.018  748.0  63.0  0.0
30.051  748.0  69.0  0.0
30.051  748.0  69.0  0.0
30.068  748.0  70.0  0.0
30.101  748.0  71.0  0.0
30.117  748.0  71.0  0.0
30.117  748.0  71.0  0.0
30.135  748.0  72.0  0.0
30.151  748.0  70.0  0.0
30.184  748.0  72.0  0.0
30.201  748.0  73.0  0.0
30.201  748.0  73.0  0.0
30.218  748.0  72.0  0.0
30.234  747.0  71.0  0.0
30.268  748.0  78.0  0.0
30.284  748.0  91.0  0.0
30.284  748.0  91.0  0.0
30.302  748.0  109.0  0.0
30.319  747.0  122.0  0.0
30.338  748.0  105.0  0.0
30.338  748.0  105.0  0.0
30.371  748.0  99.0  0.0
30.388  748.0  99.0  0.0
30.406  748.0  100.0  0.0
30.406  748.0  100.0  0.0
30.439  747.0  82.0  0.0
30.455  748.0  84.0  0.0
30.473  749.0  90.0  0.0
30.473  749.0  90.0  0.0
30.505  748.0  91.0  0.0
30.522  747.0  90.0  0.0
30.539  748.0  90.0  0.0
30.539  748.0  90.0  0.0
30.572  748.0  92.0  0.0
30.588  748.0  93.0  0.0
30.588  748.0  93.0  0.0
30.622  748.0  89.0  0.0
30.639  748.0  90.0  0.0
30.656  748.0  91.0  0.0
30.656  748.0  91.0  0.0
30.689  749.0  92.0  0.0
30.705  747.0  91.0  0.0
30.723  749.0  92.0  0.0
30.723  749.0  92.0  0.0
30.755  749.0  93.0  0.0
30.772  748.0  95.0  0.0
30.788  748.0  93.0  0.0
30.788  748.0  93.0  0.0
30.822  748.0  92.0  0.0
30.838  748.0  90.0  0.0
30.855  748.0  91.0  0.0
30.855  748.0  91.0  0.0
30.888  748.0  88.0  0.0
30.905  748.0  83.0  0.0
30.922  748.0  82.0  0.0
30.939  748.0  82.0  0.0
30.939  748.0  82.0  0.0
30.971  748.0  83.0  0.0
30.988  748.0  83.0  0.0
31.005  748.0  84.0  0.0
31.022  749.0  86.0  0.0
31.038  749.0  86.0  0.0
31.054  748.0  81.0  0.0
31.072  748.0  75.0  0.0
31.072  748.0  75.0  0.0
31.105  748.0  65.0  0.0
31.122  749.0  64.0  0.0
31.138  748.0  68.0  0.0
31.171  748.0  70.0  0.0
31.171  748.0  70.0  0.0
31.188  748.0  72.0  0.0
31.205  748.0  75.0  0.0
31.221  748.0  88.0  0.0
31.238  749.0  91.0  0.0
31.255  748.0  91.0  0.0
31.271  748.0  89.0  0.0
31.288  748.0  89.0  0.0
31.304  748.0  93.0  0.0
31.338  748.0  96.0  0.0
31.338  748.0  96.0  0.0
31.354  749.0  91.0  0.0
31.371  748.0  96.0  0.0
31.406  747.0  101.0  0.0
31.406  747.0  101.0  0.0
31.422  747.0  99.0  0.0
31.438  748.0  96.0  0.0
31.456  747.0  98.0  0.0
31.473  748.0  105.0  0.0
31.473  748.0  105.0  0.0
31.491  748.0  108.0  0.0
31.525  748.0  99.0  0.0
31.542  749.0  99.0  0.0
31.558  748.0  98.0  0.0
31.558  748.0  98.0  0.0
31.592  748.0  98.0  0.0
31.608  748.0  95.0  0.0
31.625  749.0  92.0  0.0
31.625  748.0  92.0  0.0
31.659  748.0  96.0  0.0
31.675  749.0  99.0  0.0
31.691  748.0  99.0  0.0
31.691  748.0  99.0  0.0
31.709  748.0  100.0  0.0
31.745  748.0  110.0  0.0
31.762  747.0  112.0  0.0
31.779  748.0  115.0  0.0
31.779  748.0  115.0  0.0
31.815  748.0  100.0  0.0
31.833  749.0  100.0  0.0
31.85  748.0  100.0  0.0
31.85  748.0  100.0  0.0
31.867  749.0  91.0  0.0
31.9  748.0  87.0  0.0
31.917  748.0  86.0  0.0
31.934  748.0  86.0  0.0
31.934  748.0  86.0  0.0
31.95  748.0  71.0  0.0
31.983  748.0  45.0  0.0
32.001  748.0  46.0  0.0
32.001  748.0  46.0  0.0
32.017  748.0  45.0  0.0
32.033  749.0  47.0  0.0
32.067  747.0  38.0  0.0
32.067  747.0  38.0  0.0
32.083  748.0  48.0  0.0
32.1  748.0  52.0  0.0
32.134  748.0  62.0  0.0
32.15  748.0  64.0  0.0
32.15  748.0  64.0  0.0
32.166  749.0  61.0  0.0
32.183  748.0  55.0  0.0
32.217  748.0  55.0  0.0
32.233  749.0  54.0  0.0
32.233  749.0  54.0  0.0
32.249  748.0  52.0  0.0
32.267  749.0  50.0  0.0
32.3  748.0  48.0  0.0
32.316  747.0  49.0  0.0
32.316  747.0  49.0  0.0
32.333  748.0  47.0  0.0
32.35  747.0  51.0  0.0
32.382  748.0  48.0  0.0
32.4  748.0  45.0  0.0
32.4  748.0  45.0  0.0
32.416  748.0  44.0  0.0
32.449  748.0  46.0  0.0
32.466  748.0  45.0  0.0
32.483  749.0  46.0  0.0
32.483  749.0  46.0  0.0
32.499  749.0  46.0  0.0
32.533  747.0  46.0  0.0
32.549  748.0  46.0  0.0
32.549  748.0  46.0  0.0
32.566  749.0  43.0  0.0
32.582  748.0  43.0  0.0
32.616  748.0  44.0  0.0
32.632  748.0  46.0  0.0
32.632  748.0  46.0  0.0
32.649  748.0  43.0  0.0
32.683  749.0  43.0  0.0
32.699  748.0  42.0  0.0
32.699  748.0  42.0  0.0
32.715  748.0  38.0  0.0
32.749  748.0  43.0  0.0
32.749  748.0  43.0  0.0
32.782  748.0  41.0  0.0
32.782  748.0  41.0  0.0
32.799  749.0  40.0  0.0
32.832  748.0  40.0  0.0
32.848  748.0  37.0  0.0
32.848  748.0  37.0  0.0
32.866  748.0  40.0  0.0
32.899  749.0  41.0  0.0
32.915  749.0  41.0  0.0
32.915  749.0  41.0  0.0
32.932  749.0  40.0  0.0
32.965  748.0  41.0  0.0
32.982  748.0  41.0  0.0
32.999  747.0  41.0  0.0
32.999  747.0  41.0  0.0
33.015  748.0  42.0  0.0
33.032  748.0  41.0  0.0
33.065  748.0  42.0  0.0
33.082  749.0  41.0  0.0
33.082  749.0  41.0  0.0
33.098  748.0  41.0  0.0
33.132  748.0  41.0  0.0
33.148  749.0  41.0  0.0
33.148  749.0  41.0  0.0
33.165  749.0  42.0  0.0
33.199  749.0  41.0  0.0
33.215  748.0  41.0  0.0
33.215  748.0  41.0  0.0
33.248  748.0  41.0  0.0
33.265  748.0  41.0  0.0
33.282  747.0  41.0  0.0
33.298  748.0  42.0  0.0
33.298  748.0  42.0  0.0
33.314  748.0  40.0  0.0
33.348  748.0  40.0  0.0
33.364  747.0  40.0  0.0
33.364  747.0  40.0  0.0
33.381  748.0  41.0  0.0
33.398  748.0  40.0  0.0
33.431  748.0  39.0  0.0
33.447  749.0  40.0  0.0
33.447  749.0  40.0  0.0
33.481  748.0  41.0  0.0
33.498  748.0  41.0  0.0
33.514  748.0  41.0  0.0
33.514  748.0  41.0  0.0
33.548  748.0  40.0  0.0
33.564  748.0  39.0  0.0
33.581  747.0  40.0  0.0
33.598  748.0  40.0  0.0
33.598  748.0  40.0  0.0
33.614  748.0  41.0  0.0
33.647  748.0  41.0  0.0
33.665  748.0  41.0  0.0
33.665  748.0  41.0  0.0
33.681  748.0  39.0  0.0
33.714  748.0  37.0  0.0
33.731  748.0  39.0  0.0
33.747  748.0  39.0  0.0
33.747  748.0  39.0  0.0
33.78  748.0  40.0  0.0
33.798  748.0  40.0  0.0
33.814  748.0  40.0  0.0
33.814  748.0  40.0  0.0
33.83  748.0  40.0  0.0
33.864  748.0  40.0  0.0
33.881  748.0  40.0  0.0
33.881  748.0  40.0  0.0
33.897  748.0  40.0  0.0
33.931  748.0  40.0  0.0
33.947  748.0  40.0  0.0
33.947  748.0  40.0  0.0
33.964  748.0  41.0  0.0
33.997  748.0  41.0  0.0
34.014  748.0  41.0  0.0
34.014  748.0  41.0  0.0
34.03  749.0  40.0  0.0
34.064  748.0  40.0  0.0
34.08  748.0  40.0  0.0
34.097  748.0  40.0  0.0
34.097  748.0  40.0  0.0
34.113  748.0  40.0  0.0
34.147  748.0  40.0  0.0
34.163  748.0  40.0  0.0
34.163  748.0  40.0  0.0
34.18  748.0  41.0  0.0
34.213  748.0  40.0  0.0
34.23  748.0  40.0  0.0
34.246  747.0  40.0  0.0
34.246  747.0  40.0  0.0
34.264  748.0  40.0  0.0
34.296  748.0  37.0  0.0
34.313  748.0  36.0  0.0
34.313  748.0  36.0  0.0
34.33  749.0  37.0  0.0
34.347  748.0  37.0  0.0
34.379  747.0  35.0  0.0
34.397  749.0  35.0  0.0
34.397  749.0  35.0  0.0
34.413  748.0  36.0  0.0
34.446  748.0  37.0  0.0
34.463  749.0  36.0  0.0
34.48  748.0  36.0  0.0
34.48  748.0  36.0  0.0
34.496  748.0  35.0  0.0
34.53  748.0  35.0  0.0
34.546  748.0  35.0  0.0
34.563  748.0  37.0  0.0
34.563  748.0  37.0  0.0
34.596  748.0  35.0  0.0
34.613  748.0  35.0  0.0
34.629  748.0  35.0  0.0
34.629  748.0  35.0  0.0
34.646  748.0  35.0  0.0
34.679  748.0  35.0  0.0
34.696  749.0  35.0  0.0
34.712  748.0  35.0  0.0
34.712  748.0  35.0  0.0
34.729  748.0  35.0  0.0
34.762  747.0  35.0  0.0
34.779  748.0  34.0  0.0
34.796  748.0  35.0  0.0
34.796  748.0  35.0  0.0
34.829  748.0  34.0  0.0
34.845  748.0  35.0  0.0
34.863  748.0  35.0  0.0
34.879  748.0  35.0  0.0
34.879  748.0  35.0  0.0
34.912  748.0  35.0  0.0
34.929  748.0  34.0  0.0
34.946  748.0  35.0  0.0
34.946  748.0  35.0  0.0
34.962  748.0  35.0  0.0
34.996  748.0  34.0  0.0
35.012  749.0  34.0  0.0
35.028  749.0  34.0  0.0
35.028  749.0  34.0  0.0
35.062  748.0  35.0  0.0
35.079  748.0  35.0  0.0
35.095  748.0  35.0  0.0
35.095  748.0  35.0  0.0
35.111  748.0  34.0  0.0
35.145  748.0  34.0  0.0
35.162  748.0  34.0  0.0
35.178  748.0  34.0  0.0
35.178  748.0  34.0  0.0
35.212  748.0  33.0  0.0
35.228  748.0  34.0  0.0
35.245  748.0  34.0  0.0
35.245  748.0  34.0  0.0
35.262  748.0  34.0  0.0
35.295  748.0  34.0  0.0
35.311  748.0  34.0  0.0
35.329  748.0  33.0  0.0
35.329  748.0  33.0  0.0
35.361  749.0  35.0  0.0
35.378  749.0  35.0  0.0
35.395  747.0  35.0  0.0
35.411  748.0  35.0  0.0
35.411  748.0  35.0  0.0
35.444  748.0  34.0  0.0
35.462  748.0  34.0  0.0
35.478  748.0  35.0  0.0
35.494  748.0  34.0  0.0
35.494  748.0  34.0  0.0
35.528  748.0  34.0  0.0
35.545  748.0  35.0  0.0
35.561  749.0  35.0  0.0
35.561  749.0  35.0  0.0
35.577  748.0  35.0  0.0
35.611  748.0  34.0  0.0
35.628  749.0  34.0  0.0
35.644  748.0  34.0  0.0
35.644  748.0  34.0  0.0
35.678  748.0  34.0  0.0
35.694  748.0  34.0  0.0
35.71  748.0  34.0  0.0
35.728  748.0  33.0  0.0
35.728  748.0  33.0  0.0
35.744  748.0  34.0  0.0
35.777  748.0  32.0  0.0
35.794  748.0  32.0  0.0
35.811  748.0  32.0  0.0
35.811  748.0  32.0  0.0
35.827  748.0  32.0  0.0
35.861  747.0  33.0  0.0
35.877  748.0  33.0  0.0
35.894  748.0  33.0  0.0
35.894  748.0  33.0  0.0
35.928  749.0  32.0  0.0
35.944  748.0  33.0  0.0
35.96  748.0  35.0  0.0
35.977  747.0  37.0  0.0
35.977  747.0  37.0  0.0
36.011  748.0  33.0  0.0
36.027  747.0  33.0  0.0
36.043  748.0  34.0  0.0
36.061  748.0  34.0  0.0
36.061  748.0  34.0  0.0
36.093  748.0  34.0  0.0
36.11  748.0  35.0  0.0
36.127  748.0  37.0  0.0
36.16  748.0  38.0  0.0
36.16  748.0  38.0  0.0
36.176  748.0  37.0  0.0
36.194  747.0  37.0  0.0
36.21  748.0  37.0  0.0
36.227  749.0  37.0  0.0
36.227  749.0  37.0  0.0
36.26  748.0  38.0  0.0
36.277  748.0  38.0  0.0
36.293  749.0  38.0  0.0
36.293  749.0  38.0  0.0
36.327  747.0  37.0  0.0
36.343  748.0  37.0  0.0
36.36  749.0  36.0  0.0
36.376  747.0  49.0  0.0
36.376  747.0  49.0  0.0
36.41  748.0  30.0  0.0
36.426  749.0  36.0  0.0
36.443  749.0  38.0  0.0
36.476  748.0  39.0  0.0
36.476  748.0  39.0  0.0
36.493  748.0  32.0  0.0
36.509  748.0  32.0  0.0
36.527  748.0  33.0  0.0
36.543  748.0  33.0  0.0
36.543  748.0  33.0  0.0
36.576  748.0  33.0  0.0
36.593  747.0  32.0  0.0
36.61  749.0  32.0  0.0
36.626  748.0  32.0  0.0
36.642  749.0  32.0  0.0
36.66  748.0  31.0  0.0
36.676  748.0  32.0  0.0
36.692  748.0  31.0  0.0
36.726  748.0  32.0  0.0
36.726  748.0  32.0  0.0
36.743  749.0  33.0  0.0
36.759  748.0  34.0  0.0
36.775  748.0  34.0  0.0
36.793  748.0  34.0  0.0
36.793  748.0  34.0  0.0
36.826  748.0  35.0  0.0
36.842  747.0  34.0  0.0
36.859  748.0  35.0  0.0
36.892  748.0  35.0  0.0
36.892  748.0  35.0  0.0
36.909  748.0  39.0  0.0
36.926  748.0  36.0  0.0
36.942  748.0  36.0  0.0
36.975  749.0  37.0  0.0
36.975  749.0  37.0  0.0
36.993  748.0  36.0  0.0
37.009  748.0  36.0  0.0
37.025  748.0  37.0  0.0
37.025  748.0  37.0  0.0
37.059  748.0  37.0  0.0
37.075  748.0  38.0  0.0
37.092  748.0  40.0  0.0
37.108  748.0  38.0  0.0
37.108  748.0  38.0  0.0
37.142  748.0  41.0  0.0
37.158  748.0  41.0  0.0
37.175  748.0  40.0  0.0
37.192  748.0  39.0  0.0
37.192  748.0  39.0  0.0
37.225  749.0  40.0  0.0
37.241  748.0  39.0  0.0
37.259  749.0  39.0  0.0
37.292  748.0  40.0  0.0
37.292  748.0  40.0  0.0
37.308  749.0  39.0  0.0
37.325  748.0  39.0  0.0
37.342  748.0  40.0  0.0
37.358  748.0  39.0  0.0
37.358  748.0  39.0  0.0
37.392  748.0  39.0  0.0
37.408  749.0  40.0  0.0
37.425  748.0  39.0  0.0
37.458  748.0  40.0  0.0
37.458  748.0  40.0  0.0
37.475  748.0  40.0  0.0
37.491  748.0  39.0  0.0
37.508  749.0  40.0  0.0
37.541  748.0  41.0  0.0
37.541  748.0  41.0  0.0
37.558  748.0  40.0  0.0
37.574  748.0  40.0  0.0
37.592  749.0  40.0  0.0
37.592  749.0  40.0  0.0
37.624  749.0  40.0  0.0
37.641  749.0  40.0  0.0
37.658  748.0  40.0  0.0
37.675  749.0  40.0  0.0
37.707  749.0  40.0  0.0
37.707  749.0  40.0  0.0
37.725  747.0  41.0  0.0
37.741  749.0  41.0  0.0
37.774  748.0  41.0  0.0
37.774  748.0  41.0  0.0
37.791  748.0  46.0  0.0
37.808  748.0  46.0  0.0
37.824  748.0  50.0  0.0
37.84  748.0  52.0  0.0
37.84  748.0  52.0  0.0
37.874  749.0  52.0  0.0
37.891  749.0  53.0  0.0
37.907  749.0  52.0  0.0
37.941  748.0  48.0  0.0
37.941  748.0  48.0  0.0
37.957  748.0  48.0  0.0
37.974  749.0  49.0  0.0
37.991  748.0  49.0  0.0
38.024  748.0  49.0  0.0
38.024  748.0  49.0  0.0
38.04  749.0  50.0  0.0
38.057  748.0  49.0  0.0
38.074  749.0  50.0  0.0
38.107  748.0  54.0  0.0
38.107  748.0  54.0  0.0
38.124  748.0  53.0  0.0
38.14  748.0  52.0  0.0
38.157  749.0  53.0  0.0
38.191  748.0  52.0  0.0
38.191  748.0  52.0  0.0
38.207  747.0  52.0  0.0
38.223  748.0  61.0  0.0
38.257  749.0  57.0  0.0
38.257  749.0  57.0  0.0
38.274  748.0  58.0  0.0
38.29  749.0  62.0  0.0
38.306  748.0  59.0  0.0
38.34  748.0  64.0  0.0
38.34  748.0  64.0  0.0
38.356  748.0  66.0  0.0
38.373  748.0  68.0  0.0
38.39  748.0  71.0  0.0
38.423  748.0  79.0  0.0
38.423  748.0  79.0  0.0
38.439  748.0  81.0  0.0
38.457  748.0  81.0  0.0
38.473  748.0  82.0  0.0
38.506  748.0  82.0  0.0
38.506  748.0  82.0  0.0
38.523  749.0  82.0  0.0
38.54  748.0  83.0  0.0
38.573  748.0  84.0  0.0
38.59  749.0  88.0  0.0
38.59  749.0  88.0  0.0
38.606  748.0  90.0  0.0
38.624  748.0  134.0  0.0
38.66  748.0  178.0  0.0
38.66  748.0  178.0  0.0
38.677  748.0  188.0  0.0
38.694  749.0  191.0  0.0
38.713  748.0  194.0  0.0
38.713  748.0  194.0  0.0
38.73  748.0  180.0  0.0
38.765  749.0  178.0  0.0
38.765  749.0  178.0  0.0
38.801  748.0  165.0  0.0
38.801  748.0  165.0  0.0
38.818  748.0  156.0  0.0
38.836  749.0  150.0  0.0
38.854  748.0  153.0  0.0
38.889  748.0  140.0  0.0
38.889  748.0  140.0  0.0
38.906  747.0  133.0  0.0
38.925  749.0  121.0  0.0
38.942  748.0  118.0  0.0
38.96  749.0  106.0  0.0
38.96  749.0  106.0  0.0
38.995  748.0  103.0  0.0
39.012  748.0  99.0  0.0
39.028  749.0  99.0  0.0
39.046  748.0  98.0  0.0
39.046  748.0  98.0  0.0
39.063  748.0  100.0  0.0
39.096  748.0  94.0  0.0
39.113  748.0  92.0  0.0
39.13  748.0  90.0  0.0
39.13  748.0  90.0  0.0
39.162  748.0  89.0  0.0
39.18  748.0  90.0  0.0
39.196  748.0  98.0  0.0
39.214  748.0  106.0  0.0
39.214  748.0  106.0  0.0
39.231  748.0  111.0  0.0
39.249  748.0  123.0  0.0
39.284  748.0  136.0  0.0
39.302  748.0  145.0  0.0
39.302  748.0  145.0  0.0
39.32  748.0  147.0  0.0
39.337  748.0  159.0  0.0
39.355  748.0  177.0  0.0
39.391  748.0  195.0  0.0
39.391  748.0  195.0  0.0
39.408  748.0  193.0  0.0
39.426  748.0  188.0  0.0
39.444  748.0  176.0  0.0
39.444  748.0  176.0  0.0
39.479  749.0  182.0  0.0
39.496  749.0  185.0  0.0
39.515  748.0  182.0  0.0
39.532  748.0  176.0  0.0
39.532  748.0  176.0  0.0
39.549  748.0  169.0  0.0
39.585  748.0  152.0  0.0
39.603  748.0  147.0  0.0
39.62  749.0  132.0  0.0
39.62  749.0  132.0  0.0
39.638  748.0  125.0  0.0
39.656  749.0  120.0  0.0
39.673  748.0  126.0  0.0
39.709  747.0  117.0  0.0
39.709  747.0  117.0  0.0
39.727  749.0  112.0  0.0
39.744  748.0  107.0  0.0
39.76  748.0  96.0  0.0
39.794  748.0  94.0  0.0
39.794  748.0  94.0  0.0
39.812  749.0  100.0  0.0
39.829  748.0  105.0  0.0
39.847  748.0  105.0  0.0
39.865  748.0  106.0  0.0
39.865  748.0  106.0  0.0
39.882  748.0  107.0  0.0
39.9  748.0  109.0  0.0
39.934  749.0  92.0  0.0
39.934  749.0  92.0  0.0
39.952  748.0  103.0  0.0
39.969  748.0  113.0  0.0
39.988  747.0  110.0  0.0
40.023  748.0  136.0  0.0
40.023  748.0  136.0  0.0
40.041  749.0  147.0  0.0
40.058  748.0  160.0  0.0
40.076  748.0  160.0  0.0
40.093  748.0  179.0  0.0
40.093  748.0  179.0  0.0
40.129  748.0  200.0  0.0
40.146  748.0  192.0  0.0
40.164  748.0  198.0  0.0
40.182  748.0  203.0  0.0
40.182  748.0  203.0  0.0
40.2  748.0  224.0  0.0
40.217  748.0  225.0  0.0
40.253  748.0  241.0  0.0
40.27  748.0  243.0  0.0
40.27  748.0  243.0  0.0
40.288  749.0  229.0  0.0
40.305  748.0  223.0  0.0
40.324  749.0  219.0  0.0
40.324  749.0  219.0  0.0
40.358  748.0  204.0  0.0
40.377  749.0  191.0  0.0
40.394  748.0  181.0  0.0
40.412  748.0  172.0  0.0
40.412  748.0  172.0  0.0
40.429  749.0  160.0  0.0
40.465  749.0  141.0  0.0
40.482  748.0  127.0  0.0
40.5  748.0  128.0  0.0
40.5  748.0  128.0  0.0
40.518  748.0  126.0  0.0
40.536  747.0  119.0  0.0
40.553  748.0  114.0  0.0
40.589  748.0  103.0  0.0
40.589  748.0  103.0  0.0
40.605  748.0  98.0  0.0
40.622  748.0  95.0  0.0
40.638  748.0  95.0  0.0
40.672  748.0  93.0  0.0
40.672  748.0  93.0  0.0
40.688  748.0  92.0  0.0
40.705  748.0  98.0  0.0
40.723  747.0  102.0  0.0
40.758  748.0  107.0  0.0
40.758  748.0  107.0  0.0
40.776  748.0  109.0  0.0
40.794  747.0  110.0  0.0
40.811  748.0  111.0  0.0
40.811  748.0  111.0  0.0
40.828  748.0  114.0  0.0
40.847  748.0  116.0  0.0
40.882  748.0  125.0  0.0
40.899  749.0  130.0  0.0
40.899  749.0  130.0  0.0
40.918  748.0  132.0  0.0
40.935  748.0  133.0  0.0
40.97  749.0  141.0  0.0
40.988  748.0  150.0  0.0
40.988  748.0  150.0  0.0
41.006  748.0  151.0  0.0
41.023  748.0  158.0  0.0
41.041  748.0  176.0  0.0
41.076  748.0  222.0  0.0
41.076  748.0  222.0  0.0
41.094  748.0  233.0  0.0
41.112  748.0  230.0  0.0
41.129  748.0  230.0  0.0
41.129  748.0  230.0  0.0
41.164  748.0  244.0  0.0
41.183  748.0  264.0  0.0
41.2  748.0  267.0  0.0
41.2  748.0  267.0  0.0
41.218  748.0  289.0  1.0
41.235  749.0  286.0  0.0
41.271  748.0  286.0  0.0
41.288  748.0  255.0  0.0
41.288  748.0  255.0  0.0
41.307  748.0  276.0  0.0
41.324  748.0  287.0  0.0
41.359  749.0  291.0  0.0
41.359  749.0  291.0  0.0
41.377  748.0  281.0  0.0
41.395  748.0  258.0  0.0
41.412  748.0  237.0  0.0
41.43  748.0  234.0  0.0
41.43  748.0  234.0  0.0
41.448  748.0  215.0  0.0
41.465  748.0  221.0  0.0
41.5  748.0  191.0  0.0
41.519  748.0  180.0  0.0
41.519  748.0  180.0  0.0
41.536  748.0  176.0  0.0
41.553  748.0  159.0  0.0
41.572  748.0  147.0  0.0
41.607  748.0  147.0  0.0
41.607  748.0  147.0  0.0
41.624  747.0  151.0  0.0
41.643  749.0  152.0  0.0
41.66  749.0  138.0  0.0
41.677  748.0  125.0  0.0
41.677  748.0  125.0  0.0
41.713  748.0  124.0  0.0
41.731  748.0  127.0  0.0
41.748  748.0  128.0  0.0
41.765  748.0  119.0  0.0
41.765  748.0  119.0  0.0
41.784  749.0  118.0  0.0
41.801  748.0  124.0  0.0
41.835  748.0  94.0  0.0
41.853  748.0  100.0  0.0
41.853  748.0  100.0  0.0
41.87  748.0  94.0  0.0
41.886  748.0  98.0  0.0
41.922  748.0  113.0  0.0
41.922  748.0  113.0  0.0
41.939  749.0  119.0  0.0
41.957  748.0  118.0  0.0
41.975  748.0  123.0  0.0
42.01  748.0  132.0  0.0
42.01  748.0  132.0  0.0
42.028  748.0  136.0  0.0
42.046  748.0  144.0  0.0
42.063  748.0  176.0  0.0
42.063  748.0  176.0  0.0
42.081  748.0  202.0  0.0
42.117  748.0  251.0  0.0
42.134  748.0  267.0  0.0
42.151  748.0  269.0  0.0
42.151  748.0  269.0  0.0
42.169  749.0  277.0  0.0
42.187  747.0  280.0  0.0
42.222  748.0  258.0  0.0
42.241  748.0  266.0  0.0
42.241  748.0  266.0  0.0
42.258  748.0  261.0  0.0
42.275  749.0  282.0  0.0
42.293  748.0  279.0  1.0
42.329  748.0  287.0  0.0
42.329  748.0  287.0  0.0
42.346  748.0  287.0  0.0
42.363  748.0  283.0  0.0
42.382  748.0  285.0  0.0
42.399  748.0  277.0  0.0
42.399  748.0  277.0  0.0
42.417  748.0  270.0  1.0
42.452  749.0  253.0  0.0
42.47  749.0  242.0  0.0
42.487  749.0  238.0  0.0
42.487  749.0  238.0  0.0
42.506  748.0  230.0  0.0
42.523  749.0  223.0  0.0
42.558  749.0  198.0  0.0
42.558  749.0  198.0  0.0
42.576  748.0  164.0  0.0
42.594  747.0  159.0  0.0
42.611  748.0  159.0  0.0
42.629  748.0  155.0  0.0
42.629  748.0  155.0  0.0
42.647  748.0  141.0  0.0
42.682  748.0  125.0  0.0
42.699  748.0  122.0  0.0
42.718  747.0  108.0  0.0
42.718  747.0  108.0  0.0
42.735  748.0  109.0  0.0
42.753  748.0  103.0  0.0
42.787  748.0  87.0  0.0
42.804  748.0  86.0  0.0
42.804  748.0  86.0  0.0
42.82  749.0  87.0  0.0
42.854  748.0  87.0  0.0
42.87  748.0  86.0  0.0
42.87  748.0  86.0  0.0
42.887  748.0  85.0  0.0
42.904  748.0  85.0  0.0
42.937  748.0  86.0  0.0
42.953  748.0  86.0  0.0
42.953  748.0  86.0  0.0
42.971  747.0  85.0  0.0
42.987  748.0  85.0  0.0
43.02  748.0  84.0  0.0
43.037  748.0  84.0  0.0
43.037  748.0  84.0  0.0
43.054  748.0  84.0  0.0
43.086  748.0  84.0  0.0
43.104  749.0  84.0  0.0
43.104  749.0  84.0  0.0
43.12  747.0  84.0  0.0
43.137  748.0  83.0  0.0
43.17  748.0  84.0  0.0
43.187  748.0  85.0  0.0
43.187  748.0  85.0  0.0
43.203  748.0  84.0  0.0
43.219  748.0  83.0  0.0
43.253  748.0  81.0  0.0
43.27  747.0  81.0  0.0
43.27  747.0  81.0  0.0
43.286  749.0  81.0  0.0
43.32  748.0  81.0  0.0
43.336  749.0  80.0  0.0
43.336  749.0  80.0  0.0
43.353  748.0  80.0  0.0
43.37  749.0  80.0  0.0
43.403  748.0  80.0  0.0
43.419  747.0  80.0  0.0
43.419  747.0  80.0  0.0
43.437  748.0  80.0  0.0
43.453  748.0  80.0  0.0
43.486  748.0  80.0  0.0
43.503  748.0  79.0  0.0
43.503  748.0  79.0  0.0
43.52  748.0  80.0  0.0
43.536  748.0  80.0  0.0
43.57  749.0  79.0  0.0
43.586  748.0  79.0  0.0
43.602  749.0  79.0  0.0
43.602  749.0  79.0  0.0
43.619  748.0  79.0  0.0
43.653  748.0  79.0  0.0
43.669  748.0  80.0  0.0
43.669  748.0  80.0  0.0
43.685  749.0  81.0  0.0
43.703  748.0  81.0  0.0
43.736  749.0  80.0  0.0
43.752  748.0  80.0  0.0
43.752  748.0  80.0  0.0
43.769  749.0  80.0  0.0
43.786  748.0  80.0  0.0
43.819  748.0  80.0  0.0
43.836  748.0  80.0  0.0
43.836  748.0  80.0  0.0
43.852  749.0  80.0  0.0
43.885  748.0  79.0  0.0
43.902  748.0  80.0  0.0
43.919  748.0  79.0  0.0
43.919  748.0  79.0  0.0
43.935  748.0  79.0  0.0
43.969  748.0  79.0  0.0
43.985  748.0  79.0  0.0
43.985  748.0  79.0  0.0
44.002  747.0  78.0  0.0
44.018  748.0  79.0  0.0
44.052  748.0  75.0  0.0
44.068  747.0  75.0  0.0
44.068  747.0  75.0  0.0
44.085  749.0  74.0  0.0
44.102  749.0  74.0  0.0
44.135  748.0  74.0  0.0
44.151  748.0  73.0  0.0
44.151  748.0  73.0  0.0
44.169  747.0  73.0  0.0
44.201  748.0  74.0  0.0
44.218  748.0  74.0  0.0
44.235  748.0  74.0  0.0
44.235  748.0  74.0  0.0
44.252  747.0  75.0  0.0
44.268  748.0  74.0  0.0
44.302  748.0  75.0  0.0
44.318  748.0  75.0  0.0
44.318  748.0  75.0  0.0
44.335  748.0  75.0  0.0
44.368  755.0  73.0  0.0
44.385  769.0  71.0  0.0
44.385  769.0  71.0  0.0
44.402  782.0  65.0  0.0
44.42  793.0  64.0  0.0
44.455  793.0  69.0  0.0
44.473  793.0  72.0  0.0
44.473  793.0  72.0  0.0
44.49  793.0  74.0  0.0
44.508  768.0  76.0  0.0
44.54  697.0  76.0  0.0
44.54  697.0  76.0  0.0
44.557  654.0  80.0  0.0
44.574  607.0  85.0  0.0
44.591  558.0  82.0  0.0
44.623  451.0  82.0  0.0
44.623  451.0  82.0  0.0
44.641  395.0  85.0  0.0
44.657  344.0  86.0  0.0
44.674  295.0  83.0  0.0
44.707  211.0  85.0  0.0
44.707  211.0  85.0  0.0
44.724  171.0  85.0  0.0
44.74  138.0  88.0  0.0
44.756  108.0  88.0  0.0
44.79  55.0  85.0  0.0
44.79  55.0  85.0  0.0
44.807  39.0  86.0  0.0
44.823  24.0  87.0  0.0
44.857  14.0  86.0  0.0
44.873  13.0  85.0  0.0
44.873  13.0  85.0  0.0
44.89  12.0  84.0  0.0
44.907  12.0  78.0  0.0
44.94  38.0  81.0  0.0
44.94  38.0  81.0  0.0
44.956  65.0  81.0  0.0
44.974  95.0  74.0  0.0
44.99  127.0  73.0  0.0
45.023  206.0  73.0  0.0
45.023  206.0  73.0  0.0
45.04  251.0  71.0  0.0
45.057  301.0  65.0  0.0
45.073  350.0  66.0  0.0
45.107  456.0  72.0  0.0
45.107  456.0  72.0  0.0
45.123  512.0  71.0  0.0
45.139  559.0  66.0  0.0
45.173  649.0  66.0  0.0
45.19  685.0  65.0  0.0
45.19  685.0  65.0  0.0
45.206  719.0  61.0  0.0
45.222  747.0  67.0  0.0
45.24  768.0  65.0  0.0
45.275  793.0  63.0  0.0
45.275  793.0  63.0  0.0
45.292  793.0  64.0  0.0
45.31  793.0  66.0  0.0
45.328  793.0  67.0  0.0
45.345  790.0  76.0  0.0
45.345  790.0  76.0  0.0
45.379  723.0  79.0  0.0
45.395  685.0  81.0  0.0
45.412  641.0  82.0  0.0
45.412  641.0  82.0  0.0
45.446  541.0  84.0  0.0
45.462  487.0  88.0  0.0
45.478  436.0  88.0  0.0
45.495  382.0  91.0  0.0
45.495  382.0  91.0  0.0
45.529  285.0  85.0  0.0
45.545  243.0  88.0  0.0
45.561  201.0  89.0  0.0
45.579  162.0  90.0  0.0
45.579  162.0  90.0  0.0
45.595  131.0  93.0  0.0
45.628  75.0  90.0  0.0
45.645  50.0  91.0  0.0
45.662  35.0  89.0  0.0
45.662  35.0  89.0  0.0
45.694  15.0  89.0  0.0
45.712  13.0  90.0  0.0
45.728  13.0  88.0  0.0
45.761  12.0  82.0  0.0
45.761  12.0  82.0  0.0
45.778  21.0  81.0  0.0
45.795  49.0  80.0  0.0
45.811  75.0  79.0  0.0
45.828  107.0  79.0  0.0
45.845  143.0  80.0  0.0
45.861  182.0  80.0  0.0
45.878  227.0  74.0  0.0
45.894  270.0  74.0  0.0
45.894  270.0  74.0  0.0
45.928  372.0  74.0  0.0
45.944  424.0  76.0  0.0
45.961  478.0  75.0  0.0
45.978  531.0  70.0  0.0
45.978  531.0  70.0  0.0
46.011  623.0  69.0  0.0
46.027  666.0  67.0  0.0
46.045  699.0  66.0  0.0
46.077  757.0  66.0  0.0
46.077  757.0  66.0  0.0
46.095  777.0  60.0  0.0
46.113  791.0  65.0  0.0
46.131  793.0  61.0  0.0
46.148  793.0  59.0  0.0
46.148  793.0  59.0  0.0
46.184  793.0  68.0  0.0
46.201  775.0  76.0  0.0
46.218  743.0  77.0  0.0
46.218  743.0  77.0  0.0
46.235  705.0  77.0  0.0
46.252  663.0  78.0  0.0
46.284  568.0  80.0  0.0
46.302  515.0  80.0  0.0
46.302  515.0  80.0  0.0
46.318  460.0  86.0  0.0
46.351  357.0  85.0  0.0
46.368  310.0  81.0  0.0
46.385  264.0  87.0  0.0
46.385  264.0  87.0  0.0
46.401  224.0  87.0  0.0
46.435  146.0  87.0  0.0
46.451  113.0  89.0  0.0
46.468  85.0  90.0  0.0
46.468  85.0  90.0  0.0
46.484  59.0  90.0  0.0
46.518  25.0  90.0  0.0
46.534  17.0  90.0  0.0
46.551  14.0  89.0  0.0
46.551  14.0  89.0  0.0
46.568  13.0  88.0  0.0
46.601  12.0  80.0  0.0
46.617  14.0  80.0  0.0
46.617  14.0  80.0  0.0
46.635  38.0  82.0  0.0
46.667  91.0  77.0  0.0
46.684  123.0  78.0  0.0
46.701  164.0  75.0  0.0
46.717  201.0  76.0  0.0
46.717  201.0  76.0  0.0
46.734  246.0  76.0  0.0
46.768  344.0  73.0  0.0
46.784  400.0  75.0  0.0
46.784  400.0  75.0  0.0
46.8  452.0  73.0  0.0
46.834  555.0  73.0  0.0
46.851  602.0  68.0  0.0
46.867  647.0  69.0  0.0
46.867  647.0  69.0  0.0
46.883  685.0  65.0  0.0
46.917  746.0  62.0  0.0
46.934  767.0  59.0  0.0
46.951  783.0  59.0  0.0
46.951  783.0  59.0  0.0
46.969  793.0  60.0  0.0
46.987  793.0  59.0  0.0
47.022  793.0  66.0  0.0
47.04  791.0  73.0  0.0
47.04  791.0  73.0  0.0
47.056  762.0  74.0  0.0
47.073  726.0  78.0  0.0
47.107  645.0  77.0  0.0
47.123  597.0  78.0  0.0
47.123  597.0  78.0  0.0
47.139  546.0  79.0  0.0
47.156  491.0  82.0  0.0
47.19  386.0  80.0  0.0
47.206  337.0  83.0  0.0
47.206  337.0  83.0  0.0
47.222  288.0  84.0  0.0
47.256  202.0  84.0  0.0
47.272  163.0  83.0  0.0
47.272  163.0  83.0  0.0
47.289  131.0  86.0  0.0
47.306  101.0  88.0  0.0
47.339  50.0  88.0  0.0
47.355  35.0  85.0  0.0
47.355  35.0  85.0  0.0
47.373  22.0  85.0  0.0
47.389  16.0  86.0  0.0
47.422  13.0  86.0  0.0
47.439  12.0  85.0  0.0
47.439  12.0  85.0  0.0
47.456  11.0  83.0  0.0
47.472  20.0  79.0  0.0
47.506  73.0  80.0  0.0
47.506  73.0  80.0  0.0
47.522  104.0  79.0  0.0
47.539  138.0  79.0  0.0
47.572  219.0  69.0  0.0
47.589  263.0  73.0  0.0
47.589  263.0  73.0  0.0
47.605  314.0  72.0  0.0
47.622  367.0  73.0  0.0
47.655  473.0  73.0  0.0
47.672  526.0  68.0  0.0
47.672  526.0  68.0  0.0
47.688  573.0  67.0  0.0
47.706  619.0  67.0  0.0
47.722  660.0  68.0  0.0
47.755  727.0  66.0  0.0
47.755  727.0  66.0  0.0
47.772  753.0  64.0  0.0
47.79  773.0  62.0  0.0
47.807  788.0  62.0  0.0
47.843  793.0  61.0  0.0
47.843  793.0  61.0  0.0
47.86  793.0  64.0  0.0
47.878  793.0  65.0  0.0
47.896  783.0  74.0  0.0
47.929  713.0  77.0  0.0
47.929  713.0  77.0  0.0
47.945  672.0  76.0  0.0
47.963  625.0  78.0  0.0
47.979  578.0  78.0  0.0
47.995  525.0  78.0  0.0
47.995  525.0  78.0  0.0
48.029  419.0  82.0  0.0
48.046  368.0  83.0  0.0
48.062  320.0  83.0  0.0
48.078  272.0  84.0  0.0
48.096  230.0  83.0  0.0
48.112  188.0  84.0  0.0
48.129  153.0  84.0  0.0
48.145  120.0  84.0  0.0
48.179  68.0  85.0  0.0
48.179  68.0  85.0  0.0
48.195  46.0  87.0  0.0
48.211  29.0  86.0  0.0
48.229  19.0  84.0  0.0
48.229  19.0  84.0  0.0
48.262  13.0  87.0  0.0
48.278  13.0  85.0  0.0
48.295  11.0  83.0  0.0
48.312  13.0  80.0  0.0
48.345  56.0  77.0  0.0
48.345  56.0  77.0  0.0
48.362  73.0  76.0  0.0
48.378  95.0  76.0  0.0
48.395  109.0  78.0  0.0
48.395  109.0  78.0  0.0
48.429  130.0  77.0  0.0
48.445  133.0  77.0  0.0
48.461  134.0  77.0  0.0
48.478  134.0  78.0  0.0
48.512  134.0  78.0  0.0
48.512  134.0  78.0  0.0
48.528  134.0  77.0  0.0
48.544  134.0  78.0  0.0
48.562  134.0  78.0  0.0
48.594  134.0  78.0  0.0
48.594  134.0  78.0  0.0
48.611  134.0  77.0  0.0
48.628  134.0  77.0  0.0
48.645  134.0  77.0  0.0
48.677  134.0  78.0  0.0
48.677  134.0  78.0  0.0
48.695  134.0  78.0  0.0
48.711  134.0  77.0  0.0
48.744  134.0  77.0  0.0
48.761  134.0  77.0  0.0
48.761  134.0  77.0  0.0
48.778  134.0  77.0  0.0
48.794  134.0  77.0  0.0
48.811  134.0  77.0  0.0
48.811  134.0  77.0  0.0
48.844  134.0  77.0  0.0
48.861  134.0  77.0  0.0
48.877  134.0  77.0  0.0
48.894  134.0  77.0  0.0
