19.486  537.0  429.0  0.0
19.486  537.0  429.0  0.0
19.486  537.0  429.0  0.0
19.486  537.0  429.0  0.0
19.486  537.0  429.0  0.0
19.486  537.0  429.0  0.0
19.486  537.0  429.0  0.0
19.486  537.0  429.0  0.0
19.486  537.0  429.0  0.0
19.486  537.0  429.0  0.0
19.486  537.0  429.0  0.0
19.486  537.0  429.0  0.0
19.486  537.0  429.0  0.0
19.486  537.0  429.0  0.0
19.486  537.0  429.0  0.0
19.486  537.0  429.0  0.0
19.486  537.0  429.0  0.0
19.486  537.0  429.0  0.0
19.486  537.0  429.0  0.0
19.486  537.0  429.0  0.0
19.486  537.0  429.0  0.0
19.486  537.0  429.0  0.0
19.486  537.0  429.0  0.0
19.486  537.0  429.0  0.0
19.486  537.0  429.0  0.0
19.486  537.0  429.0  0.0
19.486  537.0  429.0  0.0
19.486  537.0  429.0  0.0
19.486  537.0  429.0  0.0
19.486  537.0  429.0  0.0
19.486  537.0  429.0  0.0
19.486  537.0  429.0  0.0
19.486  537.0  429.0  0.0
19.486  537.0  429.0  0.0
19.486  537.0  429.0  0.0
19.486  537.0  429.0  0.0
19.486  537.0  429.0  0.0
19.486  537.0  429.0  0.0
19.486  537.0  429.0  0.0
19.486  537.0  429.0  0.0
19.486  537.0  429.0  0.0
19.486  537.0  429.0  0.0
19.486  537.0  429.0  0.0
19.486  537.0  429.0  0.0
0.0  537.0  673.0  0.0
0.0  537.0  673.0  0.0
0.0020  537.0  554.0  0.0
0.0030  538.0  626.0  0.0
0.01  538.0  685.0  0.0
0.024  537.0  278.0  0.0
0.024  537.0  278.0  0.0
0.054  537.0  814.0  0.0
0.068  537.0  516.0  0.0
0.082  537.0  244.0  0.0
0.112  537.0  825.0  0.0
0.112  537.0  825.0  0.0
0.128  537.0  438.0  0.0
0.158  537.0  353.0  0.0
0.175  537.0  780.0  0.0
0.205  538.0  321.0  0.0
0.205  538.0  321.0  0.0
0.221  537.0  242.0  0.0
0.236  537.0  569.0  0.0
0.252  537.0  823.0  0.0
0.252  537.0  823.0  0.0
0.283  537.0  253.0  0.0
0.299  538.0  304.0  0.0
0.33  537.0  772.0  0.0
0.346  538.0  348.0  0.0
0.346  538.0  348.0  0.0
0.361  537.0  243.0  0.0
0.393  537.0  818.0  0.0
0.408  537.0  550.0  0.0
0.408  537.0  550.0  0.0
0.423  537.0  267.0  0.0
0.455  537.0  698.0  0.0
0.471  537.0  827.0  0.0
0.501  537.0  243.0  0.0
0.501  537.0  243.0  0.0
0.518  537.0  449.0  0.0
0.533  537.0  817.0  0.0
0.564  537.0  287.0  0.0
0.58  537.0  250.0  0.0
0.58  537.0  250.0  0.0
0.595  537.0  653.0  0.0
0.626  537.0  400.0  0.0
0.643  538.0  244.0  0.0
0.643  538.0  244.0  0.0
0.658  537.0  391.0  0.0
0.689  537.0  680.0  0.0
0.705  537.0  312.0  0.0
0.72  537.0  239.0  0.0
0.72  537.0  239.0  0.0
0.751  537.0  823.0  0.0
0.783  537.0  246.0  0.0
0.783  537.0  246.0  0.0
0.798  538.0  332.0  0.0
0.814  537.0  767.0  0.0
0.845  537.0  332.0  0.0
0.861  537.0  244.0  0.0
0.861  537.0  244.0  0.0
0.876  537.0  559.0  0.0
0.908  537.0  518.0  0.0
0.908  537.0  518.0  0.0
0.969  538.0  797.0  0.0
0.969  538.0  797.0  0.0
0.986  537.0  360.0  0.0
1.017  537.0  373.0  0.0
1.034  537.0  713.0  0.0
1.051  537.0  825.0  0.0
1.051  537.0  825.0  0.0
1.084  537.0  307.0  0.0
1.1  537.0  242.0  0.0
1.118  537.0  381.0  0.0
1.118  537.0  381.0  0.0
1.134  537.0  718.0  0.0
1.167  537.0  543.0  0.0
1.184  538.0  306.0  0.0
1.184  538.0  306.0  0.0
1.201  537.0  241.0  0.0
1.233  537.0  724.0  0.0
1.251  538.0  826.0  0.0
1.251  538.0  826.0  0.0
1.284  537.0  303.0  0.0
1.3  537.0  240.0  0.0
1.317  537.0  395.0  0.0
1.317  537.0  395.0  0.0
1.334  537.0  728.0  0.0
1.367  537.0  532.0  0.0
1.384  537.0  297.0  0.0
1.384  537.0  297.0  0.0
1.4  537.0  242.0  0.0
1.433  537.0  733.0  0.0
1.451  537.0  823.0  0.0
1.467  537.0  522.0  0.0
1.467  537.0  522.0  0.0
1.483  537.0  298.0  0.0
1.517  537.0  409.0  0.0
1.533  537.0  736.0  0.0
1.55  537.0  826.0  0.0
1.55  537.0  826.0  0.0
1.584  537.0  295.0  0.0
1.6  537.0  240.0  0.0
1.616  537.0  413.0  0.0
1.65  537.0  826.0  0.0
1.65  537.0  826.0  0.0
1.667  537.0  511.0  0.0
1.683  537.0  293.0  0.0
1.699  537.0  242.0  0.0
1.717  537.0  419.0  0.0
1.717  537.0  419.0  0.0
1.75  538.0  824.0  0.0
1.766  537.0  502.0  0.0
1.783  537.0  287.0  0.0
1.8  537.0  241.0  0.0
1.816  537.0  427.0  0.0
1.832  537.0  750.0  0.0
1.85  537.0  827.0  0.0
1.866  537.0  495.0  0.0
1.866  537.0  495.0  0.0
1.899  537.0  243.0  0.0
1.916  537.0  436.0  0.0
1.933  537.0  757.0  0.0
1.949  537.0  825.0  0.0
1.949  537.0  825.0  0.0
1.983  537.0  280.0  0.0
1.999  537.0  244.0  0.0
2.016  537.0  454.0  0.0
2.016  537.0  454.0  0.0
2.032  537.0  765.0  0.0
2.066  537.0  497.0  0.0
2.082  537.0  283.0  0.0
2.099  537.0  241.0  0.0
2.132  537.0  768.0  0.0
2.132  537.0  768.0  0.0
2.149  537.0  824.0  0.0
2.165  537.0  493.0  0.0
2.183  537.0  282.0  0.0
2.183  537.0  282.0  0.0
2.215  537.0  421.0  0.0
2.232  537.0  771.0  0.0
2.249  537.0  829.0  0.0
2.266  537.0  485.0  0.0
2.266  537.0  485.0  0.0
2.298  537.0  242.0  0.0
2.316  537.0  429.0  0.0
2.332  537.0  776.0  0.0
2.349  537.0  827.0  0.0
2.349  537.0  827.0  0.0
2.382  537.0  276.0  0.0
2.399  537.0  241.0  0.0
2.415  537.0  436.0  0.0
2.449  537.0  825.0  0.0
2.449  537.0  825.0  0.0
2.465  537.0  469.0  0.0
2.482  537.0  276.0  0.0
2.498  537.0  240.0  0.0
2.532  538.0  789.0  0.0
2.548  537.0  826.0  0.0
2.548  537.0  826.0  0.0
2.565  537.0  462.0  0.0
2.582  538.0  270.0  0.0
2.615  537.0  451.0  0.0
2.631  537.0  790.0  0.0
2.631  537.0  790.0  0.0
2.649  537.0  827.0  0.0
2.681  537.0  268.0  0.0
2.698  537.0  241.0  0.0
2.715  537.0  461.0  0.0
2.715  537.0  461.0  0.0
2.732  537.0  798.0  0.0
2.748  537.0  825.0  0.0
2.782  538.0  261.0  0.0
2.782  537.0  242.0  0.0
2.798  537.0  242.0  0.0
2.814  537.0  470.0  0.0
2.848  537.0  829.0  0.0
2.865  537.0  436.0  0.0
2.881  537.0  259.0  0.0
2.881  537.0  259.0  0.0
2.897  537.0  238.0  0.0
2.931  537.0  807.0  0.0
2.948  537.0  827.0  0.0
2.948  537.0  827.0  0.0
2.964  537.0  428.0  0.0
2.998  537.0  237.0  0.0
3.014  537.0  492.0  0.0
3.031  538.0  809.0  0.0
3.031  538.0  809.0  0.0
3.048  537.0  825.0  0.0
3.081  537.0  258.0  0.0
3.097  537.0  242.0  0.0
3.115  537.0  505.0  0.0
3.115  537.0  505.0  0.0
3.131  537.0  810.0  0.0
3.164  537.0  410.0  0.0
3.181  537.0  253.0  0.0
3.181  537.0  253.0  0.0
3.197  537.0  239.0  0.0
3.23  537.0  816.0  0.0
3.248  537.0  821.0  0.0
3.264  537.0  401.0  0.0
3.264  537.0  401.0  0.0
3.28  537.0  249.0  0.0
3.314  537.0  520.0  0.0
3.331  537.0  817.0  0.0
3.347  538.0  813.0  0.0
3.347  538.0  813.0  0.0
3.381  537.0  251.0  0.0
3.397  538.0  241.0  0.0
3.397  538.0  241.0  0.0
3.414  537.0  531.0  0.0
3.447  537.0  813.0  0.0
3.464  537.0  399.0  0.0
3.48  537.0  250.0  0.0
3.48  537.0  250.0  0.0
3.496  537.0  242.0  0.0
3.53  537.0  818.0  0.0
3.547  538.0  805.0  0.0
3.563  537.0  393.0  0.0
3.563  537.0  393.0  0.0
3.58  537.0  248.0  0.0
3.613  537.0  542.0  0.0
3.63  537.0  816.0  0.0
3.647  537.0  781.0  0.0
3.647  537.0  781.0  0.0
3.663  537.0  385.0  0.0
3.696  537.0  239.0  0.0
3.714  537.0  548.0  0.0
3.714  537.0  548.0  0.0
3.73  537.0  814.0  0.0
3.763  537.0  388.0  0.0
3.78  537.0  250.0  0.0
3.796  537.0  242.0  0.0
3.796  537.0  242.0  0.0
3.813  537.0  550.0  0.0
3.829  537.0  816.0  0.0
3.863  537.0  391.0  0.0
3.879  538.0  250.0  0.0
3.879  538.0  250.0  0.0
3.896  537.0  242.0  0.0
3.93  537.0  814.0  0.0
3.946  537.0  777.0  0.0
3.946  537.0  777.0  0.0
3.962  537.0  387.0  0.0
3.996  537.0  239.0  0.0
4.013  538.0  559.0  0.0
4.029  537.0  816.0  0.0
4.029  537.0  816.0  0.0
4.046  538.0  771.0  0.0
4.079  537.0  249.0  0.0
4.096  537.0  241.0  0.0
4.113  537.0  572.0  0.0
4.113  537.0  572.0  0.0
4.129  537.0  822.0  0.0
4.162  537.0  368.0  0.0
4.179  537.0  244.0  0.0
4.196  537.0  239.0  0.0
4.196  537.0  239.0  0.0
4.229  537.0  818.0  0.0
4.246  538.0  749.0  0.0
4.262  538.0  367.0  0.0
4.279  537.0  246.0  0.0
4.279  537.0  246.0  0.0
4.313  537.0  596.0  0.0
4.329  537.0  822.0  0.0
4.329  537.0  822.0  0.0
4.362  538.0  364.0  0.0
4.379  537.0  241.0  0.0
4.396  537.0  240.0  0.0
4.412  537.0  601.0  0.0
4.412  537.0  601.0  0.0
4.428  537.0  822.0  0.0
4.462  537.0  363.0  0.0
4.478  537.0  245.0  0.0
4.495  537.0  236.0  0.0
4.495  537.0  236.0  0.0
4.529  537.0  822.0  0.0
4.545  537.0  730.0  0.0
4.561  537.0  359.0  0.0
4.561  537.0  359.0  0.0
4.595  537.0  242.0  0.0
4.612  537.0  613.0  0.0
4.628  537.0  821.0  0.0
4.645  537.0  718.0  0.0
4.645  537.0  718.0  0.0
4.662  537.0  356.0  0.0
4.695  537.0  242.0  0.0
4.712  537.0  618.0  0.0
4.728  538.0  823.0  0.0
4.728  538.0  823.0  0.0
4.761  538.0  355.0  0.0
4.779  537.0  242.0  0.0
4.795  537.0  240.0  0.0
4.795  537.0  240.0  0.0
4.811  537.0  623.0  0.0
4.845  537.0  700.0  0.0
4.861  537.0  350.0  0.0
4.878  537.0  241.0  0.0
4.878  537.0  241.0  0.0
4.894  537.0  241.0  0.0
4.928  537.0  824.0  0.0
4.944  537.0  691.0  0.0
4.961  538.0  347.0  0.0
4.961  538.0  347.0  0.0
4.995  537.0  241.0  0.0
5.011  537.0  634.0  0.0
5.027  537.0  822.0  0.0
5.045  537.0  692.0  0.0
5.045  537.0  692.0  0.0
5.078  488.0  241.0  0.0
5.094  537.0  243.0  0.0
5.111  537.0  635.0  0.0
5.144  537.0  679.0  0.0
5.144  537.0  679.0  0.0
5.16  537.0  345.0  0.0
5.178  537.0  244.0  0.0
5.194  537.0  242.0  0.0
5.194  537.0  242.0  0.0
5.211  537.0  640.0  0.0
5.244  537.0  675.0  0.0
5.261  537.0  343.0  0.0
5.277  537.0  242.0  0.0
5.277  537.0  242.0  0.0
5.311  537.0  644.0  0.0
5.327  537.0  824.0  0.0
5.344  537.0  670.0  0.0
5.36  537.0  343.0  0.0
5.36  537.0  343.0  0.0
5.394  537.0  244.0  0.0
5.41  537.0  648.0  0.0
5.427  537.0  824.0  0.0
5.444  537.0  661.0  0.0
5.444  537.0  661.0  0.0
5.477  537.0  243.0  0.0
5.493  537.0  247.0  0.0
5.511  537.0  653.0  0.0
5.543  538.0  654.0  0.0
5.543  538.0  654.0  0.0
5.56  537.0  335.0  0.0
5.577  537.0  242.0  0.0
5.61  538.0  657.0  0.0
5.61  538.0  657.0  0.0
5.626  537.0  823.0  0.0
5.644  538.0  648.0  0.0
5.66  537.0  337.0  0.0
5.66  537.0  337.0  0.0
5.693  537.0  253.0  0.0
5.71  538.0  660.0  0.0
5.727  537.0  825.0  0.0
5.743  537.0  639.0  0.0
5.743  537.0  639.0  0.0
5.777  537.0  243.0  0.0
5.793  537.0  257.0  0.0
5.81  537.0  665.0  0.0
5.826  537.0  824.0  0.0
5.826  537.0  824.0  0.0
5.86  537.0  331.0  0.0
5.876  537.0  242.0  0.0
5.893  537.0  268.0  0.0
5.893  537.0  268.0  0.0
5.926  537.0  825.0  0.0
5.943  538.0  622.0  0.0
5.959  537.0  326.0  0.0
5.977  537.0  243.0  0.0
5.993  537.0  277.0  0.0
5.993  537.0  277.0  0.0
6.026  537.0  823.0  0.0
6.043  538.0  617.0  0.0
6.06  538.0  323.0  0.0
6.06  538.0  323.0  0.0
6.092  537.0  282.0  0.0
6.11  537.0  683.0  0.0
6.126  537.0  825.0  0.0
6.142  537.0  610.0  0.0
6.142  537.0  610.0  0.0
6.176  537.0  243.0  0.0
6.193  537.0  291.0  0.0
6.209  538.0  687.0  0.0
6.225  537.0  824.0  0.0
6.225  537.0  824.0  0.0
6.259  537.0  320.0  0.0
6.276  537.0  241.0  0.0
6.292  537.0  300.0  0.0
6.326  537.0  825.0  0.0
6.326  537.0  825.0  0.0
6.342  537.0  598.0  0.0
6.359  537.0  316.0  0.0
6.376  537.0  242.0  0.0
6.376  537.0  242.0  0.0
6.409  538.0  699.0  0.0
6.425  537.0  827.0  0.0
6.443  537.0  591.0  0.0
6.475  537.0  243.0  0.0
6.475  537.0  243.0  0.0
6.492  537.0  318.0  2.0
6.509  537.0  705.0  2.0
6.525  537.0  825.0  2.0
6.542  537.0  586.0  2.0
6.542  537.0  586.0  2.0
6.576  537.0  242.0  1.0
6.592  537.0  327.0  2.0
6.608  537.0  710.0  4.0
6.642  537.0  577.0  3.0
6.642  537.0  577.0  3.0
6.659  537.0  309.0  4.0
6.675  537.0  238.0  4.0
6.691  537.0  333.0  4.0
6.725  537.0  825.0  5.0
6.725  537.0  825.0  5.0
6.742  537.0  570.0  4.0
6.758  537.0  303.0  4.0
6.775  537.0  242.0  4.0
6.808  537.0  722.0  5.0
6.808  537.0  722.0  5.0
6.824  538.0  825.0  5.0
6.842  537.0  563.0  4.0
6.858  537.0  301.0  4.0
6.891  537.0  349.0  5.0
6.891  537.0  349.0  5.0
6.908  537.0  727.0  6.0
6.925  537.0  822.0  7.0
6.941  537.0  556.0  6.0
6.958  537.0  298.0  7.0
6.975  537.0  241.0  9.0
6.992  537.0  355.0  10.0
7.01  537.0  639.0  10.0
7.028  537.0  815.0  10.0
7.028  537.0  815.0  10.0
7.046  537.0  829.0  10.0
7.078  537.0  334.0  9.0
7.097  537.0  242.0  10.0
7.113  537.0  240.0  8.0
7.113  537.0  240.0  8.0
7.146  537.0  819.0  7.0
7.163  538.0  777.0  5.0
7.18  537.0  390.0  4.0
7.196  537.0  249.0  3.0
7.23  537.0  561.0  4.0
7.23  537.0  561.0  4.0
7.246  537.0  819.0  6.0
7.263  538.0  775.0  7.0
7.279  537.0  384.0  9.0
7.279  537.0  384.0  9.0
7.315  537.0  241.0  14.0
7.332  537.0  306.0  14.0
7.35  537.0  598.0  15.0
7.35  537.0  598.0  15.0
7.368  537.0  808.0  15.0
7.386  538.0  822.0  15.0
7.42  537.0  410.0  14.0
7.42  537.0  410.0  14.0
7.439  537.0  294.0  11.0
7.455  537.0  241.0  8.0
7.472  537.0  241.0  3.0
7.505  537.0  825.0  0.0
7.505  537.0  825.0  0.0
7.522  537.0  666.0  0.0
7.538  537.0  340.0  0.0
7.572  537.0  239.0  1.0
7.588  537.0  653.0  0.0
7.588  537.0  653.0  0.0
7.605  537.0  826.0  1.0
7.621  537.0  661.0  0.0
7.655  537.0  243.0  0.0
7.671  537.0  236.0  0.0
7.671  537.0  236.0  0.0
7.688  537.0  657.0  0.0
7.705  538.0  824.0  0.0
7.738  538.0  336.0  0.0
7.738  538.0  336.0  0.0
7.754  537.0  239.0  0.0
7.772  537.0  242.0  0.0
7.788  537.0  663.0  0.0
7.821  538.0  640.0  0.0
7.821  538.0  640.0  0.0
7.838  537.0  331.0  0.0
7.855  537.0  240.0  0.0
7.887  537.0  673.0  0.0
7.905  537.0  826.0  0.0
7.905  537.0  826.0  0.0
7.921  537.0  633.0  0.0
7.938  537.0  329.0  0.0
7.971  537.0  262.0  0.0
7.988  537.0  678.0  0.0
7.988  537.0  678.0  0.0
8.004  537.0  826.0  0.0
8.02  537.0  627.0  0.0
8.038  537.0  325.0  0.0
8.071  537.0  271.0  0.0
8.071  537.0  271.0  0.0
8.087  537.0  684.0  0.0
8.104  537.0  822.0  0.0
8.137  537.0  320.0  0.0
8.154  537.0  241.0  0.0
8.154  537.0  241.0  0.0
8.171  537.0  279.0  0.0
8.187  537.0  688.0  0.0
8.22  537.0  611.0  0.0
8.22  537.0  611.0  0.0
8.238  537.0  319.0  0.0
8.254  537.0  240.0  0.0
8.27  537.0  292.0  0.0
8.304  538.0  826.0  0.0
8.304  538.0  826.0  0.0
8.321  537.0  604.0  0.0
8.337  538.0  316.0  0.0
8.371  537.0  297.0  0.0
8.387  537.0  701.0  0.0
8.387  537.0  701.0  0.0
8.403  538.0  825.0  0.0
8.42  537.0  597.0  0.0
8.454  538.0  241.0  0.0
8.47  537.0  307.0  0.0
8.47  537.0  307.0  0.0
8.486  537.0  707.0  0.0
8.504  537.0  826.0  0.0
8.537  537.0  310.0  0.0
8.553  537.0  240.0  0.0
8.553  537.0  240.0  0.0
8.57  290.0  191.0  0.0
8.587  172.0  538.0  0.0
8.617  23.0  123.0  0.0
8.632  32.0  0.0  0.0
8.632  32.0  0.0  0.0
8.647  83.0  697.0  0.0
8.68  537.0  467.0  0.0
8.697  538.0  429.0  0.0
8.697  538.0  429.0  0.0
8.714  538.0  442.0  0.0
8.747  537.0  595.0  0.0
8.764  537.0  611.0  0.0
8.78  537.0  532.0  0.0
8.797  537.0  463.0  0.0
8.797  537.0  463.0  0.0
8.83  537.0  520.0  0.0
8.847  538.0  598.0  0.0
8.863  537.0  611.0  0.0
8.863  537.0  611.0  0.0
8.897  538.0  461.0  0.0
8.913  537.0  463.0  0.0
8.93  537.0  521.0  0.0
8.946  537.0  599.0  0.0
8.946  537.0  599.0  0.0
8.98  537.0  529.0  0.0
8.996  538.0  461.0  0.0
9.013  537.0  463.0  0.0
9.03  537.0  523.0  0.0
9.03  537.0  523.0  0.0
9.063  537.0  610.0  0.0
9.079  538.0  527.0  0.0
9.097  538.0  461.0  0.0
9.113  537.0  464.0  0.0
9.113  537.0  464.0  0.0
9.146  537.0  601.0  0.0
9.163  538.0  608.0  0.0
9.18  538.0  526.0  0.0
9.196  537.0  460.0  0.0
9.196  537.0  460.0  0.0
9.23  537.0  527.0  0.0
9.246  537.0  602.0  0.0
9.263  537.0  608.0  0.0
9.279  538.0  524.0  0.0
9.279  538.0  524.0  0.0
9.313  537.0  467.0  0.0
9.329  537.0  529.0  0.0
9.346  537.0  603.0  0.0
9.379  538.0  522.0  0.0
9.379  538.0  522.0  0.0
9.396  538.0  459.0  0.0
9.412  537.0  468.0  0.0
9.43  538.0  531.0  0.0
9.43  538.0  531.0  0.0
9.446  537.0  604.0  0.0
9.479  538.0  520.0  0.0
9.496  537.0  458.0  0.0
9.512  537.0  470.0  0.0
9.512  537.0  470.0  0.0
9.545  537.0  606.0  0.0
9.563  537.0  605.0  0.0
9.579  537.0  518.0  0.0
9.595  537.0  458.0  0.0
9.595  537.0  458.0  0.0
9.629  537.0  535.0  0.0
9.646  537.0  606.0  0.0
9.662  537.0  603.0  0.0
9.696  537.0  456.0  0.0
9.696  537.0  456.0  0.0
9.712  537.0  471.0  0.0
9.729  538.0  537.0  0.0
9.745  537.0  608.0  0.0
9.745  537.0  608.0  0.0
9.762  538.0  602.0  0.0
9.795  537.0  455.0  0.0
9.811  537.0  471.0  0.0
9.829  537.0  539.0  0.0
9.829  537.0  539.0  0.0
9.862  537.0  603.0  1.0
9.878  537.0  509.0  0.0
9.895  537.0  451.0  0.0
9.912  537.0  469.0  0.0
9.912  537.0  469.0  0.0
9.945  537.0  619.0  0.0
9.962  537.0  606.0  0.0
9.978  537.0  505.0  0.0
9.995  537.0  444.0  0.0
9.995  537.0  444.0  0.0
10.03  537.0  523.0  0.0
10.047  537.0  595.0  0.0
10.064  537.0  639.0  0.0
10.082  538.0  624.0  0.0
10.082  538.0  624.0  0.0
10.1  537.0  552.0  0.0
10.135  537.0  427.0  0.0
10.152  537.0  435.0  0.0
10.171  537.0  488.0  0.0
10.171  537.0  488.0  0.0
10.188  538.0  556.0  0.0
10.206  537.0  632.0  0.0
10.224  537.0  674.0  0.0
10.224  537.0  674.0  0.0
10.259  537.0  841.0  0.0
10.276  537.0  623.0  0.0
10.295  537.0  312.0  0.0
10.312  537.0  248.0  0.0
10.312  537.0  248.0  0.0
10.33  537.0  240.0  0.0
10.364  538.0  769.0  0.0
10.382  538.0  780.0  0.0
10.399  538.0  850.0  0.0
10.399  538.0  850.0  0.0
10.417  538.0  778.0  0.0
10.452  538.0  259.0  0.0
10.47  537.0  228.0  0.0
10.487  537.0  598.0  0.0
10.487  537.0  598.0  0.0
10.506  538.0  927.0  0.0
10.524  537.0  1023.0  0.0
10.543  537.0  1023.0  0.0
10.543  537.0  1023.0  0.0
10.562  538.0  1023.0  0.0
10.599  537.0  1023.0  0.0
10.617  537.0  1023.0  0.0
10.617  537.0  1023.0  0.0
10.636  538.0  936.0  0.0
10.652  537.0  41.0  0.0
10.683  538.0  0.0  0.0
10.702  538.0  1023.0  0.0
10.702  538.0  1023.0  0.0
10.721  537.0  1023.0  0.0
10.739  538.0  1023.0  0.0
10.758  537.0  843.0  0.0
10.792  537.0  236.0  0.0
10.792  537.0  236.0  0.0
10.81  538.0  232.0  0.0
10.828  538.0  230.0  0.0
10.846  537.0  550.0  0.0
10.863  537.0  817.0  0.0
10.863  537.0  817.0  0.0
10.899  537.0  791.0  0.0
10.916  537.0  440.0  0.0
10.934  537.0  284.0  0.0
10.934  537.0  284.0  0.0
10.951  537.0  241.0  0.0
10.97  537.0  237.0  0.0
11.004  537.0  683.0  0.0
11.023  537.0  822.0  0.0
11.023  537.0  822.0  0.0
11.04  537.0  829.0  0.0
11.058  537.0  651.0  0.0
11.075  538.0  378.0  0.0
11.075  538.0  378.0  0.0
11.111  537.0  238.0  0.0
11.128  537.0  239.0  0.0
11.146  537.0  436.0  0.0
11.164  538.0  758.0  0.0
11.182  537.0  821.0  0.0
11.182  537.0  821.0  0.0
11.199  537.0  831.0  0.0
11.235  537.0  340.0  0.0
11.252  537.0  244.0  0.0
11.252  537.0  244.0  0.0
11.27  537.0  238.0  0.0
11.288  537.0  234.0  0.0
11.305  538.0  514.0  0.0
11.34  537.0  827.0  0.0
11.34  537.0  827.0  0.0
11.359  537.0  834.0  0.0
11.376  537.0  510.0  0.0
11.394  538.0  297.0  0.0
11.394  538.0  297.0  0.0
11.411  537.0  238.0  0.0
11.447  538.0  229.0  0.0
11.464  537.0  632.0  0.0
11.482  537.0  828.0  0.0
11.482  537.0  828.0  0.0
11.5  537.0  823.0  0.0
11.517  537.0  828.0  0.0
11.553  537.0  247.0  0.0
11.571  538.0  235.0  0.0
11.571  538.0  235.0  0.0
11.588  537.0  240.0  0.0
11.606  537.0  331.0  0.0
11.624  537.0  736.0  0.0
11.641  538.0  828.0  0.0
11.641  538.0  828.0  0.0
11.676  538.0  642.0  0.0
11.695  538.0  358.0  0.0
11.712  537.0  245.0  0.0
11.729  537.0  236.0  0.0
11.729  537.0  236.0  0.0
11.747  538.0  232.0  0.0
11.783  537.0  815.0  0.0
11.8  537.0  830.0  0.0
11.8  537.0  830.0  0.0
11.817  537.0  833.0  0.0
11.836  537.0  511.0  0.0
11.871  537.0  248.0  0.0
11.889  537.0  238.0  0.0
11.889  537.0  238.0  0.0
11.907  537.0  232.0  0.0
11.924  537.0  612.0  0.0
11.941  538.0  824.0  0.0
11.96  537.0  834.0  0.0
11.96  537.0  834.0  0.0
11.995  537.0  435.0  0.0
12.012  537.0  246.0  0.0
12.03  538.0  233.0  0.0
12.048  537.0  236.0  0.0
12.048  537.0  236.0  0.0
12.065  537.0  317.0  0.0
12.083  537.0  723.0  1.0
12.119  538.0  830.0  1.0
12.136  537.0  651.0  0.0
12.136  537.0  651.0  0.0
12.154  537.0  367.0  0.0
12.172  537.0  247.0  0.0
12.189  537.0  239.0  1.0
12.225  537.0  467.0  1.0
12.225  537.0  467.0  1.0
12.242  538.0  815.0  1.0
12.26  537.0  830.0  1.0
12.277  537.0  829.0  1.0
12.277  537.0  829.0  1.0
12.296  537.0  569.0  1.0
12.331  537.0  241.0  0.0
12.348  537.0  242.0  0.0
12.366  538.0  230.0  1.0
12.366  538.0  230.0  1.0
12.384  537.0  560.0  1.0
12.401  537.0  820.0  1.0
12.437  538.0  832.0  1.0
12.437  538.0  832.0  1.0
12.454  537.0  459.0  1.0
12.472  537.0  261.0  0.0
12.49  537.0  238.0  1.0
12.525  537.0  259.0  0.0
12.525  537.0  259.0  0.0
12.542  537.0  696.0  0.0
12.561  538.0  824.0  1.0
12.578  537.0  822.0  1.0
12.596  538.0  697.0  0.0
12.596  538.0  697.0  0.0
12.632  537.0  244.0  1.0
12.649  537.0  237.0  0.0
12.666  537.0  232.0  0.0
12.666  537.0  232.0  0.0
12.685  537.0  447.0  1.0
12.702  537.0  809.0  1.0
12.737  537.0  831.0  1.0
12.755  538.0  520.0  0.0
12.755  538.0  520.0  0.0
12.773  537.0  313.0  0.0
12.79  537.0  239.0  0.0
12.808  537.0  233.0  0.0
12.844  537.0  589.0  1.0
12.844  537.0  589.0  1.0
12.861  538.0  828.0  1.0
12.878  538.0  832.0  1.0
12.897  537.0  815.0  1.0
12.914  538.0  438.0  1.0
12.914  538.0  438.0  1.0
12.949  537.0  239.0  0.0
12.967  537.0  235.0  1.0
12.985  538.0  350.0  1.0
12.985  538.0  350.0  1.0
13.002  538.0  715.0  1.0
13.021  537.0  821.0  2.0
13.038  538.0  830.0  1.0
13.073  537.0  367.0  0.0
13.073  537.0  367.0  0.0
13.091  537.0  244.0  0.0
13.109  538.0  242.0  0.0
13.126  537.0  232.0  1.0
13.144  538.0  470.0  0.0
13.144  538.0  470.0  0.0
13.179  537.0  832.0  1.0
13.197  538.0  832.0  1.0
13.214  537.0  505.0  1.0
13.233  537.0  312.0  1.0
13.233  537.0  312.0  1.0
13.25  537.0  237.0  0.0
13.286  537.0  235.0  0.0
13.303  537.0  607.0  1.0
13.303  537.0  607.0  1.0
13.321  538.0  823.0  1.0
13.338  538.0  827.0  1.0
13.357  538.0  775.0  1.0
13.391  537.0  255.0  0.0
13.391  537.0  255.0  0.0
13.409  537.0  237.0  0.0
13.427  537.0  238.0  0.0
13.445  538.0  355.0  0.0
13.445  538.0  355.0  0.0
13.462  537.0  706.0  1.0
13.498  537.0  829.0  1.0
13.515  537.0  677.0  1.0
13.533  537.0  377.0  1.0
13.533  537.0  377.0  1.0
13.551  537.0  249.0  0.0
13.569  537.0  237.0  0.0
13.586  537.0  231.0  0.0
13.622  537.0  812.0  1.0
13.622  537.0  812.0  1.0
13.639  537.0  826.0  1.0
13.657  537.0  829.0  1.0
13.674  538.0  525.0  1.0
13.692  538.0  318.0  0.0
13.692  538.0  318.0  0.0
13.727  537.0  237.0  0.0
13.745  537.0  234.0  0.0
13.763  537.0  578.0  0.0
13.78  537.0  817.0  1.0
13.78  537.0  817.0  1.0
13.798  537.0  828.0  1.0
13.834  537.0  443.0  0.0
13.851  537.0  265.0  0.0
13.869  537.0  240.0  0.0
13.869  537.0  240.0  0.0
13.887  537.0  238.0  0.0
13.904  537.0  297.0  0.0
13.922  537.0  682.0  1.0
13.922  537.0  682.0  1.0
13.958  537.0  829.0  1.0
13.975  537.0  717.0  0.0
13.992  538.0  391.0  0.0
14.01  537.0  250.0  0.0
14.01  537.0  250.0  0.0
14.028  537.0  238.0  0.0
14.063  537.0  416.0  0.0
14.081  538.0  800.0  0.0
14.099  537.0  831.0  0.0
14.099  537.0  831.0  0.0
14.116  537.0  831.0  0.0
14.134  538.0  544.0  0.0
14.17  537.0  244.0  0.0
14.187  537.0  245.0  0.0
14.187  537.0  245.0  0.0
14.204  538.0  237.0  1.0
14.223  537.0  573.0  1.0
14.258  537.0  830.0  1.0
14.275  537.0  823.0  0.0
14.275  537.0  823.0  0.0
14.294  538.0  456.0  0.0
14.311  537.0  276.0  0.0
14.328  537.0  241.0  0.0
14.346  538.0  241.0  0.0
14.346  538.0  241.0  0.0
14.364  538.0  294.0  0.0
14.399  538.0  825.0  1.0
14.417  538.0  826.0  1.0
14.417  538.0  826.0  1.0
14.435  537.0  700.0  0.0
14.452  537.0  393.0  0.0
14.47  538.0  243.0  0.0
14.505  537.0  237.0  1.0
14.505  537.0  237.0  1.0
14.523  537.0  444.0  0.0
14.54  537.0  790.0  1.0
14.559  537.0  824.0  1.0
14.594  537.0  538.0  0.0
14.594  537.0  538.0  0.0
14.611  538.0  332.0  0.0
14.629  537.0  245.0  0.0
14.647  537.0  239.0  0.0
14.664  537.0  236.0  0.0
14.664  537.0  236.0  0.0
14.7  538.0  819.0  1.0
14.717  538.0  827.0  1.0
14.735  537.0  831.0  1.0
14.735  537.0  831.0  1.0
14.753  538.0  457.0  0.0
14.771  537.0  286.0  0.0
14.806  538.0  240.0  0.0
14.824  537.0  303.0  1.0
14.824  537.0  303.0  1.0
14.841  537.0  676.0  1.0
14.859  538.0  826.0  1.0
14.876  537.0  830.0  1.0
14.912  538.0  387.0  0.0
14.912  538.0  387.0  0.0
14.929  537.0  247.0  0.0
14.948  537.0  240.0  0.0
14.965  537.0  237.0  0.0
14.965  537.0  237.0  0.0
14.983  537.0  434.0  1.0
15.0  537.0  778.0  1.0
15.036  538.0  832.0  1.0
15.053  537.0  547.0  0.0
15.053  537.0  547.0  0.0
15.071  537.0  335.0  0.0
15.089  537.0  245.0  2.0
15.107  537.0  237.0  0.0
15.141  537.0  540.0  0.0
15.141  537.0  540.0  0.0
15.16  537.0  816.0  1.0
15.177  537.0  831.0  1.0
15.195  537.0  833.0  1.0
15.212  538.0  473.0  0.0
15.212  538.0  473.0  0.0
15.248  538.0  242.0  0.0
15.265  537.0  238.0  0.0
15.284  537.0  282.0  0.0
15.301  537.0  670.0  1.0
15.301  537.0  670.0  1.0
15.319  538.0  823.0  1.0
15.336  537.0  832.0  1.0
15.372  538.0  384.0  1.0
15.372  538.0  384.0  1.0
15.389  537.0  249.0  0.0
15.407  538.0  242.0  0.0
15.425  537.0  234.0  1.0
15.442  537.0  451.0  1.0
15.442  537.0  451.0  1.0
15.477  538.0  828.0  1.0
15.496  537.0  833.0  0.0
15.513  537.0  510.0  0.0
15.531  538.0  321.0  0.0
15.549  537.0  244.0  0.0
15.549  537.0  244.0  0.0
15.584  537.0  253.0  0.0
15.601  537.0  607.0  0.0
15.62  538.0  819.0  1.0
15.62  538.0  819.0  1.0
15.637  537.0  827.0  1.0
15.654  538.0  719.0  0.0
15.69  537.0  279.0  0.0
15.708  537.0  243.0  0.0
15.708  537.0  243.0  0.0
15.725  537.0  237.0  0.0
15.742  538.0  384.0  0.0
15.761  538.0  694.0  0.0
15.778  537.0  826.0  1.0
15.778  537.0  826.0  1.0
15.814  537.0  633.0  1.0
15.832  537.0  368.0  1.0
15.849  537.0  249.0  1.0
15.849  537.0  249.0  1.0
15.866  537.0  238.0  1.0
15.885  537.0  237.0  1.0
15.92  537.0  769.0  1.0
15.937  538.0  824.0  1.0
15.937  538.0  824.0  1.0
15.955  537.0  827.0  1.0
15.973  537.0  524.0  1.0
15.99  537.0  326.0  1.0
16.008  537.0  246.0  1.0
16.044  537.0  235.0  1.0
16.044  537.0  235.0  1.0
16.061  538.0  570.0  1.0
16.078  537.0  816.0  2.0
16.097  537.0  830.0  1.0
16.097  537.0  830.0  1.0
16.114  538.0  809.0  1.0
16.15  537.0  287.0  1.0
16.167  538.0  245.0  1.0
16.185  537.0  243.0  1.0
16.185  537.0  243.0  1.0
16.202  537.0  316.0  1.0
16.221  538.0  672.0  1.0
16.256  537.0  831.0  1.0
16.256  537.0  831.0  1.0
16.273  538.0  670.0  1.0
16.291  231.0  237.0  1.0
16.308  134.0  48.0  0.0
16.342  132.0  230.0  1.0
16.342  132.0  230.0  1.0
16.36  123.0  731.0  1.0
16.377  226.0  700.0  1.0
16.395  538.0  829.0  2.0
16.413  537.0  572.0  1.0
16.413  537.0  572.0  1.0
16.434  538.0  350.0  1011.0
16.454  537.0  410.0  1023.0
16.475  538.0  470.0  1023.0
16.496  537.0  613.0  1023.0
16.496  537.0  613.0  1023.0
16.517  537.0  748.0  1023.0
16.537  537.0  824.0  1023.0
16.558  537.0  828.0  952.0
16.578  537.0  825.0  1002.0
16.578  537.0  825.0  1002.0
16.618  537.0  836.0  871.0
16.637  537.0  831.0  916.0
16.657  537.0  826.0  971.0
16.657  537.0  826.0  971.0
16.677  538.0  825.0  1019.0
16.698  538.0  827.0  825.0
16.717  537.0  827.0  892.0
16.737  537.0  825.0  936.0
16.737  537.0  825.0  936.0
16.757  537.0  827.0  986.0
16.778  538.0  829.0  1023.0
16.797  537.0  831.0  848.0
16.818  537.0  831.0  912.0
16.818  537.0  831.0  912.0
16.837  538.0  828.0  959.0
16.858  538.0  825.0  1010.0
16.877  537.0  827.0  806.0
16.877  537.0  827.0  806.0
16.898  538.0  835.0  871.0
16.917  537.0  831.0  930.0
16.936  537.0  827.0  976.0
16.977  537.0  830.0  838.0
16.977  537.0  830.0  838.0
16.997  538.0  831.0  897.0
17.017  537.0  828.0  946.0
17.037  537.0  827.0  993.0
17.057  537.0  829.0  1023.0
17.057  537.0  829.0  1023.0
17.078  537.0  831.0  857.0
17.097  537.0  831.0  913.0
17.117  537.0  827.0  966.0
17.137  537.0  830.0  1006.0
17.137  537.0  830.0  1006.0
17.158  537.0  823.0  820.0
17.177  537.0  832.0  883.0
17.197  537.0  828.0  930.0
17.197  537.0  828.0  930.0
17.217  538.0  826.0  977.0
17.238  537.0  831.0  1023.0
17.257  538.0  830.0  839.0
17.276  537.0  832.0  903.0
17.276  537.0  832.0  903.0
17.297  538.0  830.0  950.0
17.316  538.0  826.0  999.0
17.337  538.0  833.0  1023.0
17.337  538.0  833.0  1023.0
17.377  537.0  827.0  912.0
17.396  537.0  828.0  964.0
17.418  538.0  826.0  1016.0
17.437  537.0  829.0  820.0
17.437  537.0  829.0  820.0
17.457  537.0  830.0  881.0
17.477  537.0  829.0  933.0
17.497  537.0  825.0  983.0
17.497  537.0  825.0  983.0
17.517  537.0  827.0  1023.0
17.537  537.0  827.0  839.0
17.557  537.0  829.0  900.0
17.576  538.0  829.0  946.0
17.576  538.0  829.0  946.0
17.617  538.0  826.0  799.0
17.637  538.0  825.0  870.0
17.656  537.0  832.0  922.0
17.677  538.0  825.0  966.0
17.677  538.0  825.0  966.0
17.697  538.0  831.0  1015.0
17.715  537.0  829.0  0.0
17.732  537.0  722.0  1.0
17.732  537.0  722.0  1.0
17.751  537.0  407.0  1.0
17.768  537.0  258.0  1.0
17.803  537.0  234.0  1.0
17.821  537.0  411.0  1.0
17.821  537.0  411.0  1.0
17.839  538.0  720.0  2.0
17.856  538.0  822.0  1.0
17.892  538.0  589.0  2.0
17.909  537.0  353.0  1.0
17.909  537.0  353.0  1.0
17.927  538.0  248.0  1.0
17.945  537.0  242.0  1.0
17.963  538.0  238.0  1.0
17.98  537.0  527.0  1.0
17.98  537.0  527.0  1.0
18.016  537.0  823.0  1.0
18.033  537.0  830.0  1.0
18.051  538.0  458.0  1.0
18.051  538.0  458.0  1.0
18.068  537.0  304.0  1.0
18.086  538.0  243.0  1.0
18.105  537.0  240.0  66.0
18.14  538.0  477.0  0.0
18.14  538.0  477.0  0.0
18.159  538.0  778.0  38.0
18.179  538.0  824.0  231.0
18.198  537.0  825.0  297.0
18.219  537.0  827.0  349.0
18.219  537.0  827.0  349.0
18.238  538.0  826.0  416.0
18.257  537.0  827.0  475.0
18.293  537.0  827.0  1.0
18.311  538.0  486.0  1.0
18.311  538.0  486.0  1.0
18.328  537.0  315.0  1.0
18.347  537.0  244.0  1.0
18.364  537.0  240.0  1.0
18.364  537.0  240.0  1.0
18.399  538.0  596.0  0.0
18.419  538.0  818.0  118.0
18.439  537.0  821.0  148.0
18.458  537.0  825.0  238.0
18.458  537.0  825.0  238.0
18.479  537.0  819.0  302.0
18.498  538.0  822.0  358.0
18.518  538.0  826.0  418.0
18.537  537.0  823.0  477.0
18.537  537.0  823.0  477.0
18.557  538.0  823.0  547.0
18.577  537.0  826.0  604.0
18.596  538.0  830.0  656.0
18.615  537.0  823.0  1.0
18.615  537.0  823.0  1.0
18.632  537.0  751.0  1.0
18.667  538.0  278.0  1.0
18.685  538.0  240.0  1.0
18.685  538.0  240.0  1.0
18.703  537.0  243.0  1.0
18.72  537.0  345.0  1.0
18.756  538.0  823.0  0.0
18.774  538.0  828.0  2.0
18.791  538.0  653.0  1.0
18.791  538.0  653.0  1.0
18.812  538.0  380.0  1023.0
18.833  538.0  442.0  1023.0
18.853  537.0  532.0  1023.0
18.853  537.0  532.0  1023.0
18.875  537.0  681.0  1023.0
18.895  537.0  816.0  1023.0
18.916  537.0  828.0  1023.0
18.935  537.0  831.0  865.0
18.956  537.0  829.0  913.0
18.956  537.0  829.0  913.0
18.975  537.0  825.0  961.0
18.996  537.0  826.0  1012.0
19.014  537.0  829.0  2.0
19.014  537.0  829.0  2.0
19.032  537.0  743.0  1.0
19.066  538.0  263.0  1.0
19.085  538.0  239.0  1.0
19.102  537.0  237.0  1.0
19.102  537.0  237.0  1.0
19.12  538.0  393.0  1.0
19.137  537.0  717.0  1.0
19.173  537.0  827.0  1.0
19.19  537.0  609.0  1.0
19.19  537.0  609.0  1.0
19.209  538.0  357.0  0.0
19.226  538.0  245.0  1.0
19.246  538.0  241.0  182.0
19.246  538.0  241.0  182.0
19.265  537.0  236.0  138.0
19.286  537.0  243.0  101.0
19.304  538.0  238.0  66.0
19.339  537.0  415.0  0.0
19.339  537.0  415.0  0.0
19.357  539.0  565.0  0.0
19.377  538.0  822.0  406.0
19.396  537.0  821.0  480.0
19.417  538.0  824.0  543.0
19.417  538.0  824.0  543.0
19.436  538.0  824.0  621.0
19.456  538.0  833.0  711.0
19.493  538.0  828.0  1.0
19.511  537.0  733.0  1.0
19.511  537.0  733.0  1.0
19.528  537.0  405.0  1.0
19.547  537.0  253.0  1.0
19.564  537.0  242.0  0.0
19.581  536.0  234.0  0.0
19.581  536.0  234.0  0.0
19.599  537.0  405.0  1.0
19.635  537.0  821.0  1.0
19.652  537.0  828.0  1.0
19.652  537.0  828.0  1.0
19.67  538.0  597.0  1.0
19.688  537.0  348.0  1.0
19.705  537.0  246.0  1.0
19.741  538.0  233.0  1.0
19.741  538.0  233.0  1.0
19.759  538.0  516.0  1.0
19.776  537.0  815.0  1.0
19.793  538.0  827.0  1.0
19.829  536.0  470.0  1.0
19.829  536.0  470.0  1.0
19.847  537.0  301.0  0.0
19.864  537.0  243.0  1.0
19.883  538.0  243.0  0.0
19.883  538.0  243.0  0.0
19.9  537.0  240.0  1.0
19.935  537.0  825.0  1.0
19.953  538.0  830.0  1.0
19.971  538.0  731.0  0.0
19.971  538.0  731.0  0.0
19.988  537.0  405.0  0.0
20.005  537.0  252.0  1.0
20.041  538.0  241.0  0.0
20.059  537.0  419.0  0.0
20.059  537.0  419.0  0.0
20.077  537.0  734.0  1.0
20.094  538.0  827.0  1.0
20.112  538.0  824.0  0.0
20.129  538.0  585.0  0.0
20.129  538.0  585.0  0.0
20.165  537.0  246.0  0.0
20.183  537.0  235.0  0.0
20.2  537.0  234.0  1.0
20.218  537.0  524.0  1.0
20.218  537.0  524.0  1.0
20.253  537.0  828.0  1.0
20.271  538.0  832.0  1.0
20.289  537.0  474.0  1.0
20.289  537.0  474.0  1.0
20.306  538.0  306.0  1.0
20.324  537.0  238.0  0.0
20.342  537.0  242.0  0.0
20.377  537.0  627.0  1.0
20.377  537.0  627.0  1.0
20.395  538.0  822.0  1.0
20.413  537.0  829.0  1.0
20.43  538.0  769.0  0.0
20.448  538.0  426.0  1.0
20.448  538.0  426.0  1.0
20.484  538.0  242.0  0.0
20.501  537.0  240.0  0.0
20.518  537.0  320.0  0.0
20.518  537.0  320.0  0.0
20.536  538.0  679.0  1.0
20.554  537.0  821.0  0.0
20.589  537.0  686.0  1.0
20.608  538.0  402.0  0.0
20.608  538.0  402.0  0.0
20.625  537.0  249.0  0.0
20.642  537.0  239.0  0.0
20.66  538.0  236.0  1.0
20.66  538.0  236.0  1.0
20.696  538.0  788.0  1.0
20.713  537.0  822.0  1.0
20.73  537.0  830.0  1.0
20.749  538.0  542.0  0.0
20.749  538.0  542.0  0.0
20.766  537.0  349.0  0.0
20.801  537.0  244.0  0.0
20.819  538.0  236.0  1.0
20.819  538.0  236.0  1.0
20.837  538.0  542.0  1.0
20.854  537.0  812.0  1.0
20.89  538.0  831.0  1.0
20.908  537.0  480.0  0.0
20.908  537.0  480.0  0.0
20.925  538.0  278.0  0.0
20.943  538.0  243.0  1.0
20.961  537.0  241.0  1.0
20.996  538.0  672.0  1.0
20.996  538.0  672.0  1.0
20.996  538.0  672.0  1.0
21.031  538.0  830.0  1.0
21.049  537.0  670.0  0.0
21.066  537.0  382.0  0.0
21.066  537.0  382.0  0.0
21.085  537.0  241.0  0.0
21.102  537.0  238.0  1.0
21.138  537.0  431.0  1.0
21.155  538.0  745.0  1.0
21.155  538.0  745.0  1.0
21.173  538.0  826.0  1.0
21.19  537.0  832.0  1.0
21.226  538.0  502.0  0.0
21.243  537.0  245.0  0.0
21.243  537.0  245.0  0.0
21.261  538.0  241.0  0.0
21.279  537.0  237.0  0.0
21.297  537.0  517.0  0.0
21.297  537.0  517.0  0.0
21.331  537.0  829.0  1.0
21.35  538.0  830.0  1.0
21.367  537.0  509.0  0.0
21.385  537.0  319.0  0.0
21.385  537.0  319.0  0.0
21.402  537.0  246.0  1.0
21.438  537.0  233.0  1.0
21.455  537.0  605.0  1.0
21.474  538.0  817.0  1.0
21.474  538.0  817.0  1.0
21.491  537.0  819.0  1.0
21.509  538.0  720.0  1.0
21.544  538.0  258.0  0.0
21.544  538.0  258.0  0.0
21.562  538.0  240.0  1.0
21.579  537.0  234.0  1.0
21.597  538.0  377.0  1.0
21.615  537.0  775.0  1.0
21.615  537.0  775.0  1.0
21.633  537.0  825.0  1.0
21.667  538.0  524.0  1.0
21.686  537.0  331.0  0.0
21.703  538.0  241.0  1.0
21.703  538.0  241.0  1.0
21.721  537.0  249.0  0.0
21.739  537.0  235.0  1.0
21.774  538.0  821.0  1.0
21.791  537.0  826.0  1.0
21.791  537.0  826.0  1.0
21.81  538.0  821.0  1.0
21.827  537.0  450.0  0.0
21.844  538.0  279.0  0.0
21.862  538.0  239.0  0.0
21.862  538.0  239.0  0.0
21.898  537.0  306.0  1.0
21.915  537.0  673.0  0.0
21.933  538.0  823.0  1.0
21.951  538.0  833.0  0.0
21.951  538.0  833.0  0.0
21.968  537.0  698.0  0.0
22.004  537.0  244.0  0.0
22.022  538.0  244.0  0.0
22.022  538.0  244.0  0.0
22.039  537.0  233.0  0.0
22.056  537.0  424.0  1.0
22.075  538.0  774.0  0.0
22.11  538.0  831.0  0.0
22.11  538.0  831.0  0.0
22.127  538.0  544.0  0.0
22.146  537.0  337.0  1.0
22.163  537.0  242.0  0.0
22.18  537.0  237.0  0.0
22.18  537.0  237.0  0.0
22.216  537.0  565.0  0.0
22.234  538.0  815.0  1.0
22.251  537.0  825.0  1.0
22.268  537.0  806.0  0.0
22.268  537.0  806.0  0.0
22.287  537.0  449.0  0.0
22.304  537.0  281.0  0.0
22.34  537.0  240.0  1.0
22.358  537.0  303.0  0.0
22.358  537.0  303.0  0.0
22.375  537.0  672.0  0.0
22.392  538.0  823.0  0.0
22.411  537.0  826.0  1.0
22.428  538.0  689.0  0.0
22.446  537.0  385.0  0.0
22.463  537.0  250.0  0.0
22.481  537.0  239.0  0.0
22.499  538.0  235.0  0.0
22.499  538.0  235.0  0.0
22.516  537.0  442.0  0.0
22.552  537.0  829.0  1.0
22.569  537.0  830.0  0.0
22.587  537.0  547.0  0.0
22.605  537.0  331.0  0.0
22.605  537.0  331.0  0.0
22.623  537.0  243.0  0.0
22.64  537.0  237.0  0.0
22.676  537.0  555.0  0.0
22.676  537.0  555.0  0.0
22.693  538.0  815.0  1.0
22.711  538.0  826.0  0.0
22.728  538.0  832.0  1.0
22.747  538.0  464.0  0.0
22.747  538.0  464.0  0.0
22.781  537.0  245.0  0.0
22.799  537.0  235.0  0.0
22.817  538.0  272.0  0.0
22.835  538.0  655.0  0.0
22.835  538.0  655.0  0.0
22.852  537.0  827.0  0.0
22.871  537.0  830.0  1.0
22.905  538.0  394.0  0.0
22.923  538.0  254.0  0.0
22.923  538.0  254.0  0.0
22.941  537.0  238.0  0.0
22.959  538.0  236.0  0.0
22.976  538.0  416.0  0.0
23.012  537.0  824.0  1.0
23.012  537.0  824.0  1.0
23.029  537.0  829.0  0.0
23.047  538.0  572.0  0.0
23.064  538.0  344.0  0.0
23.083  538.0  242.0  0.0
23.083  538.0  242.0  0.0
23.117  536.0  234.0  0.0
23.136  537.0  545.0  0.0
23.153  538.0  817.0  0.0
23.171  537.0  830.0  1.0
23.171  537.0  830.0  1.0
23.188  537.0  833.0  0.0
23.224  537.0  292.0  0.0
23.241  538.0  244.0  0.0
23.259  537.0  237.0  0.0
23.259  537.0  237.0  0.0
23.277  538.0  262.0  1.0
23.294  537.0  649.0  0.0
23.312  538.0  823.0  0.0
23.312  538.0  823.0  0.0
23.348  538.0  723.0  0.0
23.365  537.0  396.0  0.0
23.383  538.0  253.0  0.0
23.401  538.0  240.0  0.0
23.401  538.0  240.0  0.0
23.418  537.0  241.0  0.0
23.453  537.0  739.0  1.0
23.472  537.0  827.0  1.0
23.472  537.0  827.0  1.0
23.489  537.0  827.0  1.0
23.506  537.0  591.0  1.0
23.524  537.0  350.0  0.0
23.56  537.0  232.0  0.0
23.56  537.0  232.0  0.0
23.577  537.0  234.0  0.0
23.595  537.0  527.0  0.0
23.613  537.0  816.0  0.0
23.63  537.0  829.0  1.0
23.63  537.0  829.0  1.0
23.665  538.0  475.0  0.0
23.684  538.0  301.0  0.0
23.701  538.0  247.0  0.0
23.718  537.0  244.0  0.0
23.718  537.0  244.0  0.0
23.737  538.0  234.0  0.0
23.754  538.0  629.0  0.0
23.789  538.0  825.0  1.0
23.808  537.0  767.0  0.0
23.808  537.0  767.0  0.0
23.825  537.0  414.0  0.0
23.842  537.0  257.0  0.0
23.86  537.0  238.0  0.0
23.878  536.0  233.0  0.0
23.896  537.0  374.0  0.0
23.913  538.0  720.0  1.0
23.93  538.0  827.0  1.0
23.949  537.0  830.0  1.0
23.949  537.0  830.0  1.0
23.966  538.0  617.0  0.0
24.002  537.0  247.0  0.0
24.019  538.0  239.0  0.0
24.037  537.0  240.0  1.0
24.037  537.0  240.0  1.0
24.054  538.0  499.0  0.0
24.073  538.0  809.0  1.0
24.108  537.0  825.0  0.0
24.108  537.0  825.0  0.0
24.125  247.0  345.0  1.0
24.143  247.0  162.0  0.0
24.16  248.0  93.0  0.0
24.194  247.0  443.0  0.0
24.194  247.0  443.0  0.0
24.212  248.0  684.0  1.0
24.229  248.0  826.0  1.0
24.247  537.0  792.0  0.0
24.264  538.0  291.0  0.0
24.264  538.0  291.0  0.0
24.299  248.0  93.0  0.0
24.315  248.0  87.0  0.0
24.334  248.0  526.0  1.0
24.351  248.0  684.0  1.0
24.351  248.0  684.0  1.0
24.369  248.0  688.0  1.0
24.404  248.0  227.0  0.0
24.422  248.0  109.0  0.0
24.438  247.0  92.0  0.0
24.438  247.0  92.0  0.0
24.456  247.0  115.0  0.0
24.474  247.0  479.0  0.0
24.492  247.0  682.0  0.0
24.526  248.0  572.0  1.0
24.526  248.0  572.0  1.0
24.545  248.0  264.0  0.0
24.562  248.0  123.0  0.0
24.579  248.0  93.0  0.0
24.595  248.0  89.0  1.0
24.613  247.0  536.0  0.0
24.631  246.0  682.0  1.0
24.648  246.0  689.0  1.0
24.667  246.0  519.0  0.0
24.667  246.0  519.0  0.0
24.684  246.0  231.0  1.0
24.718  247.0  94.0  0.0
24.735  246.0  89.0  0.0
24.753  246.0  588.0  1.0
24.753  246.0  588.0  1.0
24.77  246.0  685.0  1.0
24.806  247.0  438.0  0.0
24.823  246.0  197.0  0.0
24.84  248.0  99.0  0.0
24.84  248.0  99.0  0.0
24.856  251.0  93.0  0.0
24.892  248.0  649.0  0.0
24.892  248.0  649.0  0.0
24.909  247.0  685.0  1.0
24.927  249.0  691.0  0.0
24.945  248.0  348.0  0.0
24.979  249.0  97.0  0.0
24.979  249.0  97.0  0.0
24.995  250.0  96.0  0.0
25.014  251.0  430.0  0.0
25.031  250.0  677.0  0.0
25.031  250.0  677.0  0.0
25.049  246.0  685.0  1.0
25.084  246.0  295.0  0.0
25.102  248.0  139.0  0.0
25.118  249.0  96.0  0.0
25.136  250.0  88.0  0.0
25.136  250.0  88.0  0.0
25.17  242.0  680.0  1.0
25.188  244.0  685.0  1.0
25.206  246.0  727.0  0.0
25.206  246.0  727.0  0.0
25.224  537.0  401.0  0.0
25.241  538.0  110.0  0.0
25.257  249.0  92.0  0.0
25.292  247.0  553.0  0.0
25.292  247.0  553.0  0.0
25.31  248.0  686.0  1.0
25.327  252.0  688.0  1.0
25.346  249.0  495.0  0.0
25.38  252.0  104.0  0.0
25.38  252.0  104.0  0.0
25.398  250.0  97.0  0.0
25.415  250.0  102.0  1.0
25.433  251.0  487.0  1.0
25.468  248.0  686.0  1.0
25.468  248.0  686.0  1.0
25.486  250.0  591.0  1.0
25.503  252.0  267.0  0.0
25.521  252.0  117.0  0.0
25.554  258.0  93.0  1.0
25.554  258.0  93.0  1.0
25.572  259.0  551.0  1.0
25.589  259.0  688.0  1.0
25.608  258.0  694.0  1.0
25.608  258.0  694.0  1.0
25.625  258.0  526.0  1.0
25.66  259.0  104.0  0.0
25.678  257.0  101.0  1.0
25.695  255.0  93.0  0.0
25.695  255.0  93.0  0.0
25.73  248.0  680.0  1.0
25.748  250.0  691.0  1.0
25.765  253.0  627.0  0.0
25.765  253.0  627.0  0.0
25.783  253.0  279.0  0.0
25.801  252.0  117.0  0.0
25.834  252.0  90.0  1.0
25.851  254.0  530.0  1.0
25.851  254.0  530.0  1.0
25.87  257.0  691.0  0.0
25.887  253.0  693.0  1.0
25.905  252.0  552.0  0.0
25.922  248.0  241.0  0.0
25.94  248.0  101.0  0.0
25.957  251.0  95.0  0.0
25.973  251.0  90.0  1.0
25.991  255.0  603.0  1.0
25.991  255.0  603.0  1.0
26.009  259.0  690.0  1.0
26.044  253.0  455.0  0.0
26.061  251.0  204.0  0.0
26.08  255.0  101.0  1.0
26.08  255.0  101.0  1.0
26.096  247.0  97.0  0.0
26.114  252.0  131.0  1.0
26.149  253.0  688.0  1.0
26.149  253.0  688.0  1.0
26.167  247.0  690.0  1.0
26.184  254.0  570.0  0.0
26.203  252.0  251.0  1.0
26.22  255.0  108.0  0.0
26.22  255.0  108.0  0.0
26.254  255.0  88.0  1.0
26.272  254.0  450.0  0.0
26.29  257.0  682.0  1.0
26.307  255.0  688.0  1.0
26.307  255.0  688.0  1.0
26.324  247.0  652.0  1.0
26.36  253.0  123.0  0.0
26.377  262.0  96.0  0.0
26.393  255.0  94.0  1.0
26.393  255.0  94.0  1.0
26.412  262.0  535.0  1.0
26.446  260.0  691.0  1.0
26.465  263.0  544.0  0.0
26.482  250.0  236.0  0.0
26.482  250.0  236.0  0.0
26.5  256.0  104.0  0.0
26.517  258.0  100.0  1.0
26.534  252.0  94.0  0.0
26.534  252.0  94.0  0.0
26.569  249.0  679.0  1.0
26.587  255.0  693.0  1.0
26.605  250.0  639.0  1.0
26.622  253.0  289.0  1.0
26.656  247.0  93.0  0.0
26.656  247.0  93.0  0.0
26.674  249.0  90.0  1.0
26.691  245.0  524.0  1.0
26.708  250.0  686.0  1.0
26.726  247.0  688.0  1.0
26.726  247.0  688.0  1.0
26.744  250.0  573.0  0.0
26.779  250.0  105.0  0.0
26.797  251.0  89.0  1.0
26.797  251.0  89.0  1.0
26.813  251.0  91.0  1.0
26.83  250.0  582.0  1.0
26.866  249.0  687.0  1.0
26.884  250.0  473.0  0.0
26.884  250.0  473.0  0.0
26.901  249.0  212.0  0.0
26.917  249.0  98.0  0.0
26.935  249.0  89.0  1.0
26.97  248.0  650.0  0.0
26.97  248.0  650.0  0.0
26.989  250.0  688.0  467.0
27.01  249.0  685.0  532.0
27.029  251.0  690.0  609.0
27.048  254.0  688.0  669.0
27.048  254.0  688.0  669.0
27.069  254.0  688.0  733.0
27.088  256.0  694.0  800.0
27.108  254.0  696.0  873.0
27.128  255.0  689.0  953.0
27.128  255.0  689.0  953.0
27.148  257.0  690.0  997.0
27.168  255.0  690.0  1023.0
27.188  253.0  693.0  814.0
27.208  253.0  695.0  898.0
27.208  253.0  695.0  898.0
27.228  253.0  687.0  954.0
27.248  253.0  694.0  1019.0
27.269  253.0  685.0  773.0
27.269  253.0  685.0  773.0
27.308  253.0  689.0  911.0
27.328  253.0  691.0  981.0
27.348  253.0  689.0  1023.0
27.368  253.0  690.0  787.0
27.387  254.0  690.0  861.0
27.387  254.0  690.0  861.0
27.408  254.0  687.0  940.0
27.427  254.0  693.0  996.0
27.448  255.0  689.0  1023.0
27.448  255.0  689.0  1023.0
27.468  252.0  692.0  805.0
27.488  251.0  686.0  880.0
27.507  248.0  685.0  946.0
27.529  247.0  686.0  1014.0
27.529  247.0  686.0  1014.0
27.548  246.0  686.0  753.0
27.568  246.0  683.0  828.0
27.587  246.0  684.0  900.0
27.608  245.0  679.0  969.0
27.608  245.0  679.0  969.0
27.628  245.0  687.0  1023.0
27.648  244.0  689.0  778.0
27.668  245.0  686.0  853.0
27.687  245.0  686.0  924.0
27.687  245.0  686.0  924.0
27.707  246.0  688.0  990.0
27.728  246.0  690.0  1023.0
27.767  248.0  690.0  875.0
27.787  248.0  690.0  943.0
27.787  248.0  690.0  943.0
27.808  248.0  687.0  1001.0
27.828  249.0  680.0  748.0
27.847  249.0  686.0  822.0
27.868  249.0  686.0  892.0
27.868  249.0  686.0  892.0
27.887  249.0  689.0  962.0
27.908  250.0  690.0  1022.0
27.928  249.0  688.0  781.0
27.948  249.0  690.0  847.0
27.948  249.0  690.0  847.0
27.967  248.0  690.0  928.0
27.986  248.0  686.0  986.0
28.008  248.0  688.0  1023.0
28.027  248.0  687.0  800.0
28.027  248.0  687.0  800.0
28.047  249.0  692.0  878.0
28.067  249.0  686.0  949.0
28.088  249.0  691.0  1005.0
28.107  249.0  687.0  754.0
28.107  249.0  687.0  754.0
28.128  249.0  691.0  821.0
28.165  248.0  692.0  1.0
28.182  247.0  534.0  0.0
28.182  247.0  534.0  0.0
28.2  248.0  234.0  0.0
28.218  247.0  101.0  0.0
28.251  249.0  87.0  1.0
28.269  250.0  619.0  0.0
28.269  250.0  619.0  0.0
28.289  248.0  685.0  397.0
28.308  248.0  683.0  471.0
28.328  248.0  687.0  544.0
28.348  248.0  687.0  624.0
28.348  248.0  687.0  624.0
28.367  248.0  686.0  688.0
28.387  249.0  685.0  740.0
28.407  250.0  687.0  804.0
28.407  250.0  687.0  804.0
28.427  249.0  685.0  866.0
28.446  249.0  686.0  924.0
28.467  249.0  683.0  976.0
28.487  247.0  685.0  1020.0
28.487  247.0  685.0  1020.0
28.507  248.0  687.0  833.0
28.527  248.0  685.0  882.0
28.566  248.0  681.0  981.0
28.587  248.0  650.0  1006.0
28.587  248.0  650.0  1006.0
28.607  247.0  685.0  845.0
28.626  247.0  686.0  897.0
28.646  247.0  679.0  947.0
28.666  247.0  664.0  986.0
28.666  247.0  664.0  986.0
28.687  248.0  634.0  1002.0
28.706  248.0  688.0  863.0
28.727  248.0  687.0  907.0
28.746  249.0  673.0  963.0
28.746  249.0  673.0  963.0
28.766  248.0  655.0  986.0
28.785  249.0  618.0  999.0
28.807  249.0  586.0  1005.0
28.826  249.0  686.0  930.0
28.826  249.0  686.0  930.0
28.846  249.0  671.0  973.0
28.866  249.0  644.0  988.0
28.887  248.0  611.0  1005.0
28.906  248.0  685.0  891.0
28.906  248.0  685.0  891.0
28.926  248.0  684.0  943.0
28.946  249.0  659.0  977.0
28.965  249.0  634.0  991.0
28.986  249.0  599.0  1004.0
28.986  249.0  599.0  1004.0
29.006  248.0  686.0  903.0
29.045  249.0  652.0  987.0
29.066  249.0  624.0  999.0
29.086  248.0  586.0  1007.0
29.086  248.0  586.0  1007.0
29.106  249.0  686.0  920.0
29.126  249.0  668.0  966.0
29.146  249.0  644.0  986.0
29.166  249.0  614.0  1001.0
29.166  249.0  614.0  1001.0
29.186  249.0  686.0  884.0
29.206  248.0  681.0  932.0
29.225  249.0  663.0  972.0
29.245  249.0  636.0  996.0
29.245  249.0  636.0  996.0
29.266  248.0  600.0  1005.0
29.286  248.0  682.0  896.0
29.305  249.0  681.0  945.0
29.326  249.0  655.0  987.0
29.326  249.0  655.0  987.0
29.345  249.0  634.0  998.0
29.366  249.0  591.0  1008.0
29.385  249.0  683.0  911.0
29.406  249.0  674.0  957.0
29.406  249.0  674.0  957.0
29.446  249.0  621.0  1002.0
29.466  249.0  685.0  880.0
29.486  249.0  685.0  926.0
29.486  249.0  685.0  926.0
29.505  249.0  671.0  972.0
29.526  249.0  644.0  992.0
29.546  249.0  607.0  1002.0
29.565  249.0  687.0  890.0
29.565  249.0  687.0  890.0
29.585  249.0  683.0  943.0
29.605  249.0  660.0  977.0
29.625  249.0  635.0  995.0
29.645  249.0  599.0  1005.0
29.645  249.0  599.0  1005.0
29.666  249.0  690.0  904.0
29.685  250.0  677.0  955.0
29.705  249.0  652.0  982.0
29.705  249.0  652.0  982.0
29.725  249.0  627.0  997.0
29.746  249.0  592.0  1005.0
29.765  249.0  684.0  917.0
29.805  250.0  647.0  985.0
29.805  250.0  647.0  985.0
29.825  249.0  619.0  999.0
29.845  249.0  585.0  1010.0
29.865  249.0  683.0  934.0
29.885  249.0  663.0  969.0
29.885  249.0  663.0  969.0
29.904  249.0  640.0  996.0
29.926  249.0  606.0  1001.0
29.945  249.0  685.0  894.0
29.945  249.0  685.0  894.0
29.965  249.0  685.0  944.0
29.984  249.0  660.0  984.0
30.005  249.0  632.0  993.0
30.025  249.0  597.0  1003.0
30.025  249.0  597.0  1003.0
30.045  249.0  688.0  905.0
30.065  249.0  676.0  958.0
30.085  250.0  650.0  988.0
30.104  251.0  626.0  999.0
30.104  251.0  626.0  999.0
30.126  249.0  589.0  1006.0
30.145  250.0  686.0  924.0
30.184  249.0  646.0  992.0
30.205  249.0  615.0  1000.0
30.205  249.0  615.0  1000.0
30.225  249.0  685.0  887.0
30.244  249.0  684.0  935.0
30.265  249.0  665.0  975.0
30.284  249.0  636.0  995.0
30.284  249.0  636.0  995.0
30.305  249.0  603.0  1001.0
30.325  250.0  684.0  904.0
30.345  249.0  681.0  952.0
30.364  250.0  655.0  985.0
30.364  250.0  655.0  985.0
30.384  249.0  631.0  996.0
30.405  249.0  596.0  1006.0
30.425  250.0  688.0  917.0
30.425  250.0  688.0  917.0
30.444  250.0  673.0  961.0
30.465  249.0  652.0  986.0
30.485  250.0  620.0  1002.0
30.504  250.0  686.0  882.0
30.504  250.0  686.0  882.0
30.525  251.0  688.0  928.0
30.544  250.0  672.0  974.0
30.564  250.0  644.0  996.0
30.584  250.0  612.0  1005.0
30.584  250.0  612.0  1005.0
30.624  250.0  686.0  948.0
30.644  250.0  664.0  981.0
30.664  250.0  639.0  997.0
30.685  250.0  601.0  1007.0
30.685  250.0  601.0  1007.0
30.704  250.0  685.0  909.0
30.725  250.0  680.0  957.0
30.744  250.0  654.0  984.0
30.764  250.0  623.0  999.0
30.764  250.0  623.0  999.0
30.784  250.0  590.0  1007.0
30.804  251.0  686.0  920.0
30.824  250.0  674.0  972.0
30.843  250.0  651.0  998.0
30.843  250.0  651.0  998.0
30.865  250.0  617.0  1005.0
30.884  250.0  687.0  886.0
30.904  250.0  681.0  937.0
30.924  250.0  668.0  975.0
30.924  250.0  668.0  975.0
30.944  250.0  637.0  992.0
30.964  250.0  604.0  1006.0
31.004  250.0  681.0  949.0
31.004  250.0  681.0  949.0
31.024  250.0  664.0  985.0
31.043  250.0  630.0  999.0
31.065  250.0  600.0  1009.0
31.084  250.0  683.0  916.0
31.084  250.0  683.0  916.0
31.104  250.0  684.0  968.0
31.124  250.0  658.0  995.0
31.144  250.0  621.0  1003.0
31.164  250.0  687.0  877.0
31.164  250.0  687.0  877.0
31.183  250.0  683.0  932.0
31.204  250.0  678.0  977.0
31.223  250.0  648.0  998.0
31.223  250.0  648.0  998.0
31.244  250.0  617.0  1005.0
31.264  250.0  686.0  895.0
31.284  250.0  685.0  942.0
31.303  250.0  679.0  986.0
31.303  250.0  679.0  986.0
31.344  250.0  689.0  853.0
31.364  250.0  686.0  907.0
31.383  250.0  685.0  966.0
31.405  250.0  687.0  1013.0
31.405  250.0  687.0  1013.0
31.424  250.0  689.0  814.0
31.443  250.0  684.0  880.0
31.464  250.0  685.0  923.0
31.483  250.0  687.0  986.0
31.483  250.0  687.0  986.0
31.504  250.0  687.0  1023.0
31.524  250.0  690.0  833.0
31.544  251.0  686.0  895.0
31.563  250.0  685.0  949.0
31.563  250.0  685.0  949.0
31.584  248.0  683.0  1014.0
31.604  249.0  687.0  792.0
31.624  249.0  692.0  860.0
31.624  249.0  692.0  860.0
31.643  248.0  685.0  918.0
31.664  251.0  686.0  983.0
31.684  250.0  686.0  1023.0
31.704  252.0  691.0  808.0
31.704  252.0  691.0  808.0
31.744  252.0  686.0  934.0
31.744  252.0  686.0  934.0
31.783  250.0  690.0  1023.0
31.804  253.0  690.0  820.0
31.804  253.0  690.0  820.0
31.823  249.0  684.0  881.0
31.843  249.0  688.0  943.0
31.864  251.0  688.0  1008.0
31.884  250.0  683.0  773.0
31.884  250.0  683.0  773.0
31.903  251.0  687.0  842.0
31.924  255.0  693.0  907.0
31.943  248.0  687.0  963.0
31.964  250.0  688.0  1023.0
31.964  250.0  688.0  1023.0
31.983  254.0  691.0  788.0
32.004  253.0  693.0  862.0
32.023  256.0  689.0  929.0
32.043  268.0  699.0  993.0
32.043  268.0  699.0  993.0
32.064  262.0  692.0  1023.0
32.083  259.0  701.0  818.0
32.103  267.0  701.0  890.0
32.123  264.0  685.0  942.0
32.123  264.0  685.0  942.0
32.144  259.0  687.0  1011.0
32.183  255.0  687.0  831.0
32.203  257.0  689.0  893.0
32.223  259.0  688.0  966.0
32.223  259.0  688.0  966.0
32.243  258.0  687.0  1023.0
32.264  251.0  685.0  775.0
32.283  254.0  687.0  849.0
32.303  253.0  693.0  916.0
32.303  253.0  693.0  916.0
32.323  253.0  691.0  983.0
32.344  254.0  693.0  1023.0
32.363  253.0  691.0  791.0
32.363  253.0  691.0  791.0
32.382  254.0  690.0  859.0
32.403  254.0  690.0  936.0
32.422  252.0  693.0  996.0
32.443  255.0  695.0  1023.0
32.443  255.0  695.0  1023.0
32.463  255.0  695.0  795.0
32.483  254.0  687.0  886.0
32.502  255.0  692.0  955.0
32.524  252.0  693.0  1002.0
32.524  252.0  693.0  1002.0
32.559  249.0  694.0  1.0
32.576  250.0  304.0  1.0
32.594  254.0  118.0  2.0
32.611  248.0  96.0  1.0
32.611  248.0  96.0  1.0
32.645  244.0  517.0  1.0
32.663  252.0  689.0  1.0
32.68  255.0  689.0  2.0
32.68  255.0  689.0  2.0
32.698  255.0  684.0  1.0
32.715  252.0  287.0  1.0
32.734  258.0  103.0  2.0
32.766  253.0  89.0  1.0
32.766  253.0  89.0  1.0
32.784  256.0  579.0  1.0
32.802  259.0  688.0  1.0
32.82  261.0  691.0  1.0
32.84  256.0  597.0  1023.0
32.84  256.0  597.0  1023.0
32.862  258.0  698.0  1023.0
32.882  257.0  698.0  1023.0
32.902  257.0  700.0  995.0
32.923  255.0  702.0  1023.0
32.923  255.0  702.0  1023.0
32.962  251.0  687.0  883.0
32.982  253.0  689.0  949.0
33.003  255.0  699.0  1012.0
33.022  257.0  690.0  743.0
33.022  257.0  690.0  743.0
33.042  254.0  689.0  829.0
33.06  254.0  693.0  2.0
33.078  258.0  626.0  2.0
33.095  256.0  265.0  1.0
33.095  256.0  265.0  1.0
33.13  259.0  99.0  1.0
33.146  257.0  97.0  2.0
33.164  256.0  605.0  1.0
33.181  255.0  689.0  1.0
33.181  255.0  689.0  1.0
33.2  254.0  693.0  2.0
33.234  250.0  209.0  1.0
33.253  250.0  102.0  2.0
33.253  250.0  102.0  2.0
33.269  250.0  93.0  1.0
33.287  250.0  103.0  2.0
33.304  250.0  517.0  2.0
33.323  251.0  688.0  1.0
33.323  251.0  688.0  1.0
33.357  251.0  602.0  1.0
33.375  251.0  266.0  1.0
33.393  249.0  102.0  1.0
33.41  249.0  96.0  1.0
33.41  249.0  96.0  1.0
33.443  252.0  592.0  1.0
33.462  252.0  687.0  2.0
33.48  250.0  691.0  69.0
33.48  250.0  691.0  69.0
33.501  253.0  693.0  1023.0
33.522  254.0  693.0  1023.0
33.542  254.0  694.0  935.0
33.562  212.0  686.0  1000.0
33.562  212.0  686.0  1000.0
33.582  254.0  689.0  730.0
33.602  253.0  699.0  809.0
33.622  255.0  696.0  893.0
33.641  256.0  694.0  951.0
33.641  256.0  694.0  951.0
33.662  256.0  692.0  1004.0
33.682  254.0  682.0  746.0
33.701  256.0  691.0  838.0
33.722  256.0  688.0  910.0
33.722  256.0  688.0  910.0
33.741  255.0  694.0  973.0
33.762  253.0  691.0  1023.0
33.802  253.0  688.0  859.0
33.821  253.0  684.0  924.0
33.821  253.0  684.0  924.0
33.841  253.0  695.0  985.0
33.862  254.0  696.0  1023.0
33.882  253.0  687.0  791.0
33.901  254.0  692.0  874.0
33.901  254.0  692.0  874.0
33.922  254.0  688.0  932.0
33.941  254.0  688.0  999.0
33.961  253.0  692.0  1023.0
33.981  254.0  685.0  819.0
33.981  254.0  685.0  819.0
34.001  254.0  684.0  892.0
34.021  254.0  689.0  947.0
34.041  256.0  693.0  1021.0
34.06  257.0  696.0  2.0
34.06  257.0  696.0  2.0
34.095  252.0  322.0  2.0
34.112  252.0  118.0  1.0
34.129  253.0  92.0  1.0
34.129  253.0  92.0  1.0
34.146  254.0  90.0  1.0
34.181  257.0  694.0  2.0
34.199  256.0  692.0  2.0
34.216  255.0  698.0  1.0
34.216  255.0  698.0  1.0
34.234  253.0  414.0  1.0
34.252  253.0  100.0  1.0
34.285  257.0  79.0  2.0
34.302  257.0  535.0  1.0
34.302  257.0  535.0  1.0
34.321  256.0  709.0  2.0
34.338  256.0  712.0  2.0
34.356  256.0  708.0  1.0
34.391  255.0  95.0  2.0
34.391  255.0  95.0  2.0
34.408  254.0  102.0  1.0
34.424  255.0  75.0  2.0
34.442  254.0  669.0  2.0
34.46  254.0  687.0  1.0
34.46  254.0  687.0  1.0
34.478  255.0  704.0  1.0
34.495  255.0  676.0  1.0
34.534  258.0  360.0  1.0
34.55  254.0  99.0  1.0
34.55  254.0  99.0  1.0
34.567  257.0  90.0  1.0
34.585  256.0  211.0  1.0
34.62  248.0  690.0  2.0
34.62  248.0  690.0  2.0
34.637  251.0  692.0  2.0
34.656  248.0  361.0  2.0
34.673  249.0  177.0  1.0
34.706  252.0  90.0  1.0
34.706  252.0  90.0  1.0
34.724  252.0  453.0  2.0
34.742  256.0  675.0  2.0
34.759  255.0  691.0  2.0
34.777  256.0  563.0  2.0
34.777  256.0  563.0  2.0
34.812  259.0  143.0  1.0
34.83  259.0  102.0  1.0
34.846  260.0  97.0  1.0
34.865  258.0  416.0  2.0
34.865  258.0  416.0  2.0
34.882  259.0  655.0  2.0
34.899  257.0  688.0  2.0
34.935  254.0  308.0  1.0
34.953  254.0  163.0  1.0
34.953  254.0  163.0  1.0
34.969  255.0  99.0  1.0
34.987  255.0  95.0  1.0
35.021  254.0  676.0  2.0
35.021  254.0  676.0  2.0
35.039  254.0  691.0  1.0
35.057  253.0  546.0  1.0
35.075  253.0  263.0  1.0
35.092  252.0  141.0  1.0
35.092  252.0  141.0  1.0
35.127  253.0  95.0  2.0
35.144  252.0  414.0  2.0
35.162  252.0  644.0  2.0
35.179  253.0  685.0  2.0
35.179  253.0  685.0  2.0
35.215  252.0  307.0  1.0
35.232  251.0  166.0  1.0
35.25  252.0  97.0  1.0
35.25  252.0  97.0  1.0
35.266  251.0  93.0  1.0
35.283  251.0  471.0  2.0
35.301  250.0  674.0  2.0
35.337  251.0  544.0  1.0
35.337  251.0  544.0  1.0
35.354  251.0  262.0  1.0
35.372  251.0  137.0  2.0
35.389  251.0  96.0  2.0
35.423  252.0  523.0  1.0
35.423  252.0  523.0  1.0
35.44  252.0  678.0  2.0
35.459  251.0  687.0  2.0
35.476  251.0  476.0  2.0
35.493  252.0  234.0  1.0
35.493  252.0  234.0  1.0
35.511  251.0  116.0  1.0
35.546  252.0  165.0  2.0
35.563  251.0  467.0  1.0
35.58  251.0  671.0  2.0
35.58  251.0  671.0  2.0
35.599  251.0  686.0  2.0
35.616  252.0  549.0  2.0
35.652  252.0  143.0  1.0
35.67  253.0  100.0  1.0
35.67  253.0  100.0  1.0
35.686  253.0  98.0  2.0
35.703  252.0  408.0  2.0
35.739  253.0  685.0  2.0
35.739  253.0  685.0  2.0
35.757  254.0  630.0  2.0
35.774  254.0  317.0  1.0
35.792  254.0  167.0  1.0
35.825  252.0  94.0  2.0
35.825  252.0  94.0  2.0
35.843  252.0  466.0  1.0
35.861  252.0  675.0  2.0
35.878  252.0  685.0  2.0
35.896  252.0  558.0  2.0
35.896  252.0  558.0  2.0
35.914  252.0  263.0  2.0
35.932  252.0  145.0  1.0
35.965  252.0  99.0  1.0
35.984  252.0  402.0  1.0
35.984  252.0  402.0  1.0
36.001  252.0  634.0  2.0
36.019  252.0  687.0  2.0
36.055  253.0  321.0  1.0
36.055  253.0  321.0  1.0
36.072  253.0  167.0  1.0
36.088  253.0  97.0  2.0
36.105  252.0  94.0  1.0
36.141  252.0  672.0  2.0
36.141  252.0  672.0  2.0
36.158  252.0  688.0  1.0
36.175  252.0  560.0  1.0
36.194  252.0  264.0  2.0
36.211  252.0  144.0  1.0
36.211  252.0  144.0  1.0
36.245  253.0  94.0  1.0
36.263  253.0  400.0  1.0
36.281  252.0  633.0  2.0
36.298  252.0  687.0  1.0
36.298  252.0  687.0  1.0
36.317  253.0  634.0  2.0
36.352  254.0  170.0  2.0
36.369  253.0  101.0  2.0
36.369  253.0  101.0  2.0
36.386  254.0  93.0  1.0
36.404  254.0  336.0  2.0
36.421  254.0  583.0  2.0
36.439  254.0  683.0  2.0
36.439  254.0  683.0  2.0
36.474  254.0  399.0  1.0
36.492  254.0  197.0  1.0
36.509  255.0  104.0  1.0
36.527  255.0  99.0  1.0
36.527  255.0  99.0  1.0
36.561  253.0  538.0  1.0
36.579  253.0  681.0  2.0
36.597  253.0  685.0  1.0
36.597  253.0  685.0  1.0
36.615  253.0  464.0  1.0
36.632  254.0  227.0  1.0
36.667  254.0  99.0  1.0
36.684  254.0  179.0  1.0
36.684  254.0  179.0  1.0
36.702  253.0  483.0  2.0
36.72  253.0  679.0  2.0
36.755  254.0  536.0  2.0
36.772  254.0  260.0  1.0
36.772  254.0  260.0  1.0
36.791  254.0  140.0  1.0
36.807  254.0  98.0  1.0
36.825  254.0  105.0  1.0
36.825  254.0  105.0  1.0
36.86  254.0  651.0  2.0
36.878  254.0  685.0  2.0
36.895  254.0  620.0  1.0
36.914  255.0  304.0  1.0
36.914  255.0  304.0  1.0
36.931  255.0  164.0  1.0
36.948  254.0  100.0  1.0
36.983  253.0  362.0  2.0
37.001  253.0  598.0  2.0
37.001  253.0  598.0  2.0
37.018  253.0  688.0  2.0
37.036  254.0  682.0  2.0
37.054  254.0  376.0  1.0
37.089  253.0  107.0  2.0
37.089  253.0  107.0  2.0
37.105  253.0  97.0  1.0
37.124  252.0  274.0  1.0
37.141  252.0  550.0  2.0
37.176  252.0  688.0  1.0
37.176  252.0  688.0  1.0
37.194  252.0  446.0  1.0
37.212  252.0  217.0  1.0
37.229  252.0  111.0  1.0
37.229  252.0  111.0  1.0
37.246  252.0  97.0  1.0
37.264  252.0  199.0  2.0
37.299  252.0  679.0  2.0
37.317  253.0  687.0  2.0
37.317  253.0  687.0  2.0
37.335  252.0  507.0  1.0
37.352  252.0  249.0  1.0
37.369  252.0  132.0  1.0
37.404  252.0  129.0  1.0
37.422  252.0  440.0  2.0
37.422  252.0  440.0  2.0
37.439  252.0  661.0  2.0
37.457  252.0  685.0  2.0
37.492  252.0  282.0  1.0
37.492  252.0  282.0  1.0
37.51  252.0  156.0  1.0
37.527  252.0  96.0  1.0
37.543  251.0  95.0  1.0
37.561  251.0  494.0  2.0
37.561  251.0  494.0  2.0
37.579  252.0  676.0  2.0
37.614  251.0  513.0  2.0
37.632  251.0  252.0  1.0
37.65  252.0  137.0  1.0
37.65  252.0  137.0  1.0
37.666  251.0  99.0  1.0
37.684  252.0  123.0  2.0
37.72  252.0  658.0  2.0
37.737  252.0  683.0  2.0
37.737  252.0  683.0  2.0
37.754  252.0  600.0  1.0
37.772  252.0  287.0  1.0
37.79  252.0  157.0  1.0
37.823  251.0  94.0  2.0
37.823  251.0  94.0  2.0
37.84  251.0  491.0  2.0
37.859  252.0  680.0  1.0
37.876  253.0  689.0  2.0
37.894  252.0  515.0  1.0
37.894  252.0  515.0  1.0
37.929  252.0  138.0  1.0
37.947  252.0  100.0  2.0
37.963  252.0  96.0  2.0
37.982  251.0  431.0  1.0
37.982  251.0  431.0  1.0
38.017  250.0  685.0  2.0
38.034  250.0  605.0  1.0
38.052  250.0  292.0  1.0
38.052  250.0  292.0  1.0
38.07  251.0  158.0  1.0
38.086  250.0  98.0  1.0
38.103  251.0  97.0  1.0
38.138  251.0  678.0  2.0
38.138  251.0  678.0  2.0
38.156  251.0  687.0  2.0
38.173  251.0  523.0  2.0
38.192  251.0  254.0  1.0
38.225  251.0  97.0  1.0
38.225  251.0  97.0  1.0
38.243  250.0  111.0  1.0
38.261  250.0  423.0  2.0
38.279  250.0  651.0  2.0
38.296  250.0  686.0  1.0
38.296  250.0  686.0  1.0
38.315  250.0  609.0  2.0
38.332  250.0  294.0  1.0
38.366  250.0  96.0  2.0
38.383  250.0  94.0  2.0
38.383  250.0  94.0  2.0
38.401  249.0  482.0  1.0
38.418  249.0  673.0  2.0
38.454  250.0  529.0  1.0
38.471  250.0  254.0  1.0
38.471  250.0  254.0  1.0
38.489  249.0  136.0  1.0
38.505  249.0  94.0  2.0
38.523  249.0  106.0  1.0
38.558  249.0  649.0  2.0
38.558  249.0  649.0  2.0
38.576  249.0  686.0  1.0
38.594  249.0  615.0  1.0
38.611  249.0  299.0  1.0
38.611  249.0  299.0  1.0
38.629  249.0  161.0  1.0
38.663  250.0  95.0  1.0
38.68  249.0  479.0  1.0
38.697  249.0  674.0  2.0
38.697  249.0  674.0  2.0
38.716  249.0  683.0  2.0
38.733  249.0  535.0  2.0
38.768  249.0  137.0  1.0
38.786  250.0  96.0  2.0
38.786  250.0  96.0  2.0
38.802  249.0  97.0  1.0
38.819  249.0  526.0  2.0
38.837  249.0  680.0  2.0
38.873  249.0  471.0  1.0
38.873  249.0  471.0  1.0
38.89  249.0  228.0  1.0
38.907  249.0  113.0  1.0
38.925  249.0  97.0  1.0
38.942  249.0  170.0  2.0
38.942  249.0  170.0  2.0
38.978  249.0  672.0  2.0
38.995  249.0  685.0  2.0
39.013  249.0  543.0  1.0
39.03  248.0  260.0  1.0
39.03  248.0  260.0  1.0
39.065  249.0  95.0  1.0
39.081  250.0  92.0  2.0
39.099  249.0  524.0  1.0
39.117  249.0  678.0  2.0
39.117  249.0  678.0  2.0
39.135  249.0  688.0  1.0
39.17  250.0  233.0  1.0
39.188  250.0  119.0  1.0
39.188  250.0  119.0  1.0
39.204  249.0  94.0  1.0
39.222  250.0  162.0  2.0
39.239  249.0  463.0  1.0
39.258  249.0  671.0  1.0
39.258  249.0  671.0  1.0
39.292  249.0  551.0  1.0
39.311  250.0  262.0  1.0
39.328  249.0  143.0  1.0
39.345  249.0  97.0  1.0
39.345  249.0  97.0  1.0
39.38  250.0  417.0  2.0
39.398  249.0  628.0  1.0
39.415  249.0  681.0  2.0
39.433  249.0  583.0  2.0
39.433  249.0  583.0  2.0
39.451  250.0  309.0  1.0
39.469  249.0  169.0  1.0
39.502  251.0  97.0  2.0
39.521  249.0  360.0  1.0
39.521  249.0  360.0  1.0
39.538  250.0  577.0  2.0
39.556  249.0  679.0  1.0
39.573  249.0  620.0  2.0
39.609  250.0  202.0  1.0
39.609  250.0  202.0  1.0
39.626  250.0  110.0  1.0
39.644  249.0  98.0  1.0
39.661  250.0  287.0  1.0
39.696  249.0  677.0  2.0
39.696  249.0  677.0  2.0
39.714  249.0  675.0  2.0
39.732  249.0  435.0  1.0
39.749  249.0  232.0  2.0
39.749  249.0  232.0  2.0
39.767  249.0  119.0  1.0
39.784  249.0  95.0  1.0
39.819  249.0  477.0  1.0
39.836  249.0  669.0  2.0
39.836  249.0  669.0  2.0
39.855  249.0  686.0  2.0
39.872  249.0  493.0  1.0
39.889  250.0  262.0  1.0
39.924  250.0  99.0  1.0
39.924  250.0  99.0  1.0
39.942  250.0  168.0  1.0
39.959  250.0  424.0  1.0
39.977  250.0  637.0  1.0
39.995  250.0  685.0  2.0
39.995  250.0  685.0  2.0
40.03  250.0  303.0  1.0
40.048  250.0  169.0  1.0
40.065  250.0  99.0  1.0
40.082  250.0  127.0  1.0
40.082  250.0  127.0  1.0
40.099  249.0  374.0  1.0
40.118  249.0  586.0  2.0
40.153  249.0  614.0  2.0
40.17  249.0  362.0  1.0
40.17  249.0  362.0  1.0
40.188  250.0  196.0  1.0
40.206  249.0  104.0  1.0
40.24  249.0  299.0  1.0
40.258  249.0  541.0  1.0
40.258  249.0  541.0  1.0
40.275  249.0  680.0  2.0
40.293  250.0  660.0  1.0
40.311  250.0  423.0  1.0
40.311  250.0  423.0  1.0
40.346  250.0  117.0  1.0
40.363  249.0  94.0  1.0
40.381  250.0  240.0  2.0
40.398  250.0  490.0  1.0
40.398  250.0  490.0  1.0
40.416  250.0  671.0  2.0
40.433  250.0  684.0  2.0
40.469  250.0  255.0  1.0
40.486  250.0  142.0  1.0
40.503  250.0  96.0  1.0
40.503  250.0  96.0  1.0
40.521  249.0  177.0  1.0
40.539  250.0  439.0  1.0
40.556  249.0  647.0  1.0
40.592  250.0  551.0  2.0
40.592  250.0  551.0  2.0
40.609  250.0  290.0  1.0
40.627  250.0  164.0  1.0
40.645  250.0  100.0  1.0
40.645  250.0  100.0  1.0
40.679  250.0  388.0  1.0
40.696  250.0  595.0  1.0
40.715  251.0  682.0  2.0
40.732  251.0  600.0  1.0
40.732  251.0  600.0  1.0
40.75  251.0  352.0  2.0
40.785  251.0  103.0  2.0
40.802  250.0  98.0  1.0
40.819  250.0  313.0  2.0
40.819  250.0  313.0  2.0
40.837  251.0  550.0  1.0
40.855  250.0  681.0  2.0
40.872  251.0  658.0  2.0
40.908  251.0  220.0  1.0
40.926  251.0  114.0  1.0
40.926  251.0  114.0  1.0
40.942  251.0  98.0  2.0
40.96  250.0  249.0  2.0
40.978  250.0  497.0  1.0
40.978  250.0  497.0  1.0
40.995  251.0  673.0  2.0
41.03  251.0  472.0  2.0
41.049  251.0  253.0  1.0
41.066  251.0  140.0  1.0
41.082  251.0  98.0  1.0
41.082  251.0  98.0  1.0
41.1  251.0  194.0  1.0
41.118  251.0  456.0  1.0
41.153  251.0  687.0  2.0
41.17  251.0  549.0  1.0
41.17  251.0  549.0  1.0
41.189  251.0  273.0  1.0
41.206  251.0  153.0  1.0
41.241  251.0  123.0  2.0
41.241  251.0  123.0  2.0
41.259  251.0  399.0  1.0
41.276  251.0  613.0  1.0
41.293  251.0  685.0  1.0
41.312  251.0  619.0  1.0
41.312  251.0  619.0  1.0
41.347  251.0  181.0  1.0
41.364  251.0  101.0  1.0
41.381  251.0  96.0  1.0
41.399  251.0  325.0  1.0
41.399  251.0  325.0  1.0
41.416  251.0  569.0  2.0
41.434  251.0  681.0  1.0
41.469  251.0  406.0  1.0
41.487  251.0  209.0  1.0
41.487  251.0  209.0  1.0
41.504  251.0  108.0  1.0
41.522  251.0  99.0  1.0
41.539  250.0  255.0  1.0
41.575  251.0  677.0  2.0
41.575  251.0  677.0  2.0
41.592  251.0  684.0  2.0
41.61  250.0  461.0  1.0
41.627  251.0  236.0  1.0
41.662  250.0  97.0  2.0
41.662  250.0  97.0  2.0
41.679  250.0  194.0  2.0
41.697  250.0  461.0  1.0
41.715  250.0  664.0  2.0
41.715  250.0  664.0  2.0
41.733  250.0  682.0  2.0
41.75  251.0  537.0  1.0
41.786  251.0  154.0  1.0
41.803  251.0  101.0  2.0
41.803  251.0  101.0  2.0
41.82  251.0  97.0  1.0
41.837  250.0  408.0  2.0
41.856  250.0  619.0  2.0
41.89  251.0  604.0  1.0
41.89  251.0  604.0  1.0
41.909  251.0  330.0  1.0
41.926  251.0  175.0  1.0
41.944  251.0  102.0  1.0
41.978  251.0  338.0  2.0
41.978  251.0  338.0  2.0
41.996  251.0  573.0  1.0
42.013  252.0  679.0  2.0
42.031  251.0  647.0  2.0
42.049  251.0  390.0  1.0
42.049  251.0  390.0  1.0
42.084  250.0  108.0  1.0
42.101  251.0  100.0  1.0
42.12  251.0  150.0  2.0
42.137  250.0  425.0  2.0
42.137  250.0  425.0  2.0
42.155  251.0  632.0  2.0
42.173  250.0  685.0  2.0
42.19  250.0  572.0  2.0
42.208  251.0  304.0  1.0
42.225  250.0  164.0  1.0
42.243  250.0  98.0  2.0
42.26  251.0  123.0  1.0
42.277  250.0  373.0  1.0
42.277  250.0  373.0  1.0
42.313  250.0  682.0  2.0
42.331  250.0  620.0  2.0
42.348  250.0  365.0  2.0
42.365  250.0  192.0  1.0
42.365  250.0  192.0  1.0
42.384  250.0  105.0  1.0
42.401  250.0  100.0  2.0
42.437  249.0  443.0  1.0
42.455  250.0  649.0  1.0
42.455  250.0  649.0  1.0
42.472  249.0  681.0  2.0
42.489  250.0  547.0  1.0
42.508  250.0  285.0  1.0
42.508  250.0  285.0  1.0
42.543  251.0  100.0  1.0
42.559  250.0  96.0  1.0
42.577  250.0  393.0  1.0
42.595  250.0  603.0  1.0
42.595  250.0  603.0  1.0
42.612  250.0  681.0  1.0
42.648  242.0  337.0  1.0
42.665  229.0  173.0  1.0
42.682  214.0  84.0  1.0
42.682  214.0  84.0  1.0
42.698  197.0  76.0  2.0
42.734  179.0  607.0  2.0
42.752  172.0  645.0  1.0
42.769  164.0  518.0  1.0
42.769  164.0  518.0  1.0
42.787  155.0  247.0  1.0
42.821  146.0  48.0  1.0
42.839  144.0  72.0  1.0
42.839  144.0  72.0  1.0
42.856  142.0  432.0  1.0
42.873  143.0  620.0  2.0
42.891  142.0  633.0  1.0
42.909  138.0  450.0  1.0
42.909  138.0  450.0  1.0
42.943  157.0  95.0  1.0
42.959  165.0  57.0  1.0
42.978  180.0  247.0  1.0
42.995  196.0  503.0  2.0
42.995  196.0  503.0  2.0
43.03  230.0  677.0  2.0
43.048  252.0  441.0  2.0
43.066  281.0  246.0  1.0
43.083  315.0  159.0  2.0
43.083  315.0  159.0  2.0
43.101  355.0  157.0  1.0
43.119  398.0  203.0  2.0
43.137  449.0  476.0  2.0
43.172  588.0  856.0  2.0
43.19  661.0  835.0  2.0
43.19  661.0  835.0  2.0
43.207  752.0  628.0  2.0
43.225  827.0  495.0  2.0
43.243  893.0  441.0  1.0
43.261  1000.0  472.0  2.0
43.28  1003.0  472.0  2.0
43.297  997.0  578.0  1.0
43.316  999.0  835.0  1.0
43.316  999.0  835.0  1.0
43.333  922.0  976.0  2.0
43.351  787.0  936.0  2.0
43.386  586.0  422.0  1.0
43.404  508.0  272.0  1.0
43.404  508.0  272.0  1.0
43.421  445.0  191.0  2.0
43.44  391.0  164.0  1.0
43.457  349.0  328.0  1.0
43.492  279.0  687.0  2.0
43.492  279.0  687.0  2.0
43.51  255.0  685.0  1.0
43.528  232.0  423.0  1.0
43.545  215.0  205.0  1.0
43.561  196.0  94.0  1.0
43.561  196.0  94.0  1.0
43.596  173.0  305.0  1.0
43.614  168.0  529.0  1.0
43.631  158.0  637.0  1.0
43.65  152.0  596.0  2.0
43.65  152.0  596.0  2.0
43.667  147.0  339.0  1.0
43.701  140.0  52.0  1.0
43.718  139.0  42.0  1.0
43.736  139.0  357.0  1.0
43.736  139.0  357.0  1.0
43.753  137.0  557.0  1.0
43.771  139.0  626.0  2.0
43.806  160.0  285.0  1.0
43.824  168.0  138.0  2.0
43.824  168.0  138.0  2.0
43.841  183.0  71.0  2.0
43.857  196.0  84.0  2.0
43.875  212.0  438.0  2.0
43.875  212.0  438.0  2.0
43.911  258.0  689.0  2.0
43.928  284.0  562.0  2.0
43.945  322.0  314.0  1.0
43.963  362.0  217.0  2.0
43.963  362.0  217.0  2.0
43.981  404.0  185.0  2.0
44.016  521.0  413.0  1.0
44.034  599.0  698.0  2.0
44.052  677.0  894.0  2.0
44.052  677.0  894.0  2.0
44.069  758.0  942.0  2.0
44.087  837.0  752.0  2.0
44.124  1001.0  545.0  2.0
44.141  998.0  473.0  1.0
44.141  998.0  473.0  1.0
44.158  997.0  472.0  2.0
44.177  999.0  607.0  2.0
44.194  885.0  786.0  2.0
44.212  770.0  910.0  2.0
44.212  770.0  910.0  2.0
44.248  568.0  644.0  2.0
44.265  491.0  358.0  1.0
44.282  430.0  220.0  1.0
44.3  375.0  158.0  2.0
44.3  375.0  158.0  2.0
44.318  335.0  139.0  1.0
44.353  273.0  560.0  2.0
44.371  250.0  677.0  2.0
44.389  228.0  660.0  1.0
44.389  228.0  660.0  1.0
44.406  211.0  394.0  1.0
44.424  195.0  186.0  2.0
44.441  183.0  78.0  1.0
44.441  183.0  78.0  1.0
44.475  162.0  334.0  1.0
44.492  155.0  543.0  1.0
44.511  146.0  632.0  1.0
44.528  141.0  563.0  1.0
44.546  141.0  306.0  1.0
44.546  141.0  306.0  1.0
44.58  136.0  45.0  1.0
44.597  135.0  37.0  1.0
44.614  134.0  372.0  2.0
44.614  134.0  372.0  2.0
44.632  142.0  583.0  1.0
44.667  158.0  525.0  1.0
44.685  170.0  266.0  2.0
44.703  185.0  136.0  1.0
44.703  185.0  136.0  1.0
44.72  200.0  76.0  2.0
44.737  217.0  106.0  2.0
44.754  239.0  366.0  2.0
44.79  295.0  708.0  2.0
44.79  295.0  708.0  2.0
44.808  332.0  663.0  2.0
44.825  376.0  436.0  2.0
44.844  423.0  286.0  2.0
44.844  423.0  286.0  2.0
44.878  549.0  258.0  1.0
44.896  630.0  375.0  2.0
44.914  710.0  678.0  2.0
44.932  796.0  922.0  2.0
44.932  796.0  922.0  2.0
44.949  869.0  988.0  2.0
44.967  937.0  924.0  2.0
45.003  998.0  581.0  2.0
45.003  998.0  581.0  2.0
45.022  1001.0  527.0  1.0
45.04  999.0  446.0  2.0
45.075  713.0  502.0  2.0
45.092  618.0  699.0  2.0
45.092  618.0  699.0  2.0
45.111  533.0  807.0  2.0
45.128  466.0  784.0  2.0
45.146  408.0  506.0  2.0
45.181  320.0  153.0  1.0
45.181  320.0  153.0  1.0
45.199  289.0  112.0  1.0
45.216  264.0  127.0  2.0
45.235  240.0  368.0  1.0
45.235  240.0  368.0  1.0
45.252  222.0  572.0  2.0
45.27  202.0  657.0  1.0
45.287  191.0  582.0  1.0
45.323  167.0  151.0  1.0
45.323  167.0  151.0  1.0
45.339  156.0  53.0  1.0
45.356  147.0  43.0  2.0
45.374  145.0  374.0  2.0
45.409  139.0  631.0  1.0
45.409  139.0  631.0  1.0
45.426  138.0  520.0  1.0
45.445  138.0  251.0  1.0
45.462  137.0  112.0  2.0
45.478  136.0  42.0  2.0
45.478  136.0  42.0  2.0
45.513  156.0  429.0  2.0
45.531  166.0  628.0  2.0
45.548  179.0  651.0  1.0
45.566  195.0  489.0  2.0
45.566  195.0  489.0  2.0
45.584  213.0  239.0  1.0
45.619  254.0  105.0  1.0
45.637  284.0  118.0  1.0
45.655  317.0  332.0  1.0
45.655  317.0  332.0  1.0
45.672  358.0  598.0  2.0
45.689  404.0  759.0  2.0
45.708  458.0  788.0  2.0
45.743  597.0  403.0  2.0
45.743  597.0  403.0  2.0
45.76  672.0  341.0  2.0
45.778  759.0  367.0  1.0
45.796  835.0  442.0  2.0
45.813  905.0  727.0  2.0
45.831  999.0  960.0  2.0
45.831  999.0  960.0  2.0
45.87  1001.0  1023.0  2.0
45.889  1002.0  1023.0  2.0
45.907  870.0  974.0  1.0
45.907  870.0  974.0  1.0
45.925  755.0  655.0  1.0
45.942  645.0  404.0  2.0
45.96  558.0  260.0  1.0
45.96  558.0  260.0  1.0
45.996  426.0  220.0  1.0
46.013  375.0  457.0  2.0
46.03  334.0  640.0  1.0
46.049  297.0  704.0  1.0
46.049  297.0  704.0  1.0
46.066  269.0  612.0  1.0
46.102  225.0  166.0  1.0
46.118  208.0  78.0  2.0
46.135  195.0  66.0  1.0
46.135  195.0  66.0  1.0
46.152  184.0  410.0  1.0
46.171  172.0  611.0  1.0
46.205  152.0  508.0  1.0
46.223  144.0  236.0  1.0
46.223  144.0  236.0  1.0
46.241  140.0  106.0  0.0
46.258  142.0  42.0  1.0
46.274  142.0  84.0  1.0
46.31  138.0  617.0  2.0
46.31  138.0  617.0  2.0
46.327  139.0  629.0  2.0
46.345  147.0  444.0  1.0
46.362  153.0  206.0  1.0
46.396  176.0  62.0  1.0
46.396  176.0  62.0  1.0
46.413  190.0  260.0  2.0
46.432  204.0  515.0  2.0
46.449  223.0  668.0  2.0
46.467  244.0  682.0  2.0
46.467  244.0  682.0  2.0
46.484  269.0  444.0  2.0
46.52  338.0  171.0  1.0
46.537  383.0  171.0  2.0
46.537  383.0  171.0  2.0
46.555  431.0  226.0  2.0
46.573  491.0  510.0  1.0
46.59  556.0  754.0  2.0
46.625  713.0  859.0  2.0
46.625  713.0  859.0  2.0
46.644  804.0  641.0  2.0
46.661  870.0  508.0  2.0
46.679  964.0  480.0  2.0
46.679  964.0  480.0  2.0
46.698  1001.0  476.0  1.0
46.734  1002.0  590.0  1.0
46.751  999.0  817.0  1.0
46.77  830.0  941.0  2.0
46.77  830.0  941.0  2.0
46.787  706.0  898.0  2.0
46.804  613.0  688.0  2.0
46.84  458.0  249.0  1.0
46.858  404.0  170.0  1.0
46.858  404.0  170.0  1.0
46.875  354.0  146.0  1.0
46.893  318.0  324.0  1.0
46.911  284.0  548.0  2.0
46.946  233.0  671.0  1.0
46.946  233.0  671.0  1.0
46.964  215.0  409.0  2.0
46.982  198.0  199.0  1.0
46.998  184.0  83.0  1.0
46.998  184.0  83.0  1.0
47.033  163.0  306.0  1.0
47.05  153.0  528.0  1.0
47.068  150.0  631.0  2.0
47.085  144.0  584.0  1.0
47.085  144.0  584.0  1.0
47.104  139.0  331.0  2.0
47.121  138.0  144.0  1.0
47.154  137.0  40.0  1.0
47.172  136.0  354.0  1.0
47.172  136.0  354.0  1.0
47.19  137.0  565.0  2.0
47.207  146.0  634.0  2.0
47.224  157.0  546.0  2.0
47.26  183.0  142.0  1.0
47.26  183.0  142.0  1.0
47.26  183.0  142.0  1.0
47.293  214.0  90.0  1.0
47.311  231.0  451.0  2.0
47.329  255.0  663.0  2.0
47.329  255.0  663.0  2.0
47.365  318.0  571.0  1.0
47.382  360.0  331.0  1.0
47.399  405.0  237.0  2.0
47.417  462.0  216.0  2.0
47.417  462.0  216.0  2.0
47.435  526.0  246.0  2.0
47.47  676.0  748.0  1.0
47.488  767.0  938.0  3.0
47.506  847.0  983.0  2.0
47.523  922.0  793.0  1.0
47.523  922.0  793.0  1.0
47.542  1005.0  682.0  1.0
47.559  999.0  544.0  1.0
47.578  999.0  477.0  1.0
47.578  999.0  477.0  1.0
47.613  998.0  511.0  1.0
47.632  914.0  716.0  2.0
47.649  861.0  897.0  2.0
47.667  828.0  960.0  2.0
47.667  828.0  960.0  2.0
47.684  816.0  887.0  2.0
47.72  813.0  468.0  2.0
47.737  814.0  386.0  1.0
47.755  814.0  381.0  1.0
47.755  814.0  381.0  1.0
47.773  815.0  481.0  2.0
47.791  815.0  741.0  2.0
47.825  814.0  958.0  2.0
47.825  814.0  958.0  2.0
47.844  815.0  815.0  1.0
47.861  815.0  550.0  2.0
47.879  815.0  438.0  2.0
47.897  815.0  384.0  1.0
47.915  815.0  379.0  2.0
47.915  815.0  379.0  2.0
47.949  815.0  807.0  2.0
47.968  815.0  951.0  2.0
47.985  815.0  960.0  2.0
48.003  815.0  722.0  2.0
48.003  815.0  722.0  2.0
48.02  815.0  509.0  1.0
48.056  815.0  382.0  2.0
48.073  815.0  408.0  1.0
48.073  815.0  408.0  1.0
48.091  816.0  648.0  1.0
48.109  815.0  862.0  1.0
48.126  815.0  956.0  2.0
48.144  815.0  906.0  2.0
48.18  815.0  474.0  1.0
48.18  815.0  474.0  1.0
48.197  815.0  390.0  1.0
48.215  815.0  384.0  1.0
48.233  815.0  458.0  2.0
48.25  815.0  723.0  2.0
48.25  815.0  723.0  2.0
48.285  815.0  957.0  1.0
48.304  815.0  840.0  1.0
48.321  815.0  568.0  2.0
48.321  815.0  568.0  2.0
48.338  815.0  443.0  1.0
48.356  815.0  386.0  2.0
48.374  815.0  380.0  2.0
48.409  815.0  792.0  1.0
48.409  815.0  792.0  1.0
48.428  815.0  951.0  2.0
48.445  815.0  960.0  2.0
48.462  816.0  748.0  2.0
48.48  815.0  519.0  1.0
48.48  815.0  519.0  1.0
48.516  815.0  384.0  2.0
48.533  815.0  393.0  1.0
48.55  815.0  624.0  1.0
48.569  815.0  850.0  2.0
48.586  815.0  957.0  2.0
48.586  815.0  957.0  2.0
48.621  816.0  673.0  1.0
48.64  815.0  482.0  1.0
48.657  815.0  393.0  2.0
48.657  815.0  393.0  2.0
48.674  815.0  381.0  1.0
48.692  815.0  445.0  2.0
48.728  815.0  907.0  2.0
48.745  815.0  957.0  2.0
48.745  815.0  957.0  2.0
48.763  815.0  858.0  2.0
48.781  815.0  590.0  2.0
48.798  815.0  451.0  1.0
48.798  815.0  451.0  1.0
48.816  815.0  386.0  2.0
48.851  815.0  523.0  2.0
48.869  815.0  778.0  2.0
48.886  816.0  950.0  2.0
48.886  816.0  950.0  2.0
48.905  816.0  960.0  2.0
48.922  815.0  766.0  1.0
48.957  815.0  423.0  1.0
48.975  815.0  384.0  2.0
48.975  815.0  384.0  2.0
48.993  816.0  387.0  1.0
49.01  815.0  600.0  2.0
49.029  815.0  839.0  1.0
49.029  815.0  839.0  1.0
49.063  816.0  940.0  2.0
49.081  815.0  690.0  1.0
49.099  815.0  489.0  1.0
49.117  815.0  395.0  1.0
49.134  816.0  380.0  2.0
49.134  816.0  380.0  2.0
49.152  816.0  433.0  2.0
49.187  815.0  891.0  2.0
49.205  815.0  957.0  1.0
49.222  816.0  871.0  1.0
49.222  816.0  871.0  1.0
49.241  816.0  606.0  1.0
49.258  816.0  459.0  2.0
49.294  816.0  382.0  2.0
49.294  816.0  382.0  2.0
49.311  816.0  506.0  2.0
49.329  815.0  764.0  2.0
49.346  815.0  946.0  2.0
49.364  816.0  961.0  2.0
49.364  816.0  961.0  2.0
49.399  815.0  536.0  1.0
49.417  815.0  427.0  1.0
49.435  815.0  385.0  2.0
49.453  815.0  385.0  1.0
49.453  815.0  385.0  1.0
49.47  815.0  587.0  1.0
49.487  815.0  825.0  1.0
49.523  816.0  954.0  2.0
49.541  816.0  704.0  1.0
49.541  816.0  704.0  1.0
49.558  815.0  499.0  1.0
49.576  816.0  401.0  1.0
49.594  815.0  381.0  2.0
49.594  815.0  381.0  2.0
49.63  816.0  679.0  2.0
49.647  815.0  880.0  2.0
49.665  815.0  957.0  2.0
49.682  815.0  892.0  1.0
49.7  816.0  625.0  2.0
49.7  816.0  625.0  2.0
49.735  816.0  388.0  1.0
49.753  815.0  381.0  2.0
49.771  815.0  483.0  2.0
49.771  815.0  483.0  2.0
49.788  815.0  750.0  2.0
49.806  816.0  941.0  2.0
49.823  815.0  961.0  1.0
49.859  815.0  543.0  2.0
49.859  815.0  543.0  2.0
49.876  816.0  435.0  2.0
49.895  816.0  383.0  1.0
49.912  816.0  382.0  1.0
49.93  815.0  566.0  1.0
49.93  815.0  566.0  1.0
49.966  815.0  953.0  2.0
49.983  816.0  959.0  2.0
50.0  816.0  719.0  2.0
50.018  816.0  507.0  1.0
50.036  816.0  405.0  2.0
50.036  816.0  405.0  2.0
50.054  816.0  382.0  2.0
50.088  815.0  665.0  2.0
50.107  816.0  869.0  2.0
50.107  816.0  869.0  2.0
50.124  815.0  957.0  2.0
50.142  816.0  902.0  2.0
50.16  815.0  640.0  2.0
50.195  816.0  392.0  1.0
50.195  816.0  392.0  1.0
50.212  816.0  382.0  2.0
50.231  816.0  467.0  2.0
50.248  816.0  734.0  2.0
50.266  816.0  932.0  2.0
50.266  816.0  932.0  2.0
50.301  816.0  824.0  2.0
50.319  815.0  557.0  2.0
50.336  816.0  440.0  1.0
50.336  816.0  440.0  1.0
50.354  816.0  384.0  1.0
50.372  816.0  383.0  1.0
50.407  816.0  805.0  2.0
50.425  816.0  951.0  2.0
50.425  816.0  951.0  2.0
50.443  816.0  960.0  2.0
50.46  816.0  730.0  2.0
50.478  816.0  515.0  2.0
50.496  816.0  408.0  2.0
50.496  816.0  408.0  2.0
50.531  815.0  398.0  2.0
50.548  816.0  646.0  2.0
50.567  816.0  863.0  2.0
50.584  816.0  960.0  2.0
50.584  816.0  960.0  2.0
50.601  816.0  913.0  1.0
50.637  816.0  473.0  1.0
50.655  816.0  386.0  1.0
50.655  816.0  386.0  1.0
50.672  816.0  381.0  2.0
50.69  816.0  458.0  2.0
50.708  816.0  724.0  2.0
50.743  816.0  959.0  2.0
50.743  816.0  959.0  2.0
50.761  816.0  840.0  1.0
50.779  816.0  567.0  1.0
50.796  816.0  443.0  1.0
50.813  816.0  383.0  2.0
50.813  816.0  383.0  2.0
50.849  816.0  541.0  2.0
50.867  816.0  797.0  2.0
50.884  816.0  953.0  1.0
50.903  816.0  959.0  2.0
50.903  816.0  959.0  2.0
50.92  815.0  733.0  2.0
50.955  816.0  413.0  1.0
50.973  816.0  382.0  1.0
50.991  816.0  395.0  2.0
50.991  816.0  395.0  2.0
51.008  816.0  634.0  3.0
51.026  816.0  856.0  2.0
51.044  816.0  952.0  2.0
51.079  816.0  660.0  2.0
51.079  816.0  660.0  2.0
51.097  816.0  479.0  1.0
51.115  816.0  392.0  1.0
51.132  816.0  382.0  1.0
51.149  816.0  453.0  1.0
51.149  816.0  453.0  1.0
51.185  816.0  913.0  2.0
51.203  816.0  961.0  2.0
51.22  816.0  843.0  2.0
51.238  816.0  576.0  2.0
51.238  816.0  576.0  2.0
51.256  816.0  449.0  1.0
51.273  816.0  386.0  2.0
51.309  815.0  538.0  2.0
51.326  816.0  790.0  2.0
51.326  816.0  790.0  2.0
51.344  816.0  951.0  2.0
51.362  816.0  959.0  2.0
51.38  816.0  749.0  1.0
51.38  816.0  749.0  1.0
51.415  816.0  418.0  1.0
51.433  816.0  382.0  2.0
51.45  816.0  393.0  2.0
51.468  816.0  621.0  1.0
51.468  816.0  621.0  1.0
51.485  816.0  850.0  2.0
51.521  816.0  919.0  1.0
51.538  816.0  670.0  2.0
51.557  816.0  483.0  1.0
51.557  816.0  483.0  1.0
51.574  816.0  390.0  2.0
51.592  816.0  383.0  2.0
51.628  816.0  707.0  2.0
51.628  816.0  707.0  2.0
51.645  816.0  908.0  2.0
51.662  816.0  958.0  2.0
51.68  816.0  852.0  2.0
51.698  816.0  586.0  2.0
51.716  816.0  450.0  2.0
51.716  816.0  450.0  2.0
51.75  817.0  382.0  2.0
51.769  816.0  527.0  1.0
51.786  816.0  783.0  1.0
51.804  816.0  950.0  2.0
51.804  816.0  950.0  2.0
51.821  816.0  961.0  2.0
51.857  816.0  529.0  2.0
51.874  816.0  422.0  1.0
51.874  816.0  422.0  1.0
51.893  816.0  383.0  1.0
51.91  816.0  392.0  2.0
51.928  816.0  612.0  1.0
51.945  816.0  842.0  1.0
51.945  816.0  842.0  1.0
51.981  816.0  928.0  2.0
51.998  816.0  681.0  1.0
52.016  816.0  491.0  2.0
52.034  816.0  392.0  1.0
52.034  816.0  392.0  1.0
52.051  816.0  384.0  2.0
52.086  816.0  699.0  2.0
52.105  816.0  901.0  1.0
52.122  816.0  957.0  2.0
52.122  816.0  957.0  2.0
52.14  816.0  860.0  2.0
52.158  815.0  596.0  2.0
52.193  816.0  387.0  1.0
52.21  816.0  378.0  2.0
52.21  816.0  378.0  2.0
52.229  816.0  517.0  2.0
52.246  816.0  771.0  2.0
52.263  816.0  947.0  2.0
52.263  816.0  947.0  2.0
52.299  816.0  769.0  2.0
52.317  816.0  535.0  1.0
52.334  816.0  423.0  2.0
52.352  816.0  382.0  2.0
52.352  816.0  382.0  2.0
52.37  816.0  390.0  2.0
52.405  816.0  839.0  2.0
52.423  816.0  956.0  2.0
52.423  816.0  956.0  2.0
52.441  816.0  943.0  2.0
52.458  816.0  689.0  2.0
52.494  816.0  395.0  2.0
52.511  816.0  384.0  1.0
52.511  816.0  384.0  1.0
52.529  816.0  434.0  2.0
52.546  816.0  692.0  1.0
52.564  816.0  893.0  2.0
52.582  816.0  959.0  2.0
52.582  816.0  959.0  2.0
52.599  816.0  868.0  2.0
52.635  816.0  456.0  1.0
52.653  816.0  385.0  1.0
52.67  816.0  380.0  2.0
52.67  816.0  380.0  2.0
52.688  816.0  508.0  2.0
52.706  816.0  762.0  2.0
52.741  816.0  960.0  2.0
52.759  816.0  783.0  2.0
52.759  816.0  783.0  2.0
52.776  816.0  535.0  2.0
52.794  816.0  426.0  1.0
52.83  816.0  388.0  2.0
52.83  816.0  388.0  2.0
52.847  817.0  591.0  1.0
52.865  816.0  829.0  2.0
52.882  816.0  955.0  1.0
52.9  816.0  950.0  2.0
52.9  816.0  950.0  2.0
52.935  816.0  498.0  2.0
52.953  816.0  398.0  2.0
52.971  816.0  381.0  1.0
52.988  816.0  425.0  2.0
52.988  816.0  425.0  2.0
53.006  816.0  682.0  2.0
53.024  816.0  891.0  2.0
53.042  816.0  958.0  2.0
53.076  816.0  614.0  1.0
53.076  816.0  614.0  1.0
53.095  816.0  462.0  1.0
53.112  816.0  388.0  2.0
53.13  816.0  383.0  2.0
53.166  816.0  752.0  2.0
53.166  816.0  752.0  2.0
53.183  816.0  943.0  2.0
53.2  816.0  958.0  2.0
53.218  816.0  796.0  2.0
53.236  817.0  541.0  1.0
53.236  817.0  541.0  1.0
53.254  816.0  431.0  2.0
53.271  816.0  384.0  2.0
53.307  816.0  579.0  1.0
53.324  816.0  821.0  2.0
53.324  816.0  821.0  2.0
53.342  816.0  956.0  2.0
53.36  816.0  955.0  2.0
53.378  816.0  707.0  2.0
53.378  816.0  707.0  2.0
53.412  816.0  400.0  1.0
53.431  816.0  383.0  2.0
53.448  816.0  421.0  2.0
53.448  816.0  421.0  2.0
53.483  816.0  880.0  2.0
53.501  816.0  958.0  1.0
53.519  816.0  889.0  2.0
53.536  816.0  628.0  1.0
53.555  816.0  471.0  2.0
53.555  816.0  471.0  2.0
53.572  816.0  389.0  1.0
53.607  816.0  487.0  2.0
53.625  816.0  742.0  2.0
53.625  816.0  742.0  2.0
53.643  816.0  941.0  2.0
53.66  816.0  959.0  2.0
53.678  816.0  807.0  2.0
53.713  816.0  437.0  2.0
53.713  816.0  437.0  2.0
53.731  816.0  384.0  1.0
53.748  816.0  383.0  2.0
53.767  816.0  568.0  2.0
53.784  816.0  810.0  2.0
53.784  816.0  810.0  2.0
53.82  816.0  961.0  2.0
53.837  817.0  717.0  2.0
53.855  816.0  512.0  1.0
53.855  816.0  512.0  1.0
53.872  816.0  406.0  1.0
53.891  816.0  382.0  2.0
53.908  816.0  416.0  1.0
53.943  816.0  869.0  2.0
53.943  816.0  869.0  2.0
53.961  816.0  954.0  1.0
53.979  816.0  896.0  2.0
53.996  816.0  640.0  2.0
54.013  816.0  474.0  1.0
54.032  816.0  388.0  2.0
54.049  816.0  380.0  2.0
54.067  816.0  472.0  1.0
54.084  816.0  732.0  2.0
54.103  816.0  935.0  2.0
54.103  816.0  935.0  2.0
54.12  816.0  957.0  2.0
54.137  816.0  826.0  2.0
54.173  816.0  442.0  1.0
54.191  816.0  383.0  2.0
54.208  816.0  381.0  2.0
54.208  816.0  381.0  2.0
54.226  816.0  553.0  2.0
54.244  816.0  799.0  1.0
54.279  816.0  962.0  2.0
54.279  816.0  962.0  2.0
54.297  816.0  728.0  2.0
54.315  816.0  515.0  1.0
54.332  816.0  407.0  1.0
54.349  816.0  384.0  2.0
54.349  816.0  384.0  2.0
54.385  816.0  645.0  2.0
54.403  816.0  862.0  2.0
54.421  816.0  958.0  2.0
54.438  816.0  909.0  2.0
54.438  816.0  909.0  2.0
54.456  816.0  655.0  2.0
54.492  816.0  389.0  1.0
54.509  816.0  385.0  1.0
54.509  816.0  385.0  1.0
54.526  816.0  461.0  2.0
54.544  816.0  723.0  2.0
54.562  816.0  925.0  2.0
54.58  816.0  957.0  2.0
54.615  816.0  572.0  2.0
54.615  816.0  572.0  2.0
54.633  816.0  450.0  2.0
54.65  816.0  383.0  1.0
54.668  816.0  384.0  2.0
54.686  816.0  541.0  1.0
54.686  816.0  541.0  1.0
54.721  816.0  949.0  2.0
54.738  816.0  958.0  2.0
54.757  816.0  743.0  2.0
54.774  816.0  527.0  2.0
54.774  816.0  527.0  2.0
54.792  816.0  423.0  2.0
54.809  816.0  382.0  2.0
54.845  816.0  625.0  2.0
54.845  816.0  625.0  2.0
54.862  816.0  845.0  1.0
54.88  816.0  955.0  2.0
54.898  816.0  901.0  2.0
54.916  816.0  670.0  2.0
54.916  816.0  670.0  2.0
54.951  816.0  393.0  1.0
54.969  816.0  384.0  1.0
54.986  816.0  453.0  2.0
55.004  816.0  705.0  3.0
55.004  816.0  705.0  3.0
55.022  816.0  905.0  1.0
55.057  816.0  842.0  2.0
55.057  816.0  842.0  2.0
55.093  816.0  458.0  1.0
55.11  816.0  389.0  2.0
55.11  816.0  389.0  2.0
55.128  816.0  383.0  1.0
55.145  816.0  529.0  2.0
55.181  816.0  946.0  2.0
55.181  816.0  946.0  2.0
55.198  816.0  961.0  2.0
55.216  816.0  758.0  2.0
55.234  816.0  538.0  2.0
55.251  816.0  430.0  1.0
55.251  816.0  430.0  1.0
55.287  816.0  406.0  2.0
55.305  816.0  609.0  1.0
55.322  816.0  834.0  2.0
55.322  816.0  834.0  2.0
55.34  816.0  955.0  1.0
55.358  816.0  919.0  1.0
55.393  816.0  497.0  1.0
55.41  816.0  395.0  1.0
55.41  816.0  395.0  1.0
55.429  816.0  383.0  2.0
55.446  816.0  440.0  1.0
55.463  816.0  692.0  1.0
55.463  816.0  692.0  1.0
55.499  816.0  956.0  2.0
55.517  816.0  855.0  2.0
55.534  816.0  603.0  2.0
55.553  816.0  465.0  1.0
55.553  816.0  465.0  1.0
55.57  816.0  389.0  1.0
55.605  816.0  519.0  1.0
55.623  816.0  763.0  2.0
