0.0  1.0  1.0  1.0
0.0  1.0  1.0  1.0
0.0  1.0  1.0  1.0
0.0  1.0  1.0  1.0
0.0  1.0  1.0  1.0
0.0  1.0  1.0  1.0
0.0  1.0  1.0  1.0
0.0  1.0  1.0  1.0
0.0  1.0  1.0  1.0
0.0  1.0  1.0  1.0
0.0  1.0  1.0  1.0
0.0  1.0  1.0  1.0
0.0  1.0  1.0  1.0
0.0  1.0  1.0  1.0
0.0  1.0  1.0  1.0
0.0  1.0  1.0  1.0
0.0  1.0  1.0  1.0
0.0  1.0  1.0  1.0
0.0  1.0  1.0  1.0
0.0  1.0  1.0  1.0
0.0  1.0  1.0  1.0
0.0  1.0  1.0  1.0
0.0  1.0  1.0  1.0
0.0  1.0  1.0  1.0
0.0  1.0  1.0  1.0
0.0  1.0  1.0  1.0
0.0  1.0  1.0  1.0
0.0  1.0  1.0  1.0
0.0  1.0  1.0  1.0
0.0  1.0  1.0  1.0
0.0  1.0  1.0  1.0
0.0  1.0  1.0  1.0
0.0  1.0  1.0  1.0
0.0  1.0  1.0  1.0
0.0  1.0  1.0  1.0
0.0  1.0  1.0  1.0
0.0  1.0  1.0  1.0
0.0  243.0  305.0  0.0
0.0020  243.0  163.0  0.0
0.0030  243.0  174.0  0.0
0.0030  243.0  174.0  0.0
0.01  243.0  191.0  0.0
0.024  243.0  443.0  0.0
0.054  243.0  194.0  0.0
0.054  243.0  194.0  0.0
0.067  243.0  93.0  0.0
0.096  243.0  388.0  0.0
0.11  243.0  95.0  0.0
0.125  243.0  345.0  0.0
0.125  243.0  345.0  0.0
0.156  243.0  422.0  0.0
0.173  243.0  124.0  0.0
0.188  243.0  108.0  0.0
0.188  243.0  108.0  0.0
0.219  243.0  682.0  0.0
0.234  243.0  241.0  0.0
0.249  243.0  95.0  0.0
0.28  243.0  681.0  0.0
0.28  243.0  681.0  0.0
0.295  243.0  377.0  0.0
0.327  243.0  137.0  0.0
0.343  243.0  580.0  0.0
0.358  243.0  642.0  0.0
0.358  243.0  642.0  0.0
0.389  243.0  91.0  0.0
0.404  243.0  451.0  0.0
0.435  243.0  319.0  0.0
0.435  243.0  319.0  0.0
0.45  243.0  99.0  0.0
0.465  243.0  293.0  0.0
0.496  243.0  473.0  0.0
0.513  243.0  144.0  0.0
0.513  243.0  144.0  0.0
0.527  243.0  91.0  0.0
0.558  243.0  626.0  0.0
0.574  243.0  208.0  0.0
0.574  243.0  208.0  0.0
0.604  243.0  463.0  0.0
0.619  243.0  681.0  0.0
0.634  243.0  304.0  0.0
0.666  243.0  188.0  0.0
0.666  243.0  188.0  0.0
0.681  243.0  632.0  0.0
0.697  243.0  581.0  0.0
0.728  243.0  93.0  0.0
0.728  243.0  93.0  0.0
0.743  243.0  511.0  0.0
0.775  244.0  251.0  0.0
0.789  243.0  93.0  0.0
0.804  243.0  374.0  0.0
0.804  243.0  374.0  0.0
0.835  243.0  400.0  0.0
0.851  243.0  115.0  0.0
0.867  243.0  120.0  0.0
0.867  243.0  120.0  0.0
0.898  243.0  663.0  0.0
0.928  243.0  94.0  0.0
0.928  243.0  94.0  0.0
0.944  243.0  426.0  0.0
0.991  243.0  105.0  0.0
1.04  243.0  680.0  0.0
1.04  243.0  680.0  0.0
1.056  243.0  475.0  0.0
1.073  243.0  192.0  0.0
1.088  243.0  96.0  0.0
1.122  243.0  600.0  0.0
1.122  243.0  600.0  0.0
1.138  243.0  681.0  0.0
1.155  243.0  357.0  0.0
1.172  243.0  143.0  0.0
1.204  243.0  406.0  0.0
1.204  243.0  406.0  0.0
1.22  243.0  670.0  0.0
1.238  243.0  591.0  0.0
1.254  243.0  246.0  0.0
1.287  243.0  110.0  0.0
1.287  243.0  110.0  0.0
1.304  243.0  412.0  0.0
1.32  243.0  672.0  0.0
1.337  243.0  590.0  0.0
1.371  243.0  102.0  0.0
1.371  243.0  102.0  0.0
1.387  243.0  115.0  0.0
1.403  243.0  416.0  0.0
1.437  243.0  588.0  0.0
1.437  243.0  588.0  0.0
1.454  243.0  243.0  0.0
1.47  243.0  102.0  0.0
1.504  243.0  421.0  0.0
1.52  243.0  672.0  0.0
1.52  243.0  672.0  0.0
1.537  243.0  582.0  0.0
1.568  243.0  99.0  0.0
1.568  243.0  99.0  0.0
1.586  243.0  171.0  0.0
1.602  243.0  519.0  0.0
1.618  243.0  680.0  0.0
1.652  243.0  187.0  0.0
1.652  243.0  187.0  0.0
1.668  243.0  95.0  0.0
1.684  243.0  288.0  0.0
1.718  243.0  679.0  0.0
1.734  243.0  342.0  0.0
1.734  243.0  342.0  0.0
1.751  243.0  139.0  0.0
1.766  243.0  93.0  0.0
1.8  243.0  672.0  0.0
1.816  243.0  585.0  0.0
1.816  243.0  585.0  0.0
1.832  243.0  240.0  0.0
1.866  243.0  110.0  0.0
1.883  243.0  422.0  0.0
1.899  243.0  672.0  0.0
1.899  243.0  672.0  0.0
1.916  243.0  578.0  0.0
1.949  243.0  100.0  0.0
1.966  243.0  112.0  0.0
1.966  243.0  112.0  0.0
1.983  243.0  426.0  0.0
1.999  243.0  673.0  0.0
2.032  243.0  238.0  0.0
2.05  243.0  102.0  0.0
2.05  243.0  102.0  0.0
2.066  243.0  119.0  0.0
2.082  243.0  429.0  0.0
2.116  243.0  567.0  0.0
2.132  243.0  234.0  0.0
2.132  243.0  234.0  0.0
2.149  243.0  101.0  0.0
2.183  243.0  436.0  0.0
2.199  243.0  675.0  0.0
2.215  243.0  565.0  0.0
2.215  243.0  565.0  0.0
2.232  243.0  231.0  0.0
2.265  243.0  186.0  0.0
2.281  243.0  535.0  0.0
2.297  243.0  680.0  0.0
2.297  243.0  680.0  0.0
2.331  243.0  179.0  0.0
2.347  243.0  96.0  0.0
2.363  243.0  306.0  0.0
2.363  243.0  306.0  0.0
2.397  243.0  670.0  0.0
2.413  243.0  325.0  0.0
2.429  243.0  132.0  0.0
2.429  243.0  132.0  0.0
2.462  243.0  429.0  0.0
2.479  243.0  675.0  0.0
2.495  243.0  572.0  0.0
2.512  243.0  234.0  0.0
2.512  243.0  234.0  0.0
2.529  243.0  102.0  0.0
2.562  243.0  435.0  0.0
2.595  243.0  566.0  0.0
2.612  243.0  234.0  0.0
2.612  243.0  234.0  0.0
2.644  243.0  187.0  0.0
2.661  243.0  535.0  0.0
2.677  243.0  681.0  0.0
2.694  243.0  436.0  0.0
2.694  243.0  436.0  0.0
2.726  243.0  96.0  0.0
2.743  243.0  305.0  0.0
2.759  243.0  625.0  0.0
2.759  243.0  625.0  0.0
2.793  243.0  325.0  0.0
2.809  243.0  133.0  0.0
2.825  243.0  94.0  0.0
2.842  243.0  430.0  0.0
2.842  243.0  430.0  0.0
2.875  243.0  573.0  0.0
2.891  243.0  234.0  0.0
2.909  243.0  101.0  0.0
2.941  243.0  436.0  0.0
2.941  243.0  436.0  0.0
2.958  243.0  676.0  0.0
2.975  243.0  569.0  0.0
2.992  243.0  231.0  0.0
3.008  243.0  100.0  0.0
3.008  243.0  100.0  0.0
3.042  243.0  442.0  0.0
3.058  243.0  677.0  0.0
3.075  243.0  559.0  0.0
3.107  243.0  97.0  0.0
3.107  243.0  97.0  0.0
3.124  243.0  192.0  0.0
3.14  243.0  543.0  0.0
3.156  243.0  682.0  0.0
3.19  243.0  175.0  0.0
3.19  243.0  175.0  0.0
3.206  243.0  97.0  0.0
3.222  243.0  313.0  0.0
3.239  243.0  630.0  0.0
3.272  243.0  316.0  0.0
3.272  243.0  316.0  0.0
3.289  243.0  129.0  0.0
3.305  243.0  95.0  0.0
3.338  243.0  676.0  0.0
3.354  243.0  565.0  0.0
3.354  243.0  565.0  0.0
3.372  243.0  233.0  0.0
3.387  243.0  98.0  0.0
3.42  243.0  524.0  0.0
3.42  243.0  524.0  0.0
3.437  243.0  679.0  0.0
3.453  243.0  437.0  0.0
3.485  243.0  95.0  0.0
3.503  243.0  304.0  0.0
3.503  243.0  304.0  0.0
3.519  243.0  624.0  0.0
3.535  243.0  662.0  0.0
3.552  243.0  322.0  0.0
3.585  243.0  92.0  0.0
3.585  243.0  92.0  0.0
3.601  243.0  429.0  0.0
3.617  243.0  674.0  0.0
3.651  243.0  236.0  0.0
3.667  243.0  100.0  0.0
3.667  243.0  100.0  0.0
3.684  243.0  126.0  0.0
3.701  243.0  432.0  0.0
3.734  243.0  564.0  0.0
3.734  243.0  564.0  0.0
3.75  243.0  233.0  0.0
3.783  243.0  187.0  0.0
3.8  243.0  537.0  0.0
3.8  243.0  537.0  0.0
3.816  245.0  684.0  0.0
3.85  287.0  201.0  0.0
3.866  311.0  135.0  0.0
3.866  311.0  135.0  0.0
3.883  342.0  251.0  0.0
3.916  418.0  770.0  0.0
3.933  461.0  539.0  0.0
3.949  504.0  313.0  0.0
3.949  504.0  313.0  0.0
3.966  553.0  261.0  0.0
3.983  602.0  397.0  0.0
4.016  701.0  907.0  0.0
4.033  751.0  674.0  0.0
4.033  751.0  674.0  0.0
4.049  797.0  455.0  0.0
4.082  882.0  544.0  0.0
4.1  919.0  886.0  0.0
4.1  919.0  886.0  0.0
4.117  952.0  1023.0  0.0
4.133  981.0  968.0  1.0
4.169  1015.0  551.0  0.0
4.187  1023.0  487.0  0.0
4.187  1023.0  487.0  0.0
4.204  1023.0  507.0  0.0
4.221  1023.0  663.0  0.0
4.24  1023.0  889.0  0.0
4.275  988.0  1016.0  0.0
4.275  988.0  1016.0  0.0
4.291  949.0  712.0  0.0
4.308  911.0  470.0  0.0
4.325  869.0  405.0  0.0
4.358  774.0  855.0  0.0
4.358  774.0  855.0  0.0
4.375  722.0  910.0  0.0
4.391  673.0  548.0  0.0
4.408  620.0  327.0  0.0
4.408  620.0  327.0  0.0
4.442  523.0  436.0  0.0
4.458  479.0  724.0  0.0
4.474  440.0  767.0  0.0
4.491  399.0  405.0  0.0
4.491  399.0  405.0  0.0
4.525  334.0  138.0  0.0
4.541  308.0  339.0  0.0
4.557  283.0  635.0  0.0
4.591  253.0  332.0  0.0
4.591  253.0  332.0  0.0
4.608  247.0  137.0  0.0
4.623  244.0  96.0  0.0
4.64  243.0  425.0  0.0
4.673  242.0  557.0  0.0
4.673  242.0  557.0  0.0
4.689  249.0  247.0  0.0
4.707  273.0  120.0  0.0
4.74  327.0  473.0  0.0
4.756  361.0  734.0  0.0
4.756  361.0  734.0  0.0
4.773  402.0  638.0  0.0
4.79  444.0  345.0  0.0
4.806  484.0  229.0  0.0
4.806  484.0  229.0  0.0
4.84  582.0  607.0  0.0
4.856  631.0  867.0  0.0
4.873  684.0  793.0  0.0
4.907  783.0  376.0  0.0
4.907  783.0  376.0  0.0
4.923  828.0  448.0  0.0
4.939  871.0  759.0  0.0
4.957  910.0  1001.0  1.0
4.975  947.0  1023.0  0.0
4.975  947.0  1023.0  0.0
5.008  998.0  553.0  1.0
5.025  1014.0  486.0  0.0
5.044  1023.0  500.0  0.0
5.061  1023.0  643.0  0.0
5.061  1023.0  643.0  0.0
5.079  1023.0  875.0  0.0
5.116  1023.0  1023.0  0.0
5.134  993.0  1023.0  0.0
5.15  954.0  694.0  0.0
5.15  954.0  694.0  0.0
5.168  917.0  472.0  0.0
5.2  828.0  582.0  0.0
5.217  779.0  873.0  0.0
5.234  729.0  915.0  0.0
5.234  729.0  915.0  0.0
5.251  687.0  554.0  0.0
5.283  616.0  281.0  0.0
5.301  588.0  471.0  0.0
5.301  588.0  471.0  0.0
5.317  568.0  779.0  0.0
5.35  541.0  479.0  0.0
5.367  538.0  282.0  0.0
5.384  537.0  245.0  0.0
5.384  537.0  245.0  0.0
5.4  537.0  453.0  0.0
5.416  537.0  768.0  0.0
5.45  537.0  471.0  0.0
5.467  537.0  282.0  0.0
5.467  537.0  282.0  0.0
5.483  537.0  245.0  0.0
5.517  537.0  773.0  0.0
5.533  537.0  816.0  0.0
5.55  537.0  465.0  0.0
5.55  537.0  465.0  0.0
5.567  537.0  278.0  0.0
5.6  537.0  468.0  0.0
5.616  537.0  777.0  0.0
5.634  538.0  812.0  0.0
5.634  538.0  812.0  0.0
5.65  537.0  460.0  0.0
5.683  537.0  240.0  0.0
5.7  537.0  474.0  0.0
5.7  537.0  474.0  0.0
5.716  537.0  781.0  0.0
5.749  537.0  457.0  0.0
5.767  537.0  276.0  0.0
5.783  537.0  242.0  0.0
5.783  537.0  242.0  0.0
5.799  537.0  477.0  0.0
5.833  537.0  801.0  0.0
5.85  538.0  450.0  0.0
5.866  537.0  271.0  0.0
5.866  537.0  271.0  0.0
5.882  537.0  242.0  0.0
5.916  537.0  791.0  0.0
5.933  537.0  797.0  0.0
5.933  537.0  797.0  0.0
5.949  537.0  444.0  0.0
5.983  537.0  242.0  0.0
5.999  537.0  492.0  0.0
6.016  537.0  793.0  0.0
6.016  537.0  793.0  0.0
6.033  537.0  789.0  0.0
6.066  537.0  268.0  0.0
6.082  537.0  246.0  0.0
6.082  537.0  246.0  0.0
6.099  537.0  498.0  0.0
6.132  537.0  782.0  0.0
6.149  537.0  432.0  0.0
6.166  537.0  264.0  0.0
6.166  537.0  264.0  0.0
6.182  537.0  251.0  0.0
6.215  537.0  799.0  0.0
6.233  537.0  775.0  0.0
6.249  537.0  429.0  0.0
6.249  537.0  429.0  0.0
6.265  537.0  265.0  0.0
6.299  537.0  511.0  0.0
6.316  537.0  801.0  0.0
6.316  537.0  801.0  0.0
6.332  537.0  767.0  0.0
6.366  537.0  262.0  0.0
6.382  538.0  264.0  0.0
6.398  537.0  520.0  0.0
6.398  537.0  520.0  0.0
6.415  537.0  803.0  0.0
6.449  537.0  417.0  0.0
6.465  537.0  261.0  0.0
6.481  537.0  268.0  0.0
6.481  537.0  268.0  0.0
6.499  537.0  529.0  0.0
6.532  537.0  751.0  0.0
6.548  537.0  412.0  0.0
6.548  537.0  412.0  0.0
6.565  537.0  260.0  0.0
6.598  537.0  537.0  0.0
