76.343  909.0  853.0  165.0
76.343  909.0  853.0  165.0
76.343  909.0  853.0  165.0
76.343  909.0  853.0  165.0
76.343  909.0  853.0  165.0
76.343  909.0  853.0  165.0
76.343  909.0  853.0  165.0
76.343  909.0  853.0  165.0
76.343  909.0  853.0  165.0
76.343  909.0  853.0  165.0
76.343  909.0  853.0  165.0
76.343  909.0  853.0  165.0
76.343  909.0  853.0  165.0
76.343  909.0  853.0  165.0
76.343  909.0  853.0  165.0
76.343  909.0  853.0  165.0
76.343  909.0  853.0  165.0
76.343  909.0  853.0  165.0
76.343  909.0  853.0  165.0
76.343  909.0  853.0  165.0
76.343  909.0  853.0  165.0
76.343  909.0  853.0  165.0
76.343  909.0  853.0  165.0
76.343  909.0  853.0  165.0
76.343  909.0  853.0  165.0
76.343  909.0  853.0  165.0
76.343  909.0  853.0  165.0
76.343  909.0  853.0  165.0
76.343  909.0  853.0  165.0
76.343  909.0  853.0  165.0
76.343  909.0  853.0  165.0
76.343  909.0  853.0  165.0
76.343  909.0  853.0  165.0
76.343  909.0  853.0  165.0
76.343  909.0  853.0  165.0
76.343  909.0  853.0  165.0
76.343  909.0  853.0  165.0
76.343  909.0  853.0  165.0
76.343  909.0  853.0  165.0
76.343  909.0  853.0  165.0
76.343  909.0  853.0  165.0
76.343  909.0  853.0  165.0
76.343  909.0  853.0  165.0
76.343  909.0  853.0  165.0
76.943  949.0  906.0  165.0
0.0020  939.0  913.0  165.0
0.0020  939.0  913.0  165.0
0.0030  937.0  923.0  165.0
0.0040  936.0  931.0  165.0
0.031  892.0  899.0  165.0
0.048  846.0  828.0  160.0
0.048  846.0  828.0  160.0
0.078  748.0  775.0  165.0
0.094  696.0  744.0  165.0
0.11  646.0  659.0  165.0
0.126  594.0  590.0  160.0
0.143  541.0  545.0  165.0
0.159  491.0  523.0  165.0
0.177  447.0  502.0  165.0
0.177  447.0  502.0  165.0
0.209  366.0  375.0  160.0
0.226  332.0  324.0  165.0
0.243  303.0  303.0  165.0
0.26  278.0  303.0  165.0
0.26  278.0  303.0  165.0
0.276  258.0  306.0  165.0
0.31  235.0  231.0  165.0
0.326  231.0  209.0  165.0
0.343  231.0  218.0  165.0
0.343  231.0  218.0  165.0
0.376  229.0  265.0  165.0
0.393  235.0  255.0  165.0
0.409  256.0  236.0  160.0
0.425  280.0  243.0  165.0
0.425  280.0  243.0  165.0
0.459  342.0  339.0  165.0
0.476  378.0  393.0  165.0
0.492  421.0  413.0  165.0
0.492  421.0  413.0  165.0
0.526  510.0  454.0  165.0
0.542  562.0  515.0  165.0
0.542  562.0  515.0  165.0
0.559  615.0  595.0  165.0
0.592  721.0  695.0  165.0
0.609  774.0  715.0  165.0
0.625  821.0  753.0  170.0
0.625  821.0  753.0  170.0
0.659  910.0  887.0  165.0
0.675  947.0  940.0  170.0
0.692  976.0  950.0  165.0
0.709  998.0  945.0  165.0
0.709  998.0  945.0  165.0
0.744  1023.0  976.0  165.0
0.761  1023.0  994.0  165.0
0.781  1023.0  1018.0  170.0
0.781  1023.0  1018.0  170.0
0.799  1023.0  1023.0  165.0
0.833  953.0  975.0  165.0
0.85  914.0  909.0  165.0
0.867  869.0  851.0  165.0
0.867  869.0  851.0  165.0
0.9  769.0  794.0  165.0
0.95  608.0  618.0  165.0
0.984  503.0  510.0  165.0
0.984  503.0  510.0  165.0
1.0  457.0  491.0  165.0
1.017  411.0  464.0  170.0
1.035  369.0  426.0  165.0
1.053  333.0  370.0  160.0
1.053  333.0  370.0  160.0
1.088  276.0  269.0  160.0
1.106  256.0  244.0  160.0
1.124  243.0  239.0  165.0
1.141  233.0  244.0  165.0
1.141  233.0  244.0  165.0
1.159  231.0  259.0  165.0
1.195  230.0  259.0  165.0
1.212  231.0  236.0  160.0
1.212  231.0  236.0  160.0
1.229  248.0  226.0  160.0
1.248  273.0  235.0  160.0
1.265  302.0  264.0  160.0
1.265  302.0  264.0  160.0
1.3  375.0  365.0  165.0
1.318  420.0  422.0  165.0
1.336  465.0  470.0  170.0
1.353  516.0  501.0  165.0
1.353  516.0  501.0  165.0
1.372  570.0  525.0  165.0
1.406  682.0  613.0  165.0
1.424  739.0  679.0  165.0
1.424  739.0  679.0  165.0
1.442  793.0  748.0  165.0
1.46  845.0  820.0  170.0
1.495  935.0  921.0  165.0
1.495  935.0  921.0  165.0
1.513  970.0  934.0  165.0
1.53  994.0  938.0  165.0
1.549  1011.0  953.0  165.0
1.549  1011.0  953.0  165.0
1.587  1023.0  975.0  165.0
1.605  1023.0  987.0  165.0
1.624  1023.0  990.0  165.0
1.642  991.0  985.0  165.0
1.642  991.0  985.0  165.0
1.659  953.0  976.0  165.0
1.694  865.0  902.0  165.0
1.713  814.0  831.0  165.0
1.713  814.0  831.0  165.0
1.73  759.0  756.0  165.0
1.747  700.0  693.0  165.0
1.765  644.0  643.0  165.0
1.783  586.0  600.0  165.0
1.783  586.0  600.0  165.0
1.818  478.0  535.0  165.0
1.837  430.0  491.0  170.0
1.854  387.0  429.0  165.0
1.871  350.0  362.0  160.0
1.871  350.0  362.0  160.0
1.889  317.0  311.0  160.0
1.925  264.0  264.0  165.0
1.942  248.0  260.0  170.0
1.959  236.0  268.0  165.0
1.959  236.0  268.0  165.0
1.978  232.0  275.0  165.0
1.995  231.0  264.0  165.0
2.03  230.0  213.0  165.0
2.03  230.0  213.0  165.0
2.049  237.0  209.0  160.0
2.066  259.0  227.0  165.0
2.083  285.0  262.0  165.0
2.102  315.0  310.0  165.0
2.102  315.0  310.0  165.0
2.137  392.0  404.0  165.0
2.154  435.0  426.0  165.0
2.172  481.0  445.0  160.0
2.19  533.0  474.0  160.0
2.19  533.0  474.0  160.0
2.207  588.0  521.0  160.0
2.243  701.0  655.0  165.0
2.26  759.0  733.0  165.0
2.278  811.0  801.0  165.0
2.278  811.0  801.0  165.0
2.295  861.0  848.0  165.0
2.314  908.0  872.0  165.0
2.331  947.0  887.0  165.0
2.368  1001.0  938.0  165.0
2.368  1001.0  938.0  165.0
2.386  1015.0  965.0  165.0
2.405  1023.0  983.0  165.0
2.423  1023.0  996.0  165.0
2.423  1023.0  996.0  165.0
2.444  1023.0  1007.0  170.0
2.462  1012.0  999.0  165.0
2.497  939.0  978.0  165.0
2.515  896.0  929.0  165.0
2.533  844.0  859.0  165.0
2.533  844.0  859.0  165.0
2.569  735.0  726.0  165.0
2.586  678.0  678.0  165.0
2.604  620.0  634.0  165.0
2.621  561.0  601.0  165.0
2.621  561.0  601.0  165.0
2.639  506.0  564.0  165.0
2.657  457.0  518.0  165.0
2.692  370.0  384.0  160.0
2.71  336.0  331.0  160.0
2.71  336.0  331.0  160.0
2.727  305.0  296.0  160.0
2.745  278.0  280.0  160.0
2.781  244.0  279.0  165.0
2.781  244.0  279.0  165.0
2.798  234.0  280.0  165.0
2.816  231.0  265.0  160.0
2.834  231.0  236.0  160.0
2.851  230.0  211.0  160.0
2.851  230.0  211.0  160.0
2.886  244.0  218.0  160.0
2.905  268.0  251.0  165.0
2.922  295.0  298.0  165.0
2.922  295.0  298.0  165.0
2.939  329.0  344.0  165.0
2.957  367.0  383.0  165.0
2.993  452.0  413.0  160.0
3.01  502.0  442.0  165.0
3.027  554.0  489.0  165.0
3.027  554.0  489.0  165.0
3.046  611.0  554.0  165.0
3.063  666.0  626.0  165.0
3.081  723.0  704.0  170.0
3.081  723.0  704.0  170.0
3.117  830.0  816.0  165.0
3.134  879.0  839.0  165.0
3.151  921.0  855.0  160.0
3.151  921.0  855.0  160.0
3.17  957.0  884.0  160.0
3.206  1006.0  957.0  165.0
3.224  1020.0  985.0  165.0
3.245  1023.0  1004.0  165.0
3.245  1023.0  1004.0  165.0
3.264  1023.0  1009.0  165.0
3.283  1023.0  1010.0  165.0
3.303  997.0  1004.0  165.0
3.32  960.0  987.0  165.0
3.32  960.0  987.0  165.0
3.338  917.0  960.0  165.0
3.355  870.0  901.0  165.0
3.391  765.0  756.0  160.0
3.408  705.0  694.0  160.0
3.408  705.0  694.0  160.0
3.426  648.0  649.0  160.0
3.444  590.0  608.0  165.0
3.462  534.0  578.0  165.0
3.496  438.0  496.0  165.0
3.496  438.0  496.0  165.0
3.515  393.0  430.0  165.0
3.532  357.0  362.0  160.0
3.55  323.0  315.0  160.0
3.55  323.0  315.0  160.0
3.568  295.0  283.0  160.0
3.603  250.0  270.0  160.0
3.62  237.0  275.0  160.0
3.639  231.0  278.0  165.0
3.639  231.0  278.0  165.0
3.656  230.0  261.0  160.0
3.674  230.0  232.0  160.0
3.709  234.0  203.0  160.0
3.727  256.0  227.0  160.0
3.727  256.0  227.0  160.0
3.744  282.0  263.0  160.0
3.762  312.0  313.0  160.0
3.78  350.0  362.0  165.0
3.815  434.0  422.0  160.0
3.815  434.0  422.0  160.0
3.833  479.0  437.0  160.0
3.851  532.0  469.0  160.0
3.868  586.0  519.0  160.0
3.868  586.0  519.0  160.0
3.904  699.0  659.0  160.0
3.921  758.0  737.0  165.0
3.939  810.0  803.0  165.0
3.956  862.0  846.0  165.0
3.956  862.0  846.0  165.0
3.975  908.0  865.0  160.0
4.009  976.0  906.0  160.0
4.027  999.0  938.0  165.0
4.027  999.0  938.0  165.0
4.046  1016.0  970.0  160.0
4.065  1023.0  990.0  160.0
4.084  1023.0  1006.0  165.0
4.105  1023.0  1011.0  165.0
4.105  1023.0  1011.0  165.0
4.124  1008.0  1001.0  165.0
4.142  974.0  990.0  165.0
4.177  889.0  928.0  165.0
4.195  838.0  859.0  165.0
4.195  838.0  859.0  165.0
4.212  787.0  784.0  160.0
4.23  728.0  718.0  165.0
4.248  670.0  665.0  160.0
4.283  555.0  591.0  165.0
4.283  555.0  591.0  165.0
4.301  503.0  558.0  165.0
4.319  455.0  519.0  165.0
4.336  409.0  456.0  160.0
4.354  370.0  388.0  160.0
4.354  370.0  388.0  160.0
4.372  334.0  329.0  160.0
4.407  274.0  270.0  160.0
4.424  254.0  264.0  165.0
4.424  254.0  264.0  165.0
4.443  240.0  272.0  165.0
4.46  233.0  278.0  165.0
4.477  231.0  270.0  165.0
4.513  230.0  215.0  160.0
4.513  230.0  215.0  160.0
4.531  230.0  204.0  155.0
4.548  247.0  216.0  160.0
4.567  272.0  249.0  160.0
4.584  299.0  292.0  160.0
4.584  299.0  292.0  160.0
4.619  373.0  390.0  165.0
4.637  417.0  417.0  165.0
4.655  458.0  430.0  160.0
4.672  508.0  455.0  160.0
4.672  508.0  455.0  160.0
4.689  562.0  497.0  160.0
4.725  676.0  628.0  160.0
4.743  736.0  709.0  165.0
4.76  794.0  780.0  165.0
4.76  794.0  780.0  165.0
4.779  846.0  834.0  165.0
4.796  894.0  862.0  165.0
4.832  966.0  896.0  160.0
4.832  966.0  896.0  160.0
4.849  991.0  925.0  165.0
4.868  1009.0  958.0  165.0
4.886  1022.0  983.0  165.0
4.905  1023.0  997.0  165.0
4.905  1023.0  997.0  165.0
4.925  1023.0  1012.0  165.0
4.944  1023.0  1009.0  165.0
4.981  951.0  981.0  165.0
4.999  910.0  951.0  165.0
4.999  910.0  951.0  165.0
5.016  861.0  891.0  165.0
5.035  809.0  815.0  160.0
5.052  752.0  744.0  160.0
5.069  691.0  685.0  160.0
5.069  691.0  685.0  160.0
5.087  633.0  640.0  160.0
5.123  520.0  569.0  165.0
5.14  472.0  535.0  165.0
5.157  424.0  480.0  165.0
5.157  424.0  480.0  165.0
5.176  383.0  413.0  165.0
5.193  345.0  346.0  160.0
5.228  282.0  275.0  160.0
5.246  259.0  265.0  160.0
5.246  259.0  265.0  160.0
5.264  245.0  268.0  160.0
5.281  236.0  275.0  165.0
5.3  231.0  277.0  165.0
5.3  231.0  277.0  165.0
5.335  230.0  227.0  160.0
5.352  230.0  207.0  160.0
5.37  239.0  208.0  160.0
5.388  264.0  236.0  160.0
5.388  264.0  236.0  160.0
5.405  291.0  274.0  165.0
5.441  363.0  379.0  165.0
5.458  407.0  415.0  165.0
5.476  448.0  432.0  165.0
5.476  448.0  432.0  165.0
5.493  500.0  451.0  160.0
5.512  553.0  490.0  160.0
5.529  611.0  546.0  160.0
5.529  611.0  546.0  160.0
5.565  726.0  689.0  165.0
5.582  784.0  764.0  165.0
5.6  834.0  826.0  165.0
5.617  881.0  860.0  165.0
5.617  881.0  860.0  165.0
5.653  957.0  892.0  165.0
5.67  986.0  917.0  160.0
5.689  1006.0  947.0  165.0
5.689  1006.0  947.0  165.0
5.708  1021.0  974.0  165.0
5.727  1023.0  991.0  160.0
5.746  1023.0  1003.0  165.0
5.767  1023.0  1006.0  165.0
5.767  1023.0  1006.0  165.0
5.803  961.0  983.0  170.0
5.82  918.0  960.0  170.0
5.838  870.0  909.0  165.0
5.856  819.0  835.0  160.0
5.856  819.0  835.0  160.0
5.873  762.0  759.0  160.0
5.909  646.0  645.0  160.0
5.926  590.0  604.0  165.0
5.944  534.0  574.0  165.0
5.944  534.0  574.0  165.0
5.962  484.0  541.0  170.0
5.98  438.0  496.0  170.0
5.997  392.0  434.0  165.0
6.033  321.0  314.0  160.0
6.033  321.0  314.0  160.0
6.05  293.0  281.0  160.0
6.068  266.0  267.0  165.0
6.085  249.0  264.0  165.0
6.085  249.0  264.0  165.0
6.104  238.0  272.0  165.0
6.138  231.0  265.0  165.0
6.156  230.0  237.0  165.0
6.174  229.0  210.0  160.0
6.174  229.0  210.0  160.0
6.192  234.0  205.0  160.0
6.209  257.0  225.0  165.0
6.245  313.0  310.0  165.0
6.262  350.0  360.0  165.0
6.262  350.0  360.0  165.0
6.28  389.0  404.0  165.0
6.298  432.0  425.0  165.0
6.316  475.0  439.0  165.0
6.35  583.0  516.0  160.0
6.35  583.0  516.0  160.0
6.369  638.0  580.0  165.0
6.386  695.0  652.0  165.0
6.404  753.0  730.0  165.0
6.404  753.0  730.0  165.0
6.421  806.0  798.0  170.0
6.457  900.0  863.0  165.0
6.474  938.0  878.0  165.0
6.492  972.0  903.0  165.0
6.492  972.0  903.0  165.0
6.51  997.0  933.0  165.0
6.529  1013.0  965.0  165.0
6.547  1023.0  988.0  165.0
6.547  1023.0  988.0  165.0
6.567  1023.0  1004.0  165.0
6.606  1012.0  1000.0  170.0
6.624  979.0  991.0  165.0
6.642  939.0  976.0  170.0
6.642  939.0  976.0  170.0
6.66  897.0  937.0  165.0
6.677  847.0  871.0  165.0
6.713  735.0  727.0  165.0
6.73  679.0  675.0  165.0
6.73  679.0  675.0  165.0
6.748  622.0  631.0  165.0
6.766  565.0  596.0  165.0
6.784  510.0  564.0  165.0
6.818  414.0  465.0  165.0
6.818  414.0  465.0  165.0
6.837  374.0  397.0  165.0
6.854  336.0  336.0  165.0
6.872  304.0  296.0  160.0
6.872  304.0  296.0  160.0
6.889  278.0  274.0  160.0
6.925  243.0  271.0  165.0
6.942  233.0  277.0  165.0
6.961  231.0  272.0  165.0
6.961  231.0  272.0  165.0
6.978  230.0  248.0  165.0
6.995  230.0  218.0  160.0
7.013  230.0  204.0  160.0
7.049  270.0  245.0  165.0
7.049  270.0  245.0  165.0
7.066  296.0  286.0  165.0
7.084  330.0  337.0  165.0
7.102  366.0  382.0  165.0
7.102  366.0  382.0  165.0
7.119  407.0  410.0  165.0
7.154  498.0  445.0  160.0
7.173  551.0  485.0  165.0
7.19  608.0  545.0  165.0
7.19  608.0  545.0  165.0
7.207  663.0  614.0  165.0
7.225  723.0  695.0  165.0
7.261  829.0  823.0  165.0
7.261  829.0  823.0  165.0
7.278  879.0  851.0  165.0
7.297  921.0  866.0  165.0
7.331  987.0  917.0  165.0
7.331  987.0  917.0  165.0
7.35  1006.0  950.0  165.0
7.369  1020.0  978.0  165.0
7.388  1023.0  994.0  165.0
7.407  1022.0  1009.0  165.0
7.407  1022.0  1009.0  165.0
7.428  1023.0  1012.0  165.0
7.446  999.0  1006.0  170.0
7.481  923.0  964.0  165.0
7.481  923.0  964.0  165.0
7.499  876.0  906.0  165.0
7.517  825.0  832.0  165.0
7.534  769.0  761.0  160.0
7.552  709.0  700.0  165.0
7.552  709.0  700.0  165.0
7.57  652.0  656.0  165.0
7.605  540.0  585.0  165.0
7.622  487.0  551.0  170.0
7.622  487.0  551.0  170.0
7.641  441.0  499.0  165.0
7.675  357.0  361.0  160.0
7.694  322.0  314.0  165.0
7.711  294.0  285.0  160.0
7.711  294.0  285.0  160.0
7.729  268.0  271.0  165.0
7.746  250.0  271.0  165.0
7.782  232.0  279.0  165.0
7.799  231.0  259.0  165.0
7.799  231.0  259.0  165.0
7.817  231.0  230.0  165.0
7.835  230.0  207.0  160.0
7.853  233.0  203.0  160.0
7.87  255.0  227.0  165.0
7.87  255.0  227.0  165.0
7.906  309.0  314.0  165.0
7.923  346.0  362.0  170.0
7.941  386.0  397.0  165.0
7.941  386.0  397.0  165.0
7.959  431.0  414.0  165.0
7.976  475.0  429.0  160.0
8.011  584.0  518.0  165.0
8.03  641.0  586.0  165.0
8.03  641.0  586.0  165.0
8.047  699.0  663.0  165.0
8.065  759.0  741.0  165.0
8.082  811.0  804.0  165.0
8.118  906.0  861.0  165.0
8.118  906.0  861.0  165.0
8.135  944.0  878.0  165.0
8.153  975.0  903.0  165.0
8.171  998.0  938.0  165.0
8.189  1014.0  971.0  170.0
8.189  1014.0  971.0  170.0
8.208  1023.0  992.0  165.0
8.228  1023.0  1010.0  165.0
8.248  1023.0  1014.0  165.0
8.285  978.0  995.0  165.0
8.285  978.0  995.0  165.0
8.303  938.0  977.0  165.0
8.321  894.0  929.0  165.0
8.338  841.0  856.0  165.0
8.338  841.0  856.0  165.0
8.355  786.0  783.0  160.0
8.391  670.0  667.0  165.0
8.409  611.0  626.0  165.0
8.427  555.0  596.0  165.0
8.427  555.0  596.0  165.0
8.444  501.0  561.0  165.0
8.462  455.0  519.0  165.0
8.479  407.0  452.0  165.0
8.515  331.0  326.0  160.0
8.515  331.0  326.0  160.0
8.532  301.0  290.0  160.0
8.55  274.0  273.0  160.0
8.568  254.0  269.0  165.0
8.568  254.0  277.0  160.0
8.586  240.0  277.0  160.0
8.621  231.0  267.0  165.0
8.639  231.0  238.0  160.0
8.656  230.0  210.0  165.0
8.656  230.0  210.0  165.0
8.674  231.0  201.0  160.0
8.692  248.0  219.0  165.0
8.727  301.0  302.0  165.0
8.727  301.0  302.0  165.0
8.744  336.0  351.0  165.0
8.763  374.0  392.0  165.0
8.798  461.0  425.0  165.0
8.798  461.0  425.0  165.0
8.815  512.0  454.0  160.0
8.834  567.0  500.0  165.0
8.851  625.0  567.0  165.0
8.851  625.0  567.0  165.0
8.886  741.0  720.0  170.0
8.904  794.0  788.0  170.0
8.922  845.0  831.0  165.0
8.939  891.0  852.0  165.0
8.939  891.0  852.0  165.0
8.975  963.0  891.0  165.0
8.992  990.0  926.0  160.0
9.011  1008.0  961.0  165.0
9.011  1008.0  961.0  165.0
9.03  1023.0  987.0  165.0
9.05  1023.0  1004.0  165.0
9.069  1023.0  1010.0  165.0
9.089  1020.0  1004.0  165.0
9.089  1020.0  1004.0  165.0
9.107  987.0  997.0  165.0
9.142  908.0  945.0  165.0
9.16  856.0  877.0  165.0
9.178  803.0  799.0  160.0
9.178  803.0  799.0  160.0
9.195  747.0  735.0  160.0
9.212  687.0  682.0  165.0
9.248  576.0  609.0  165.0
9.266  523.0  579.0  165.0
9.266  523.0  579.0  165.0
9.283  475.0  538.0  165.0
9.302  428.0  475.0  165.0
9.319  385.0  403.0  165.0
9.319  385.0  403.0  165.0
9.354  313.0  300.0  165.0
9.372  284.0  280.0  160.0
9.39  260.0  271.0  160.0
9.407  245.0  278.0  165.0
9.407  245.0  278.0  165.0
9.425  237.0  280.0  165.0
9.443  231.0  273.0  165.0
9.478  230.0  217.0  160.0
9.496  230.0  202.0  160.0
9.496  230.0  202.0  160.0
9.513  240.0  209.0  160.0
9.531  265.0  241.0  160.0
9.548  292.0  283.0  160.0
9.584  361.0  379.0  165.0
9.602  404.0  408.0  165.0
9.602  404.0  408.0  165.0
9.619  445.0  420.0  165.0
9.637  494.0  442.0  160.0
9.637  494.0  442.0  160.0
9.655  547.0  483.0  160.0
9.691  663.0  614.0  165.0
9.708  723.0  694.0  165.0
9.725  779.0  765.0  165.0
9.725  779.0  765.0  165.0
9.743  829.0  820.0  165.0
9.761  878.0  849.0  165.0
9.796  955.0  886.0  160.0
9.814  985.0  916.0  160.0
9.814  985.0  916.0  160.0
9.833  1007.0  951.0  165.0
9.851  1021.0  979.0  165.0
9.87  1023.0  995.0  165.0
9.89  1023.0  1010.0  165.0
9.89  1023.0  1010.0  165.0
9.91  1023.0  1012.0  165.0
9.928  1000.0  998.0  165.0
9.964  922.0  962.0  165.0
9.981  875.0  904.0  165.0
9.981  875.0  904.0  165.0
9.999  822.0  829.0  160.0
10.016  768.0  760.0  160.0
10.036  704.0  700.0  160.0
10.054  646.0  646.0  160.0
10.054  646.0  646.0  160.0
10.092  528.0  547.0  165.0
10.11  474.0  502.0  160.0
10.129  423.0  464.0  165.0
10.129  423.0  464.0  165.0
10.147  379.0  430.0  165.0
10.167  339.0  395.0  165.0
10.185  306.0  367.0  165.0
10.204  276.0  330.0  165.0
10.204  276.0  330.0  165.0
10.223  255.0  296.0  165.0
10.26  233.0  235.0  160.0
10.278  232.0  215.0  160.0
10.278  232.0  215.0  160.0
10.298  231.0  205.0  160.0
10.316  230.0  201.0  160.0
10.335  233.0  207.0  160.0
10.353  255.0  229.0  160.0
10.353  255.0  229.0  160.0
10.391  313.0  294.0  160.0
