246.289  307.0  294.0  0.0
246.289  307.0  294.0  0.0
246.289  307.0  294.0  0.0
246.289  307.0  294.0  0.0
246.289  307.0  294.0  0.0
246.289  307.0  294.0  0.0
246.289  307.0  294.0  0.0
246.289  307.0  294.0  0.0
246.289  307.0  294.0  0.0
246.289  307.0  294.0  0.0
246.289  307.0  294.0  0.0
246.289  307.0  294.0  0.0
246.289  307.0  294.0  0.0
246.289  307.0  294.0  0.0
246.289  307.0  294.0  0.0
246.289  307.0  294.0  0.0
246.289  307.0  294.0  0.0
246.289  307.0  294.0  0.0
246.289  307.0  294.0  0.0
246.289  307.0  294.0  0.0
246.289  307.0  294.0  0.0
246.289  307.0  294.0  0.0
246.289  307.0  294.0  0.0
246.289  307.0  294.0  0.0
246.289  307.0  294.0  0.0
246.289  307.0  294.0  0.0
246.289  307.0  294.0  0.0
246.289  307.0  294.0  0.0
246.289  307.0  294.0  0.0
246.289  307.0  294.0  0.0
246.289  307.0  294.0  0.0
246.289  307.0  294.0  0.0
246.289  307.0  294.0  0.0
246.289  307.0  294.0  0.0
246.289  307.0  294.0  0.0
246.289  307.0  294.0  0.0
246.289  307.0  294.0  0.0
246.289  307.0  294.0  0.0
246.289  307.0  294.0  0.0
246.289  307.0  294.0  0.0
246.289  307.0  294.0  0.0
246.289  307.0  294.0  0.0
246.289  307.0  294.0  0.0
246.289  307.0  294.0  0.0
0.0  3307.0  349.0  0.0
0.0020  307.0  306.0  0.0
0.0030  307.0  298.0  0.0
0.0030  307.0  298.0  0.0
0.01  308.0  293.0  0.0
0.024  308.0  340.0  0.0
0.054  307.0  266.0  0.0
0.068  307.0  340.0  0.0
0.068  307.0  340.0  0.0
0.097  308.0  258.0  0.0
0.112  307.0  287.0  0.0
0.128  307.0  352.0  0.0
0.158  308.0  264.0  0.0
0.158  308.0  264.0  0.0
0.175  307.0  263.0  0.0
0.19  307.0  323.0  0.0
0.221  308.0  294.0  0.0
0.236  308.0  253.0  0.0
0.236  308.0  253.0  0.0
0.268  307.0  350.0  0.0
0.283  308.0  336.0  0.0
0.299  308.0  269.0  0.0
0.299  308.0  269.0  0.0
0.33  307.0  319.0  0.0
0.346  308.0  356.0  0.0
0.346  308.0  356.0  0.0
0.377  308.0  255.0  0.0
0.393  307.0  282.0  0.0
0.408  307.0  346.0  0.0
0.44  308.0  273.0  0.0
0.455  307.0  260.0  0.0
0.455  307.0  260.0  0.0
0.471  308.0  314.0  0.0
0.501  308.0  306.0  0.0
0.518  308.0  255.0  0.0
0.533  308.0  277.0  0.0
0.533  308.0  277.0  0.0
0.564  308.0  345.0  0.0
0.58  308.0  276.0  0.0
0.595  308.0  257.0  0.0
0.595  308.0  257.0  0.0
0.626  308.0  359.0  0.0
0.643  308.0  312.0  0.0
0.658  308.0  256.0  0.0
0.689  307.0  339.0  0.0
0.689  307.0  339.0  0.0
0.705  308.0  352.0  0.0
0.736  307.0  253.0  0.0
0.751  308.0  302.0  0.0
0.751  308.0  302.0  0.0
0.766  307.0  363.0  0.0
0.798  308.0  255.0  0.0
0.814  308.0  266.0  0.0
0.829  307.0  338.0  0.0
0.829  307.0  338.0  0.0
0.861  308.0  280.0  0.0
0.923  308.0  333.0  0.0
0.939  308.0  251.0  0.0
0.939  308.0  251.0  0.0
0.97  308.0  340.0  0.0
0.986  308.0  377.0  0.0
1.001  308.0  282.0  0.0
1.034  308.0  253.0  0.0
1.034  308.0  253.0  0.0
1.051  307.0  305.0  0.0
1.068  307.0  370.0  0.0
1.084  308.0  361.0  0.0
1.084  308.0  361.0  0.0
1.118  308.0  232.0  0.0
1.134  308.0  241.0  0.0
1.15  307.0  308.0  0.0
1.167  307.0  385.0  0.0
1.167  307.0  385.0  0.0
1.201  308.0  282.0  0.0
1.217  308.0  217.0  0.0
1.233  308.0  228.0  0.0
1.233  308.0  228.0  0.0
1.267  307.0  398.0  0.0
1.284  308.0  402.0  0.0
1.3  308.0  271.0  0.0
1.317  308.0  199.0  0.0
1.317  308.0  199.0  0.0
1.35  307.0  313.0  0.0
1.367  307.0  403.0  0.0
1.384  308.0  385.0  0.0
1.4  308.0  275.0  0.0
1.4  308.0  275.0  0.0
1.433  307.0  232.0  0.0
1.451  307.0  323.0  0.0
1.467  307.0  457.0  0.0
1.467  307.0  457.0  0.0
1.5  308.0  209.0  0.0
1.517  307.0  165.0  0.0
1.533  307.0  249.0  0.0
1.566  308.0  478.0  0.0
1.566  308.0  373.0  0.0
1.584  308.0  373.0  0.0
1.6  308.0  208.0  0.0
1.616  308.0  165.0  0.0
1.633  307.0  254.0  0.0
1.633  307.0  254.0  0.0
1.667  307.0  377.0  0.0
1.683  307.0  316.0  0.0
1.699  308.0  254.0  0.0
1.733  307.0  286.0  0.0
1.733  307.0  286.0  0.0
1.75  307.0  344.0  0.0
1.766  307.0  363.0  0.0
1.783  308.0  312.0  0.0
1.816  307.0  252.0  0.0
1.816  307.0  252.0  0.0
1.832  307.0  290.0  0.0
1.85  307.0  348.0  0.0
1.866  307.0  363.0  0.0
1.866  307.0  363.0  0.0
1.899  308.0  254.0  0.0
1.916  307.0  250.0  0.0
1.933  307.0  293.0  0.0
1.949  308.0  361.0  0.0
1.949  308.0  361.0  0.0
1.983  343.0  336.0  0.0
1.999  380.0  301.0  0.0
2.016  427.0  337.0  0.0
2.05  540.0  570.0  0.0
2.05  540.0  570.0  0.0
2.066  596.0  639.0  0.0
2.082  667.0  622.0  0.0
2.099  729.0  617.0  0.0
2.116  789.0  675.0  0.0
2.116  789.0  675.0  0.0
2.149  899.0  925.0  0.0
2.165  942.0  979.0  0.0
2.183  979.0  932.0  0.0
2.217  1023.0  902.0  0.0
2.217  1023.0  902.0  0.0
2.236  1023.0  920.0  0.0
2.253  1023.0  940.0  0.0
2.271  1023.0  991.0  0.0
2.271  1023.0  991.0  0.0
2.288  991.0  1019.0  0.0
2.322  892.0  848.0  0.0
2.338  834.0  736.0  0.0
2.355  771.0  702.0  0.0
2.355  771.0  702.0  0.0
2.388  640.0  768.0  0.0
2.405  577.0  684.0  0.0
2.421  511.0  502.0  0.0
2.439  456.0  383.0  0.0
2.439  456.0  383.0  0.0
2.439  456.0  383.0  0.0
2.488  321.0  453.0  0.0
2.505  288.0  379.0  0.0
2.522  264.0  234.0  0.0
2.538  244.0  155.0  0.0
2.554  233.0  177.0  0.0
2.554  233.0  177.0  0.0
2.588  231.0  354.0  0.0
2.605  230.0  318.0  0.0
2.621  233.0  183.0  0.0
2.638  258.0  146.0  0.0
2.638  258.0  146.0  0.0
2.671  320.0  324.0  0.0
2.688  362.0  473.0  0.0
2.705  406.0  469.0  0.0
2.705  406.0  469.0  0.0
2.738  519.0  388.0  0.0
2.754  575.0  466.0  0.0
2.771  645.0  608.0  0.0
2.788  707.0  748.0  0.0
2.788  707.0  748.0  0.0
2.821  825.0  755.0  0.0
2.838  881.0  763.0  0.0
2.854  927.0  833.0  0.0
2.871  968.0  928.0  0.0
2.871  968.0  928.0  0.0
2.888  998.0  1008.0  0.0
2.926  1023.0  1023.0  0.0
2.945  1023.0  1017.0  0.0
2.945  1023.0  1017.0  0.0
2.962  1023.0  997.0  0.0
2.979  996.0  916.0  0.0
3.012  902.0  876.0  0.0
3.028  845.0  917.0  0.0
3.028  845.0  917.0  0.0
3.046  785.0  882.0  0.0
3.062  721.0  721.0  0.0
3.095  591.0  553.0  0.0
3.112  528.0  571.0  0.0
3.112  528.0  571.0  0.0
3.129  470.0  587.0  0.0
3.145  415.0  515.0  0.0
3.179  330.0  272.0  0.0
3.195  295.0  254.0  0.0
3.195  295.0  254.0  0.0
3.212  269.0  295.0  0.0
3.246  235.0  320.0  0.0
3.262  232.0  209.0  0.0
3.278  231.0  154.0  0.0
3.278  231.0  154.0  0.0
3.295  230.0  168.0  0.0
3.312  231.0  240.0  0.0
3.345  272.0  334.0  0.0
3.361  309.0  255.0  0.0
3.361  309.0  255.0  0.0
3.379  348.0  243.0  0.0
3.395  396.0  323.0  0.0
3.428  498.0  575.0  0.0
3.445  562.0  586.0  0.0
3.445  562.0  586.0  0.0
3.462  621.0  534.0  0.0
3.494  752.0  658.0  0.0
3.512  810.0  809.0  0.0
3.512  810.0  809.0  0.0
3.528  867.0  929.0  0.0
3.561  959.0  860.0  0.0
3.561  959.0  860.0  0.0
3.596  1014.0  911.0  0.0
3.596  1014.0  911.0  0.0
3.613  1023.0  939.0  0.0
3.631  1023.0  995.0  0.0
3.65  1023.0  1023.0  0.0
3.668  1012.0  1023.0  0.0
3.668  1012.0  1023.0  0.0
3.702  920.0  856.0  0.0
3.719  865.0  769.0  0.0
3.735  809.0  763.0  0.0
3.769  677.0  815.0  0.0
3.769  677.0  815.0  0.0
3.785  613.0  701.0  0.0
3.8  546.0  0.0  0.0
3.828  444.0  0.0  0.0
3.844  400.0  0.0  0.0
3.844  400.0  0.0  0.0
3.872  325.0  0.0  0.0
3.887  296.0  0.0  0.0
3.916  253.0  0.0  0.0
3.931  241.0  0.0  0.0
3.931  241.0  0.0  0.0
3.945  233.0  0.0  0.0
3.975  232.0  0.0  0.0
3.989  231.0  0.0  0.0
4.018  244.0  0.0  0.0
4.018  244.0  0.0  0.0
4.033  264.0  0.0  0.0
4.047  291.0  0.0  0.0
4.08  369.0  230.0  0.0
4.097  411.0  230.0  0.0
4.097  411.0  230.0  0.0
4.114  464.0  283.0  0.0
4.147  585.0  422.0  0.0
4.163  649.0  429.0  0.0
4.163  649.0  429.0  0.0
4.18  715.0  432.0  0.0
4.197  777.0  438.0  0.0
4.23  889.0  577.0  0.0
4.247  935.0  809.0  0.0
4.247  935.0  809.0  0.0
4.263  973.0  779.0  0.0
4.281  1002.0  827.0  0.0
4.299  1022.0  792.0  0.0
4.334  1023.0  554.0  0.0
4.334  1023.0  554.0  0.0
4.349  1023.0  0.0  0.0
4.366  1003.0  0.0  0.0
4.395  923.0  0.0  0.0
4.409  874.0  0.0  0.0
4.409  874.0  0.0  0.0
4.439  770.0  0.0  0.0
4.453  710.0  0.0  0.0
4.482  594.0  0.0  0.0
4.496  539.0  0.0  0.0
4.496  539.0  0.0  0.0
4.511  484.0  0.0  0.0
4.54  394.0  0.0  0.0
4.554  356.0  0.0  0.0
4.584  294.0  0.0  0.0
4.584  294.0  0.0  0.0
4.598  271.0  0.0  0.0
4.627  240.0  0.0  0.0
4.642  233.0  0.0  0.0
4.671  231.0  0.0  0.0
4.671  231.0  0.0  0.0
4.685  231.0  0.0  0.0
4.715  249.0  0.0  0.0
4.729  269.0  0.0  0.0
4.729  269.0  0.0  0.0
4.744  301.0  0.0  0.0
4.773  374.0  0.0  0.0
4.788  412.0  0.0  0.0
4.816  509.0  0.0  0.0
4.816  509.0  0.0  0.0
4.832  560.0  0.0  0.0
4.846  616.0  0.0  0.0
4.875  730.0  0.0  0.0
4.889  785.0  0.0  0.0
4.919  880.0  0.0  0.0
4.919  880.0  0.0  0.0
4.933  922.0  0.0  0.0
4.962  989.0  0.0  0.0
4.978  1009.0  0.0  0.0
4.978  1009.0  0.0  0.0
4.994  1023.0  0.0  0.0
5.024  1023.0  0.0  0.0
5.041  1023.0  0.0  0.0
5.07  969.0  0.0  0.0
5.07  969.0  0.0  0.0
5.085  930.0  0.0  0.0
5.1  884.0  0.0  0.0
5.129  779.0  0.0  0.0
5.129  779.0  0.0  0.0
5.143  721.0  0.0  0.0
5.173  606.0  0.0  0.0
5.187  550.0  0.0  0.0
5.216  450.0  0.0  0.0
5.216  450.0  0.0  0.0
5.231  405.0  0.0  0.0
5.26  331.0  0.0  0.0
5.274  300.0  0.0  0.0
5.304  256.0  0.0  0.0
5.304  256.0  0.0  0.0
5.318  243.0  0.0  0.0
5.347  232.0  0.0  0.0
5.361  232.0  0.0  0.0
5.377  231.0  0.0  0.0
5.377  231.0  0.0  0.0
5.405  242.0  0.0  0.0
5.42  264.0  0.0  0.0
5.449  324.0  0.0  0.0
5.464  360.0  0.0  0.0
5.464  360.0  0.0  0.0
5.492  441.0  0.0  0.0
5.508  494.0  0.0  0.0
5.522  543.0  0.0  0.0
5.522  543.0  0.0  0.0
5.551  654.0  0.0  0.0
5.58  768.0  0.0  0.0
5.595  817.0  0.0  0.0
5.609  868.0  0.0  0.0
5.609  868.0  0.0  0.0
5.639  948.0  0.0  0.0
5.653  980.0  0.0  0.0
5.668  1004.0  0.0  0.0
5.668  1004.0  0.0  0.0
5.7  1023.0  0.0  0.0
5.715  1023.0  0.0  0.0
5.746  1016.0  0.0  0.0
5.761  982.0  0.0  0.0
5.761  982.0  0.0  0.0
5.776  941.0  0.0  0.0
5.805  849.0  0.0  0.0
5.819  797.0  0.0  0.0
5.849  683.0  0.0  0.0
5.849  683.0  0.0  0.0
5.863  626.0  0.0  0.0
5.892  512.0  0.0  0.0
5.907  465.0  0.0  0.0
5.936  378.0  0.0  0.0
5.936  378.0  0.0  0.0
5.95  340.0  0.0  0.0
5.98  280.0  0.0  0.0
5.994  259.0  0.0  0.0
6.023  236.0  0.0  0.0
6.023  236.0  0.0  0.0
6.038  233.0  0.0  0.0
6.052  232.0  0.0  0.0
6.081  231.0  0.0  0.0
6.081  231.0  0.0  0.0
6.096  238.0  0.0  0.0
6.125  280.0  0.0  0.0
6.139  314.0  0.0  0.0
6.169  391.0  0.0  0.0
6.169  391.0  0.0  0.0
6.183  427.0  0.0  0.0
6.198  477.0  0.0  0.0
6.226  580.0  0.0  0.0
6.242  638.0  0.0  0.0
6.242  638.0  0.0  0.0
6.27  754.0  0.0  0.0
6.285  804.0  0.0  0.0
6.3  854.0  0.0  0.0
6.329  938.0  0.0  0.0
6.329  938.0  0.0  0.0
6.358  998.0  0.0  0.0
6.374  1015.0  0.0  0.0
6.389  1023.0  0.0  0.0
6.42  1023.0  0.0  0.0
6.42  1023.0  0.0  0.0
6.436  1023.0  0.0  0.0
6.465  957.0  0.0  0.0
6.479  918.0  0.0  0.0
6.494  866.0  0.0  0.0
6.494  866.0  0.0  0.0
6.523  759.0  0.0  0.0
6.538  703.0  0.0  0.0
6.567  588.0  0.0  0.0
6.567  588.0  0.0  0.0
6.582  529.0  0.0  0.0
6.596  480.0  0.0  0.0
6.625  391.0  0.0  0.0
6.64  351.0  0.0  0.0
6.64  351.0  0.0  0.0
6.669  289.0  0.0  0.0
6.683  268.0  0.0  0.0
6.713  238.0  0.0  0.0
6.727  233.0  0.0  0.0
6.727  233.0  0.0  0.0
6.756  231.0  0.0  0.0
6.771  230.0  0.0  0.0
6.786  232.0  0.0  0.0
6.814  271.0  0.0  0.0
6.814  271.0  0.0  0.0
6.83  305.0  0.0  0.0
6.858  376.0  0.0  0.0
6.873  413.0  0.0  0.0
6.902  508.0  0.0  0.0
6.902  508.0  0.0  0.0
6.917  560.0  0.0  0.0
6.931  617.0  0.0  0.0
6.96  732.0  0.0  0.0
6.975  784.0  0.0  0.0
6.975  784.0  0.0  0.0
7.004  881.0  0.0  0.0
7.018  922.0  0.0  0.0
7.048  988.0  0.0  0.0
7.048  988.0  0.0  0.0
7.063  1009.0  0.0  0.0
7.095  1023.0  0.0  0.0
7.11  1023.0  0.0  0.0
7.126  1023.0  0.0  0.0
7.126  1023.0  0.0  0.0
7.155  971.0  0.0  0.0
7.171  931.0  0.0  0.0
7.185  883.0  0.0  0.0
7.214  779.0  0.0  0.0
7.214  779.0  0.0  0.0
7.243  662.0  0.0  0.0
7.258  605.0  0.0  0.0
7.272  549.0  0.0  0.0
7.286  496.0  0.0  0.0
7.302  451.0  0.0  0.0
7.316  404.0  0.0  0.0
7.345  331.0  0.0  0.0
7.359  301.0  0.0  0.0
7.389  256.0  0.0  0.0
7.389  256.0  0.0  0.0
7.403  244.0  0.0  0.0
7.433  232.0  0.0  0.0
7.447  231.0  0.0  0.0
7.447  231.0  0.0  0.0
7.461  231.0  0.0  0.0
7.49  243.0  0.0  0.0
7.505  263.0  0.0  0.0
7.534  316.0  0.0  0.0
7.548  358.0  0.0  0.0
7.548  358.0  0.0  0.0
7.564  394.0  0.0  0.0
7.592  481.0  0.0  0.0
7.607  532.0  0.0  0.0
7.607  532.0  0.0  0.0
7.636  642.0  0.0  0.0
7.651  701.0  0.0  0.0
7.68  805.0  0.0  0.0
7.695  854.0  0.0  0.0
7.695  854.0  0.0  0.0
7.709  900.0  0.0  0.0
7.738  971.0  0.0  0.0
7.769  1017.0  0.0  0.0
7.784  1023.0  0.0  0.0
7.784  1023.0  0.0  0.0
7.799  1023.0  0.0  0.0
7.815  1023.0  0.0  0.0
7.845  993.0  0.0  0.0
7.86  953.0  0.0  0.0
7.86  953.0  0.0  0.0
7.888  862.0  0.0  0.0
7.904  813.0  0.0  0.0
7.932  699.0  0.0  0.0
7.947  641.0  0.0  0.0
7.976  530.0  0.0  0.0
7.976  530.0  0.0  0.0
7.991  480.0  0.0  0.0
8.005  432.0  0.0  0.0
8.005  432.0  0.0  0.0
8.035  350.0  0.0  0.0
8.049  316.0  0.0  0.0
8.078  267.0  0.0  0.0
8.093  249.0  0.0  0.0
8.093  249.0  0.0  0.0
8.122  233.0  0.0  0.0
8.136  232.0  0.0  0.0
8.166  231.0  0.0  0.0
8.18  234.0  0.0  0.0
8.18  234.0  0.0  0.0
8.209  270.0  0.0  0.0
8.223  301.0  0.0  0.0
8.239  332.0  0.0  0.0
8.267  409.0  0.0  0.0
8.267  409.0  0.0  0.0
8.297  497.0  0.0  0.0
8.311  554.0  0.0  0.0
8.326  607.0  0.0  0.0
8.326  607.0  0.0  0.0
8.354  723.0  0.0  0.0
8.37  777.0  0.0  0.0
8.398  875.0  0.0  0.0
8.413  917.0  0.0  0.0
8.413  917.0  0.0  0.0
8.428  954.0  0.0  0.0
8.458  1008.0  0.0  0.0
8.473  1023.0  0.0  0.0
8.505  1023.0  0.0  0.0
8.505  1023.0  0.0  0.0
8.52  1023.0  0.0  0.0
8.536  1012.0  0.0  0.0
8.565  938.0  0.0  0.0
8.58  893.0  0.0  0.0
8.58  893.0  0.0  0.0
8.594  842.0  0.0  0.0
8.623  731.0  0.0  0.0
8.652  616.0  0.0  0.0
8.652  616.0  0.0  0.0
8.667  562.0  0.0  0.0
8.681  505.0  0.0  0.0
8.711  410.0  0.0  0.0
8.725  372.0  0.0  0.0
8.725  372.0  0.0  0.0
8.754  302.0  0.0  0.0
8.769  276.0  0.0  0.0
8.798  243.0  0.0  0.0
8.812  233.0  0.0  0.0
8.812  233.0  0.0  0.0
8.842  232.0  0.0  0.0
8.856  231.0  0.0  0.0
8.885  238.0  0.0  0.0
8.9  258.0  0.0  0.0
8.9  258.0  0.0  0.0
8.914  281.0  0.0  0.0
8.943  347.0  0.0  0.0
8.958  387.0  0.0  0.0
8.958  387.0  0.0  0.0
8.987  470.0  0.0  0.0
9.001  522.0  0.0  0.0
9.016  578.0  0.0  0.0
9.046  692.0  0.0  0.0
9.046  692.0  0.0  0.0
9.074  800.0  0.0  0.0
9.089  848.0  0.0  0.0
9.104  894.0  0.0  0.0
9.133  967.0  0.0  0.0
9.133  967.0  0.0  0.0
9.147  995.0  0.0  0.0
9.179  1023.0  0.0  0.0
9.194  1023.0  0.0  0.0
9.209  1023.0  0.0  0.0
9.209  1023.0  0.0  0.0
9.24  999.0  0.0  0.0
9.254  961.0  0.0  0.0
9.283  872.0  0.0  0.0
9.298  822.0  0.0  0.0
9.298  822.0  0.0  0.0
9.313  763.0  0.0  0.0
9.341  649.0  0.0  0.0
9.357  593.0  0.0  0.0
9.385  485.0  0.0  0.0
9.385  485.0  0.0  0.0
9.4  440.0  0.0  0.0
9.43  356.0  0.0  0.0
9.444  322.0  0.0  0.0
9.444  322.0  0.0  0.0
9.458  293.0  0.0  0.0
9.487  252.0  0.0  0.0
9.517  233.0  0.0  0.0
9.531  232.0  0.0  0.0
9.531  232.0  0.0  0.0
9.545  232.0  0.0  0.0
9.575  232.0  0.0  0.0
9.589  249.0  0.0  0.0
9.618  298.0  0.0  0.0
9.618  298.0  0.0  0.0
9.633  327.0  0.0  0.0
9.662  404.0  0.0  0.0
9.676  445.0  0.0  0.0
9.706  549.0  0.0  0.0
9.706  549.0  0.0  0.0
9.72  604.0  0.0  0.0
9.735  662.0  0.0  0.0
9.764  774.0  0.0  0.0
9.779  821.0  0.0  0.0
9.779  821.0  0.0  0.0
9.807  912.0  0.0  0.0
9.822  949.0  0.0  0.0
9.852  1005.0  0.0  0.0
9.852  1005.0  0.0  0.0
9.868  1022.0  0.0  0.0
9.883  1023.0  0.0  0.0
9.915  1023.0  0.0  0.0
9.93  1015.0  0.0  0.0
9.93  1015.0  0.0  0.0
9.96  939.0  0.0  0.0
9.974  895.0  0.0  0.0
9.989  844.0  0.0  0.0
10.018  729.0  0.0  0.0
10.018  729.0  0.0  0.0
10.035  668.0  0.0  0.0
10.05  608.0  0.0  0.0
10.081  492.0  0.0  0.0
10.081  492.0  0.0  0.0
10.097  443.0  0.0  0.0
10.128  352.0  0.0  0.0
10.143  316.0  0.0  0.0
10.16  286.0  0.0  0.0
10.16  286.0  0.0  0.0
10.19  246.0  0.0  0.0
10.206  236.0  0.0  0.0
10.221  233.0  0.0  0.0
10.253  231.0  0.0  0.0
10.253  231.0  0.0  0.0
10.268  231.0  0.0  0.0
10.284  247.0  0.0  0.0
10.315  300.0  0.0  0.0
10.331  329.0  0.0  0.0
10.331  329.0  0.0  0.0
10.346  377.0  0.0  0.0
10.378  465.0  0.0  0.0
10.393  516.0  0.0  0.0
10.393  516.0  0.0  0.0
10.408  578.0  0.0  0.0
10.44  700.0  0.0  0.0
10.456  758.0  0.0  0.0
10.456  758.0  0.0  0.0
10.486  864.0  0.0  0.0
10.503  913.0  0.0  0.0
10.518  951.0  0.0  0.0
10.518  951.0  0.0  0.0
10.55  1009.0  0.0  0.0
10.567  1023.0  0.0  0.0
10.6  1023.0  0.0  0.0
10.6  1023.0  0.0  0.0
10.616  1023.0  0.0  0.0
10.633  998.0  0.0  0.0
10.663  916.0  0.0  0.0
10.663  916.0  0.0  0.0
10.679  861.0  0.0  0.0
10.711  744.0  0.0  0.0
10.726  686.0  0.0  0.0
10.726  686.0  0.0  0.0
10.758  565.0  0.0  0.0
10.773  503.0  0.0  0.0
10.788  452.0  0.0  0.0
10.788  452.0  0.0  0.0
10.819  360.0  0.0  0.0
10.835  323.0  0.0  0.0
10.866  267.0  0.0  0.0
10.866  267.0  0.0  0.0
10.882  249.0  0.0  0.0
10.913  232.0  0.0  0.0
10.929  232.0  0.0  0.0
10.929  232.0  0.0  0.0
10.944  231.0  0.0  0.0
10.976  238.0  0.0  0.0
10.991  261.0  0.0  0.0
11.023  317.0  0.0  0.0
11.023  317.0  0.0  0.0
11.038  357.0  0.0  0.0
11.054  399.0  0.0  0.0
11.084  504.0  0.0  0.0
11.084  504.0  0.0  0.0
11.101  556.0  0.0  0.0
11.116  618.0  0.0  0.0
11.147  743.0  0.0  0.0
11.163  795.0  0.0  0.0
11.163  795.0  0.0  0.0
11.179  847.0  0.0  0.0
11.209  939.0  0.0  0.0
11.226  974.0  0.0  0.0
11.242  1002.0  0.0  0.0
11.242  1002.0  0.0  0.0
11.275  1023.0  0.0  0.0
11.292  1023.0  0.0  0.0
11.309  1023.0  0.0  0.0
11.309  1023.0  0.0  0.0
11.325  1011.0  0.0  0.0
11.357  927.0  0.0  0.0
11.372  875.0  0.0  0.0
11.403  759.0  0.0  0.0
11.403  759.0  0.0  0.0
11.418  699.0  0.0  0.0
11.435  637.0  0.0  0.0
11.465  516.0  0.0  0.0
11.481  464.0  0.0  0.0
11.481  464.0  0.0  0.0
11.497  412.0  0.0  0.0
11.528  332.0  0.0  0.0
11.543  299.0  0.0  0.0
11.559  273.0  0.0  0.0
11.559  273.0  0.0  0.0
11.59  240.0  0.0  0.0
11.606  233.0  0.0  0.0
11.622  232.0  0.0  0.0
11.653  231.0  0.0  0.0
11.653  231.0  0.0  0.0
11.668  234.0  0.0  0.0
11.7  277.0  0.0  0.0
11.715  310.0  0.0  0.0
11.715  310.0  0.0  0.0
11.73  348.0  0.0  0.0
11.762  437.0  0.0  0.0
11.778  485.0  0.0  0.0
11.778  485.0  0.0  0.0
11.793  545.0  0.0  0.0
11.825  665.0  0.0  0.0
11.84  725.0  0.0  0.0
11.871  830.0  0.0  0.0
11.871  830.0  0.0  0.0
11.887  883.0  0.0  0.0
11.902  926.0  0.0  0.0
11.918  964.0  0.0  0.0
11.95  1016.0  0.0  0.0
11.95  1016.0  0.0  0.0
11.967  1023.0  0.0  0.0
11.983  1023.0  0.0  0.0
12.0  1023.0  0.0  0.0
12.033  986.0  0.0  0.0
12.033  986.0  0.0  0.0
12.048  940.0  0.0  0.0
12.079  838.0  0.0  0.0
12.095  781.0  0.0  0.0
12.11  719.0  0.0  0.0
12.11  719.0  0.0  0.0
12.141  599.0  0.0  0.0
12.157  541.0  0.0  0.0
12.173  484.0  0.0  0.0
12.188  435.0  0.0  0.0
12.188  435.0  0.0  0.0
12.22  347.0  0.0  0.0
12.235  312.0  0.0  0.0
12.251  283.0  0.0  0.0
12.281  245.0  0.0  0.0
12.281  245.0  0.0  0.0
12.298  235.0  0.0  0.0
12.328  232.0  0.0  0.0
12.344  231.0  0.0  0.0
12.36  231.0  0.0  0.0
12.376  235.0  0.0  0.0
12.391  248.0  0.0  0.0
12.406  259.0  0.0  0.0
12.423  269.0  0.0  0.0
12.453  278.0  0.0  0.0
12.453  278.0  0.0  0.0
12.469  279.0  0.0  0.0
12.485  279.0  0.0  0.0
12.516  279.0  0.0  0.0
12.516  279.0  0.0  0.0
12.531  279.0  0.0  0.0
12.563  279.0  0.0  0.0
12.578  279.0  0.0  0.0
12.594  279.0  0.0  0.0
12.594  279.0  0.0  0.0
12.625  279.0  0.0  0.0
12.641  279.0  0.0  0.0
12.656  279.0  0.0  0.0
12.688  279.0  0.0  0.0
12.688  279.0  0.0  0.0
12.703  279.0  0.0  0.0
12.719  279.0  0.0  0.0
12.749  279.0  0.0  0.0
12.749  279.0  0.0  0.0
12.766  279.0  0.0  0.0
12.781  279.0  0.0  0.0
12.812  279.0  0.0  0.0
12.828  279.0  0.0  0.0
12.828  279.0  0.0  0.0
12.844  279.0  0.0  0.0
12.874  279.0  0.0  0.0
12.891  279.0  0.0  0.0
12.906  279.0  0.0  0.0
12.906  279.0  0.0  0.0
12.937  278.0  0.0  0.0
12.953  279.0  0.0  0.0
12.984  279.0  0.0  0.0
12.984  279.0  0.0  0.0
12.999  279.0  0.0  0.0
13.031  279.0  0.0  0.0
13.046  279.0  0.0  0.0
13.046  279.0  0.0  0.0
13.062  279.0  0.0  0.0
13.093  279.0  0.0  0.0
13.109  279.0  0.0  0.0
13.109  279.0  0.0  0.0
13.139  279.0  0.0  0.0
13.156  279.0  0.0  0.0
13.187  279.0  0.0  0.0
13.187  279.0  0.0  0.0
13.202  279.0  0.0  0.0
13.218  279.0  0.0  0.0
13.249  279.0  0.0  0.0
13.249  279.0  0.0  0.0
13.264  279.0  0.0  0.0
13.296  279.0  0.0  0.0
13.312  279.0  0.0  0.0
13.327  279.0  0.0  0.0
13.327  279.0  0.0  0.0
13.359  279.0  0.0  0.0
13.374  279.0  0.0  0.0
13.389  279.0  0.0  0.0
13.405  279.0  0.0  0.0
13.405  279.0  0.0  0.0
13.436  279.0  0.0  0.0
13.452  279.0  0.0  0.0
13.484  279.0  0.0  0.0
13.499  279.0  0.0  0.0
13.499  279.0  0.0  0.0
13.514  279.0  0.0  0.0
13.545  279.0  0.0  0.0
13.561  279.0  0.0  0.0
13.577  279.0  0.0  0.0
13.577  279.0  0.0  0.0
13.607  279.0  0.0  0.0
13.624  279.0  0.0  0.0
13.639  279.0  0.0  0.0
13.67  279.0  0.0  0.0
13.67  279.0  0.0  0.0
13.686  279.0  0.0  0.0
13.717  279.0  0.0  0.0
13.732  279.0  0.0  0.0
13.732  279.0  0.0  0.0
13.748  279.0  0.0  0.0
13.779  279.0  0.0  0.0
13.779  279.0  0.0  0.0
13.795  279.0  0.0  0.0
13.827  279.0  0.0  0.0
13.842  279.0  0.0  0.0
13.842  279.0  0.0  0.0
13.873  279.0  0.0  0.0
13.889  279.0  0.0  0.0
13.92  279.0  0.0  0.0
13.92  279.0  0.0  0.0
13.935  279.0  0.0  0.0
13.952  279.0  0.0  0.0
13.982  279.0  0.0  0.0
13.982  279.0  0.0  0.0
14.029  279.0  0.0  0.0
14.029  279.0  0.0  0.0
14.045  279.0  0.0  0.0
14.045  279.0  0.0  0.0
14.06  279.0  0.0  0.0
14.092  279.0  0.0  0.0
14.107  279.0  0.0  0.0
14.138  279.0  0.0  0.0
14.138  279.0  0.0  0.0
14.154  279.0  0.0  0.0
14.17  279.0  0.0  0.0
14.2  279.0  0.0  0.0
14.2  279.0  0.0  0.0
14.217  279.0  0.0  0.0
14.232  279.0  0.0  0.0
14.263  279.0  0.0  0.0
14.278  279.0  0.0  0.0
14.295  279.0  0.0  0.0
14.295  279.0  0.0  0.0
14.325  279.0  0.0  0.0
14.341  279.0  0.0  0.0
14.357  279.0  0.0  0.0
14.357  279.0  0.0  0.0
14.388  279.0  0.0  0.0
14.403  279.0  0.0  0.0
14.435  279.0  0.0  0.0
14.45  279.0  0.0  0.0
14.45  279.0  0.0  0.0
14.466  279.0  0.0  0.0
14.497  279.0  0.0  0.0
14.513  279.0  0.0  0.0
14.528  279.0  0.0  0.0
14.528  279.0  0.0  0.0
14.56  279.0  0.0  0.0
14.575  279.0  0.0  0.0
14.59  279.0  0.0  0.0
14.59  279.0  0.0  0.0
14.622  279.0  0.0  0.0
14.638  279.0  0.0  0.0
14.668  279.0  0.0  0.0
14.685  279.0  0.0  0.0
14.685  279.0  0.0  0.0
14.7  279.0  0.0  0.0
14.715  279.0  0.0  0.0
14.746  279.0  0.0  0.0
14.746  279.0  0.0  0.0
14.763  279.0  0.0  0.0
14.793  279.0  0.0  0.0
14.809  279.0  0.0  0.0
14.809  279.0  0.0  0.0
14.84  279.0  0.0  0.0
14.856  279.0  0.0  0.0
14.871  279.0  0.0  0.0
14.871  279.0  0.0  0.0
14.903  279.0  0.0  0.0
14.918  279.0  0.0  0.0
14.95  279.0  0.0  0.0
14.95  279.0  0.0  0.0
14.965  279.0  0.0  0.0
14.996  279.0  0.0  0.0
15.011  279.0  0.0  0.0
15.011  279.0  0.0  0.0
15.028  279.0  0.0  0.0
15.058  279.0  0.0  0.0
15.074  279.0  0.0  0.0
15.106  279.0  0.0  0.0
15.106  279.0  0.0  0.0
15.121  279.0  0.0  0.0
15.136  279.0  0.0  0.0
15.168  279.0  0.0  0.0
15.183  279.0  0.0  0.0
15.183  279.0  0.0  0.0
15.199  279.0  0.0  0.0
15.23  279.0  0.0  0.0
15.246  279.0  0.0  0.0
15.261  279.0  0.0  0.0
15.261  279.0  0.0  0.0
15.293  279.0  0.0  0.0
15.308  279.0  0.0  0.0
15.324  279.0  0.0  0.0
15.324  279.0  0.0  0.0
15.355  278.0  0.0  0.0
15.371  279.0  0.0  0.0
15.401  279.0  0.0  0.0
15.418  279.0  0.0  0.0
15.418  279.0  0.0  0.0
15.433  279.0  0.0  0.0
15.449  279.0  0.0  0.0
15.479  279.0  0.0  0.0
15.496  279.0  0.0  0.0
15.496  279.0  0.0  0.0
15.526  279.0  0.0  0.0
15.542  279.0  0.0  0.0
15.558  279.0  0.0  0.0
15.558  279.0  0.0  0.0
15.589  279.0  0.0  0.0
15.604  278.0  0.0  0.0
15.636  279.0  0.0  0.0
15.651  279.0  0.0  0.0
15.651  279.0  0.0  0.0
15.667  279.0  0.0  0.0
15.698  279.0  0.0  0.0
15.714  279.0  0.0  0.0
15.714  279.0  0.0  0.0
15.745  279.0  0.0  0.0
15.761  279.0  0.0  0.0
15.761  279.0  0.0  0.0
15.792  279.0  0.0  0.0
15.807  279.0  0.0  0.0
15.823  279.0  0.0  0.0
15.854  279.0  0.0  0.0
15.854  279.0  0.0  0.0
15.869  279.0  0.0  0.0
15.901  279.0  0.0  0.0
15.917  279.0  0.0  0.0
15.917  279.0  0.0  0.0
15.932  279.0  0.0  0.0
15.964  279.0  0.0  0.0
15.964  279.0  0.0  0.0
15.979  279.0  0.0  0.0
16.01  279.0  0.0  0.0
16.026  279.0  0.0  0.0
16.026  279.0  0.0  0.0
16.057  279.0  0.0  0.0
16.072  279.0  0.0  0.0
16.089  279.0  0.0  0.0
16.119  279.0  0.0  0.0
16.119  279.0  0.0  0.0
16.135  279.0  0.0  0.0
16.151  279.0  0.0  0.0
16.182  279.0  0.0  0.0
16.182  279.0  0.0  0.0
16.214  279.0  0.0  0.0
16.229  279.0  0.0  0.0
16.244  279.0  0.0  0.0
16.244  279.0  0.0  0.0
16.275  279.0  0.0  0.0
16.291  279.0  0.0  0.0
16.307  279.0  0.0  0.0
16.322  279.0  0.0  0.0
16.337  279.0  0.0  0.0
16.354  279.0  0.0  0.0
16.385  279.0  0.0  0.0
16.4  279.0  0.0  0.0
16.4  279.0  0.0  0.0
16.416  279.0  0.0  0.0
16.447  279.0  0.0  0.0
16.462  279.0  0.0  0.0
16.479  279.0  0.0  0.0
16.479  279.0  0.0  0.0
16.509  279.0  0.0  0.0
16.525  279.0  0.0  0.0
16.54  279.0  0.0  0.0
16.572  279.0  0.0  0.0
16.572  279.0  0.0  0.0
16.587  279.0  0.0  0.0
16.603  279.0  0.0  0.0
16.634  279.0  0.0  0.0
16.65  279.0  0.0  0.0
16.65  279.0  0.0  0.0
16.665  279.0  0.0  0.0
16.697  279.0  0.0  0.0
16.712  279.0  0.0  0.0
16.712  279.0  0.0  0.0
16.728  279.0  0.0  0.0
16.759  279.0  0.0  0.0
16.775  279.0  0.0  0.0
16.805  279.0  0.0  0.0
16.805  279.0  0.0  0.0
16.822  279.0  0.0  0.0
16.837  279.0  0.0  0.0
16.868  279.0  0.0  0.0
16.884  279.0  0.0  0.0
16.884  279.0  0.0  0.0
16.9  279.0  0.0  0.0
16.93  279.0  0.0  0.0
16.947  279.0  0.0  0.0
16.947  279.0  0.0  0.0
16.962  279.0  0.0  0.0
16.993  279.0  0.0  0.0
17.008  279.0  0.0  0.0
17.04  279.0  0.0  0.0
17.04  279.0  0.0  0.0
17.055  279.0  0.0  0.0
17.071  279.0  0.0  0.0
17.102  279.0  0.0  0.0
17.118  279.0  0.0  0.0
17.118  279.0  0.0  0.0
17.133  279.0  0.0  0.0
17.165  279.0  0.0  0.0
17.18  279.0  0.0  0.0
17.18  279.0  0.0  0.0
17.196  279.0  0.0  0.0
17.227  279.0  0.0  0.0
17.243  279.0  0.0  0.0
17.273  279.0  0.0  0.0
17.273  279.0  0.0  0.0
17.29  279.0  0.0  0.0
17.305  279.0  0.0  0.0
17.32  279.0  0.0  0.0
17.352  279.0  0.0  0.0
17.352  279.0  0.0  0.0
17.368  279.0  0.0  0.0
17.398  279.0  0.0  0.0
17.415  279.0  0.0  0.0
17.415  279.0  0.0  0.0
17.445  279.0  0.0  0.0
17.461  279.0  0.0  0.0
17.476  278.0  0.0  0.0
17.476  278.0  0.0  0.0
17.508  279.0  0.0  0.0
17.523  279.0  0.0  0.0
17.555  279.0  0.0  0.0
17.555  279.0  0.0  0.0
17.57  279.0  0.0  0.0
17.601  279.0  0.0  0.0
17.617  279.0  0.0  0.0
17.633  279.0  0.0  0.0
17.633  279.0  0.0  0.0
17.664  279.0  0.0  0.0
17.68  278.0  0.0  0.0
17.695  279.0  0.0  0.0
17.695  279.0  0.0  0.0
17.726  279.0  0.0  0.0
17.741  279.0  0.0  0.0
17.758  279.0  0.0  0.0
17.788  279.0  0.0  0.0
17.788  279.0  0.0  0.0
17.804  279.0  0.0  0.0
17.836  279.0  0.0  0.0
17.851  279.0  0.0  0.0
17.851  279.0  0.0  0.0
17.866  279.0  0.0  0.0
17.898  279.0  0.0  0.0
17.913  278.0  0.0  0.0
17.913  278.0  0.0  0.0
17.945  279.0  0.0  0.0
17.96  279.0  0.0  0.0
17.976  279.0  0.0  0.0
18.007  279.0  0.0  0.0
18.007  279.0  0.0  0.0
18.023  279.0  0.0  0.0
18.038  279.0  0.0  0.0
18.069  279.0  0.0  0.0
18.085  279.0  0.0  0.0
18.085  279.0  0.0  0.0
18.101  279.0  0.0  0.0
18.131  279.0  0.0  0.0
18.148  279.0  0.0  0.0
18.148  279.0  0.0  0.0
18.179  279.0  0.0  0.0
18.194  279.0  0.0  0.0
18.21  279.0  0.0  0.0
18.21  279.0  0.0  0.0
18.241  279.0  0.0  0.0
18.256  279.0  0.0  0.0
18.288  279.0  0.0  0.0
18.288  279.0  0.0  0.0
18.304  279.0  0.0  0.0
18.319  279.0  0.0  0.0
18.351  279.0  0.0  0.0
18.366  279.0  0.0  0.0
18.366  279.0  0.0  0.0
18.397  279.0  0.0  0.0
18.413  279.0  0.0  0.0
18.428  279.0  0.0  0.0
18.428  279.0  0.0  0.0
18.444  279.0  0.0  0.0
18.476  279.0  0.0  0.0
18.491  279.0  0.0  0.0
18.522  279.0  0.0  0.0
18.537  279.0  0.0  0.0
18.537  279.0  0.0  0.0
18.553  279.0  0.0  0.0
18.584  279.0  0.0  0.0
18.599  279.0  0.0  0.0
18.599  279.0  0.0  0.0
18.616  279.0  0.0  0.0
18.647  279.0  0.0  0.0
18.647  279.0  0.0  0.0
18.662  279.0  0.0  0.0
18.694  279.0  0.0  0.0
18.709  279.0  0.0  0.0
18.74  279.0  0.0  0.0
18.74  279.0  0.0  0.0
18.756  279.0  0.0  0.0
18.771  279.0  0.0  0.0
18.802  279.0  0.0  0.0
18.802  279.0  0.0  0.0
18.819  279.0  0.0  0.0
18.849  279.0  0.0  0.0
18.865  279.0  0.0  0.0
18.865  279.0  0.0  0.0
18.896  279.0  0.0  0.0
18.912  279.0  0.0  0.0
18.927  279.0  0.0  0.0
18.927  279.0  0.0  0.0
18.959  279.0  0.0  0.0
18.974  279.0  0.0  0.0
19.005  279.0  0.0  0.0
19.005  279.0  0.0  0.0
19.021  279.0  0.0  0.0
19.052  279.0  0.0  0.0
19.067  279.0  0.0  0.0
19.067  279.0  0.0  0.0
19.084  279.0  0.0  0.0
19.099  279.0  0.0  0.0
19.13  279.0  0.0  0.0
19.146  279.0  0.0  0.0
19.146  279.0  0.0  0.0
19.177  279.0  0.0  0.0
19.192  279.0  0.0  0.0
19.209  279.0  0.0  0.0
19.239  279.0  0.0  0.0
19.239  279.0  0.0  0.0
19.255  279.0  0.0  0.0
19.27  279.0  0.0  0.0
19.302  278.0  0.0  0.0
19.317  279.0  0.0  0.0
19.317  279.0  0.0  0.0
19.333  279.0  0.0  0.0
19.364  279.0  0.0  0.0
19.38  279.0  0.0  0.0
19.38  279.0  0.0  0.0
19.411  279.0  0.0  0.0
19.427  279.0  0.0  0.0
19.442  279.0  0.0  0.0
19.473  279.0  0.0  0.0
19.473  279.0  0.0  0.0
19.489  279.0  0.0  0.0
19.505  279.0  0.0  0.0
19.535  279.0  0.0  0.0
19.552  279.0  0.0  0.0
19.552  279.0  0.0  0.0
19.567  279.0  0.0  0.0
19.598  279.0  0.0  0.0
19.614  279.0  0.0  0.0
19.614  279.0  0.0  0.0
19.645  279.0  0.0  0.0
19.66  279.0  0.0  0.0
19.677  279.0  0.0  0.0
19.707  279.0  0.0  0.0
19.707  279.0  0.0  0.0
19.723  279.0  0.0  0.0
19.738  279.0  0.0  0.0
19.77  279.0  0.0  0.0
19.785  279.0  0.0  0.0
19.785  279.0  0.0  0.0
19.801  279.0  0.0  0.0
19.832  279.0  0.0  0.0
19.848  279.0  0.0  0.0
19.879  279.0  0.0  0.0
19.879  279.0  0.0  0.0
19.895  279.0  0.0  0.0
19.91  279.0  0.0  0.0
19.926  279.0  0.0  0.0
19.926  279.0  0.0  0.0
19.957  279.0  0.0  0.0
19.973  279.0  0.0  0.0
20.003  279.0  0.0  0.0
20.02  279.0  0.0  0.0
20.02  279.0  0.0  0.0
20.035  279.0  0.0  0.0
20.066  279.0  0.0  0.0
20.082  279.0  0.0  0.0
20.098  279.0  0.0  0.0
20.098  279.0  0.0  0.0
20.128  279.0  0.0  0.0
20.145  279.0  0.0  0.0
20.16  279.0  0.0  0.0
20.175  279.0  0.0  0.0
20.191  279.0  0.0  0.0
20.207  279.0  0.0  0.0
20.222  279.0  0.0  0.0
20.253  279.0  0.0  0.0
20.253  279.0  0.0  0.0
20.269  279.0  0.0  0.0
20.3  279.0  0.0  0.0
20.316  279.0  0.0  0.0
20.331  279.0  0.0  0.0
20.331  279.0  0.0  0.0
20.363  279.0  0.0  0.0
20.378  279.0  0.0  0.0
20.393  279.0  0.0  0.0
20.393  279.0  0.0  0.0
20.425  279.0  0.0  0.0
20.441  278.0  0.0  0.0
20.471  279.0  0.0  0.0
20.488  279.0  0.0  0.0
20.488  279.0  0.0  0.0
20.503  279.0  0.0  0.0
20.534  279.0  0.0  0.0
20.55  279.0  0.0  0.0
20.566  279.0  0.0  0.0
20.566  279.0  0.0  0.0
20.596  278.0  0.0  0.0
20.613  279.0  0.0  0.0
20.628  279.0  0.0  0.0
20.659  279.0  0.0  0.0
20.659  279.0  0.0  0.0
20.675  279.0  0.0  0.0
20.69  279.0  0.0  0.0
20.721  279.0  0.0  0.0
20.721  279.0  0.0  0.0
20.737  279.0  0.0  0.0
20.768  279.0  0.0  0.0
20.784  279.0  0.0  0.0
20.784  279.0  0.0  0.0
20.799  279.0  0.0  0.0
20.831  279.0  0.0  0.0
20.846  279.0  0.0  0.0
20.861  279.0  0.0  0.0
20.861  279.0  0.0  0.0
20.893  279.0  0.0  0.0
20.909  279.0  0.0  0.0
20.924  279.0  0.0  0.0
20.956  279.0  0.0  0.0
20.956  279.0  0.0  0.0
20.971  279.0  0.0  0.0
21.002  279.0  0.0  0.0
21.018  279.0  0.0  0.0
21.033  279.0  0.0  0.0
21.033  279.0  0.0  0.0
21.049  279.0  0.0  0.0
21.081  279.0  0.0  0.0
21.096  279.0  0.0  0.0
21.127  279.0  0.0  0.0
21.127  279.0  0.0  0.0
21.143  278.0  0.0  0.0
21.158  278.0  0.0  0.0
21.189  279.0  0.0  0.0
21.189  279.0  0.0  0.0
21.206  279.0  0.0  0.0
21.221  279.0  0.0  0.0
21.252  279.0  0.0  0.0
21.252  279.0  0.0  0.0
21.267  279.0  0.0  0.0
21.299  279.0  0.0  0.0
21.314  279.0  0.0  0.0
21.346  279.0  0.0  0.0
21.346  279.0  0.0  0.0
21.361  279.0  0.0  0.0
21.377  279.0  0.0  0.0
21.392  279.0  0.0  0.0
21.424  279.0  0.0  0.0
21.424  279.0  0.0  0.0
21.439  279.0  0.0  0.0
21.454  279.0  0.0  0.0
21.486  279.0  0.0  0.0
21.486  279.0  0.0  0.0
21.501  279.0  0.0  0.0
21.532  279.0  0.0  0.0
21.549  279.0  0.0  0.0
21.564  279.0  0.0  0.0
21.564  279.0  0.0  0.0
21.595  279.0  0.0  0.0
21.611  279.0  0.0  0.0
21.626  279.0  0.0  0.0
21.626  279.0  0.0  0.0
21.657  279.0  0.0  0.0
21.673  279.0  0.0  0.0
21.704  279.0  0.0  0.0
21.72  279.0  0.0  0.0
21.72  279.0  0.0  0.0
21.735  279.0  0.0  0.0
21.767  279.0  0.0  0.0
21.782  279.0  0.0  0.0
21.797  279.0  0.0  0.0
21.797  279.0  0.0  0.0
21.829  279.0  0.0  0.0
21.844  279.0  0.0  0.0
21.86  279.0  0.0  0.0
21.86  279.0  0.0  0.0
21.892  279.0  0.0  0.0
21.907  279.0  0.0  0.0
21.939  279.0  0.0  0.0
21.954  279.0  0.0  0.0
21.954  279.0  0.0  0.0
21.985  279.0  0.0  0.0
22.0  279.0  0.0  0.0
22.017  279.0  0.0  0.0
22.017  279.0  0.0  0.0
22.032  279.0  0.0  0.0
22.063  279.0  0.0  0.0
22.079  279.0  0.0  0.0
22.094  279.0  0.0  0.0
22.094  279.0  0.0  0.0
22.125  279.0  0.0  0.0
22.141  279.0  0.0  0.0
22.172  279.0  0.0  0.0
22.188  279.0  0.0  0.0
22.188  279.0  0.0  0.0
22.204  279.0  0.0  0.0
22.235  279.0  0.0  0.0
22.25  279.0  0.0  0.0
22.25  279.0  0.0  0.0
22.265  279.0  0.0  0.0
22.297  279.0  0.0  0.0
22.312  279.0  0.0  0.0
22.328  279.0  0.0  0.0
22.328  279.0  0.0  0.0
22.36  279.0  0.0  0.0
22.375  279.0  0.0  0.0
22.407  279.0  0.0  0.0
22.422  279.0  0.0  0.0
22.422  279.0  0.0  0.0
22.437  279.0  0.0  0.0
22.468  279.0  0.0  0.0
22.484  279.0  0.0  0.0
22.484  279.0  0.0  0.0
22.5  279.0  0.0  0.0
22.531  279.0  0.0  0.0
22.547  279.0  0.0  0.0
22.578  279.0  0.0  0.0
22.578  279.0  0.0  0.0
22.593  279.0  0.0  0.0
22.609  279.0  0.0  0.0
22.64  279.0  0.0  0.0
22.656  279.0  0.0  0.0
22.656  279.0  0.0  0.0
22.672  279.0  0.0  0.0
22.687  279.0  0.0  0.0
22.718  279.0  0.0  0.0
22.718  279.0  0.0  0.0
22.733  279.0  0.0  0.0
22.765  279.0  0.0  0.0
22.78  279.0  0.0  0.0
22.796  279.0  0.0  0.0
22.796  279.0  0.0  0.0
22.828  279.0  0.0  0.0
22.843  279.0  0.0  0.0
22.858  279.0  0.0  0.0
22.89  279.0  0.0  0.0
22.89  279.0  0.0  0.0
22.905  279.0  0.0  0.0
22.921  279.0  0.0  0.0
22.952  279.0  0.0  0.0
22.952  279.0  0.0  0.0
22.968  279.0  0.0  0.0
22.999  279.0  0.0  0.0
23.015  279.0  0.0  0.0
23.03  279.0  0.0  0.0
23.046  279.0  0.0  0.0
23.061  279.0  0.0  0.0
23.077  279.0  0.0  0.0
23.093  279.0  0.0  0.0
23.123  279.0  0.0  0.0
23.14  279.0  0.0  0.0
23.14  279.0  0.0  0.0
23.155  279.0  0.0  0.0
23.186  279.0  0.0  0.0
23.202  279.0  0.0  0.0
23.202  279.0  0.0  0.0
23.218  279.0  0.0  0.0
23.248  279.0  0.0  0.0
23.264  279.0  0.0  0.0
23.296  279.0  0.0  0.0
23.296  279.0  0.0  0.0
23.311  279.0  0.0  0.0
23.326  278.0  0.0  0.0
23.343  279.0  0.0  0.0
23.373  279.0  0.0  0.0
23.373  279.0  0.0  0.0
23.389  279.0  0.0  0.0
23.405  278.0  0.0  0.0
23.436  279.0  0.0  0.0
23.436  279.0  0.0  0.0
23.451  279.0  0.0  0.0
23.483  279.0  0.0  0.0
23.498  279.0  0.0  0.0
23.514  279.0  0.0  0.0
23.514  279.0  0.0  0.0
23.545  279.0  0.0  0.0
23.561  279.0  0.0  0.0
23.576  279.0  0.0  0.0
23.608  279.0  0.0  0.0
23.608  279.0  0.0  0.0
23.623  279.0  0.0  0.0
23.639  279.0  0.0  0.0
23.67  279.0  0.0  0.0
23.686  279.0  0.0  0.0
23.686  279.0  0.0  0.0
23.716  279.0  0.0  0.0
23.732  279.0  0.0  0.0
23.748  279.0  0.0  0.0
23.748  279.0  0.0  0.0
23.779  279.0  0.0  0.0
23.794  279.0  0.0  0.0
23.811  279.0  0.0  0.0
23.841  279.0  0.0  0.0
23.841  279.0  0.0  0.0
23.857  279.0  0.0  0.0
23.873  279.0  0.0  0.0
23.904  279.0  0.0  0.0
23.919  279.0  0.0  0.0
23.919  279.0  0.0  0.0
23.936  279.0  0.0  0.0
23.966  279.0  0.0  0.0
23.982  279.0  0.0  0.0
23.997  279.0  0.0  0.0
23.997  279.0  0.0  0.0
24.029  279.0  0.0  0.0
24.044  279.0  0.0  0.0
24.076  279.0  0.0  0.0
24.076  279.0  0.0  0.0
24.091  279.0  0.0  0.0
24.107  279.0  0.0  0.0
24.138  279.0  0.0  0.0
24.154  279.0  0.0  0.0
24.154  279.0  0.0  0.0
24.184  279.0  0.0  0.0
24.201  279.0  0.0  0.0
24.216  279.0  0.0  0.0
24.231  279.0  0.0  0.0
24.231  279.0  0.0  0.0
24.262  279.0  0.0  0.0
24.279  279.0  0.0  0.0
24.309  279.0  0.0  0.0
24.309  279.0  0.0  0.0
24.325  279.0  0.0  0.0
24.341  279.0  0.0  0.0
24.372  279.0  0.0  0.0
24.387  279.0  0.0  0.0
24.387  279.0  0.0  0.0
24.403  279.0  0.0  0.0
24.434  279.0  0.0  0.0
24.45  279.0  0.0  0.0
24.45  279.0  0.0  0.0
24.465  279.0  0.0  0.0
24.497  279.0  0.0  0.0
24.512  279.0  0.0  0.0
24.544  279.0  0.0  0.0
24.544  279.0  0.0  0.0
24.559  278.0  0.0  0.0
24.574  279.0  0.0  0.0
24.606  279.0  0.0  0.0
24.622  279.0  0.0  0.0
24.622  279.0  0.0  0.0
24.637  279.0  0.0  0.0
24.669  279.0  0.0  0.0
24.684  279.0  0.0  0.0
24.684  279.0  0.0  0.0
24.699  279.0  0.0  0.0
24.73  279.0  0.0  0.0
24.747  279.0  0.0  0.0
24.762  279.0  0.0  0.0
24.762  279.0  0.0  0.0
24.793  279.0  0.0  0.0
24.809  279.0  0.0  0.0
24.84  279.0  0.0  0.0
24.855  279.0  0.0  0.0
24.855  279.0  0.0  0.0
24.871  279.0  0.0  0.0
24.887  279.0  0.0  0.0
24.918  279.0  0.0  0.0
24.934  279.0  0.0  0.0
24.934  279.0  0.0  0.0
24.965  279.0  0.0  0.0
24.98  279.0  0.0  0.0
24.995  279.0  0.0  0.0
25.027  279.0  0.0  0.0
25.027  279.0  0.0  0.0
25.042  279.0  0.0  0.0
25.058  279.0  0.0  0.0
25.09  279.0  0.0  0.0
25.09  279.0  0.0  0.0
25.105  279.0  0.0  0.0
25.12  279.0  0.0  0.0
25.152  279.0  0.0  0.0
25.167  279.0  0.0  0.0
25.167  279.0  0.0  0.0
25.183  279.0  0.0  0.0
25.214  279.0  0.0  0.0
25.23  279.0  0.0  0.0
25.261  279.0  0.0  0.0
25.261  279.0  0.0  0.0
25.277  279.0  0.0  0.0
25.292  279.0  0.0  0.0
25.323  279.0  0.0  0.0
25.339  279.0  0.0  0.0
25.339  279.0  0.0  0.0
25.355  279.0  0.0  0.0
25.385  279.0  0.0  0.0
25.402  279.0  0.0  0.0
25.402  279.0  0.0  0.0
25.417  279.0  0.0  0.0
25.448  279.0  0.0  0.0
25.463  279.0  0.0  0.0
25.48  279.0  0.0  0.0
25.48  279.0  0.0  0.0
25.51  279.0  0.0  0.0
25.526  279.0  0.0  0.0
25.542  279.0  0.0  0.0
25.573  279.0  0.0  0.0
25.573  279.0  0.0  0.0
25.588  279.0  0.0  0.0
25.62  279.0  0.0  0.0
25.635  279.0  0.0  0.0
25.635  279.0  0.0  0.0
25.651  279.0  0.0  0.0
25.682  279.0  0.0  0.0
25.698  279.0  0.0  0.0
25.729  279.0  0.0  0.0
25.729  279.0  0.0  0.0
25.745  279.0  0.0  0.0
25.76  279.0  0.0  0.0
25.776  279.0  0.0  0.0
25.791  279.0  0.0  0.0
25.807  279.0  0.0  0.0
25.823  279.0  0.0  0.0
25.853  279.0  0.0  0.0
25.87  279.0  0.0  0.0
25.87  279.0  0.0  0.0
25.885  279.0  0.0  0.0
25.916  279.0  0.0  0.0
25.932  279.0  0.0  0.0
25.948  279.0  0.0  0.0
25.948  279.0  0.0  0.0
25.978  279.0  0.0  0.0
25.994  279.0  0.0  0.0
26.01  279.0  0.0  0.0
26.041  279.0  0.0  0.0
26.041  279.0  0.0  0.0
26.056  279.0  0.0  0.0
26.073  278.0  0.0  0.0
26.103  279.0  0.0  0.0
26.119  279.0  0.0  0.0
26.119  279.0  0.0  0.0
26.15  279.0  0.0  0.0
26.166  279.0  0.0  0.0
26.181  279.0  0.0  0.0
26.181  279.0  0.0  0.0
26.198  279.0  0.0  0.0
26.228  279.0  0.0  0.0
26.244  279.0  0.0  0.0
26.259  279.0  0.0  0.0
26.259  279.0  0.0  0.0
26.291  279.0  0.0  0.0
26.306  279.0  0.0  0.0
26.338  279.0  0.0  0.0
26.353  279.0  0.0  0.0
26.353  279.0  0.0  0.0
26.369  279.0  0.0  0.0
26.4  279.0  0.0  0.0
26.416  279.0  0.0  0.0
26.431  279.0  0.0  0.0
26.431  279.0  0.0  0.0
26.462  279.0  0.0  0.0
26.478  279.0  0.0  0.0
26.493  279.0  0.0  0.0
26.524  279.0  0.0  0.0
26.524  279.0  0.0  0.0
26.541  279.0  0.0  0.0
26.556  279.0  0.0  0.0
26.587  279.0  0.0  0.0
26.603  279.0  0.0  0.0
26.603  279.0  0.0  0.0
26.634  279.0  0.0  0.0
26.649  279.0  0.0  0.0
26.665  279.0  0.0  0.0
26.665  279.0  0.0  0.0
26.681  279.0  0.0  0.0
26.712  279.0  0.0  0.0
26.727  278.0  0.0  0.0
26.759  279.0  0.0  0.0
26.759  279.0  0.0  0.0
26.774  279.0  0.0  0.0
26.789  279.0  0.0  0.0
26.821  279.0  0.0  0.0
26.836  279.0  0.0  0.0
26.836  279.0  0.0  0.0
26.852  279.0  0.0  0.0
26.884  279.0  0.0  0.0
26.899  279.0  0.0  0.0
26.914  279.0  0.0  0.0
26.914  279.0  0.0  0.0
26.946  279.0  0.0  0.0
26.961  279.0  0.0  0.0
26.977  279.0  0.0  0.0
27.009  278.0  0.0  0.0
27.009  278.0  0.0  0.0
27.024  279.0  0.0  0.0
27.055  279.0  0.0  0.0
27.071  279.0  0.0  0.0
27.086  279.0  0.0  0.0
27.086  279.0  0.0  0.0
27.117  279.0  0.0  0.0
27.133  279.0  0.0  0.0
27.149  279.0  0.0  0.0
27.164  279.0  0.0  0.0
27.164  279.0  0.0  0.0
27.196  279.0  0.0  0.0
27.211  279.0  0.0  0.0
27.227  279.0  0.0  0.0
27.227  279.0  0.0  0.0
27.257  279.0  0.0  0.0
27.289  279.0  0.0  0.0
27.304  279.0  0.0  0.0
27.304  279.0  0.0  0.0
27.32  279.0  0.0  0.0
27.336  279.0  0.0  0.0
27.367  279.0  0.0  0.0
27.382  279.0  0.0  0.0
27.382  279.0  0.0  0.0
27.399  279.0  0.0  0.0
27.429  279.0  0.0  0.0
27.445  279.0  0.0  0.0
27.46  279.0  0.0  0.0
27.46  279.0  0.0  0.0
27.492  279.0  0.0  0.0
27.507  279.0  0.0  0.0
27.539  279.0  0.0  0.0
27.554  279.0  0.0  0.0
27.554  279.0  0.0  0.0
27.57  278.0  0.0  0.0
27.601  279.0  0.0  0.0
27.617  279.0  0.0  0.0
27.632  279.0  0.0  0.0
27.632  279.0  0.0  0.0
27.664  279.0  0.0  0.0
27.679  279.0  0.0  0.0
27.695  279.0  0.0  0.0
27.725  279.0  0.0  0.0
27.725  279.0  0.0  0.0
27.742  279.0  0.0  0.0
27.757  279.0  0.0  0.0
27.788  279.0  0.0  0.0
27.804  279.0  0.0  0.0
27.804  279.0  0.0  0.0
27.82  279.0  0.0  0.0
27.85  279.0  0.0  0.0
27.867  279.0  0.0  0.0
27.882  279.0  0.0  0.0
27.882  279.0  0.0  0.0
27.913  279.0  0.0  0.0
27.929  279.0  0.0  0.0
27.944  279.0  0.0  0.0
27.944  279.0  0.0  0.0
27.975  279.0  0.0  0.0
27.991  279.0  0.0  0.0
28.022  279.0  0.0  0.0
28.038  279.0  0.0  0.0
28.038  279.0  0.0  0.0
28.053  279.0  0.0  0.0
28.069  279.0  0.0  0.0
28.1  279.0  0.0  0.0
28.115  279.0  0.0  0.0
28.115  279.0  0.0  0.0
28.147  279.0  0.0  0.0
28.163  279.0  0.0  0.0
28.178  279.0  0.0  0.0
28.21  278.0  0.0  0.0
28.21  278.0  0.0  0.0
28.225  279.0  0.0  0.0
28.24  279.0  0.0  0.0
28.272  279.0  0.0  0.0
28.288  279.0  0.0  0.0
28.288  279.0  0.0  0.0
28.303  279.0  0.0  0.0
28.335  279.0  0.0  0.0
28.35  279.0  0.0  0.0
28.35  279.0  0.0  0.0
28.365  279.0  0.0  0.0
28.397  279.0  0.0  0.0
28.412  279.0  0.0  0.0
28.443  279.0  0.0  0.0
28.443  279.0  0.0  0.0
28.46  279.0  0.0  0.0
28.475  279.0  0.0  0.0
28.506  279.0  0.0  0.0
28.521  279.0  0.0  0.0
28.521  279.0  0.0  0.0
28.537  279.0  0.0  0.0
28.568  279.0  0.0  0.0
28.583  279.0  0.0  0.0
28.583  279.0  0.0  0.0
28.615  279.0  0.0  0.0
28.631  279.0  0.0  0.0
28.646  279.0  0.0  0.0
28.678  279.0  0.0  0.0
28.678  279.0  0.0  0.0
28.693  279.0  0.0  0.0
28.708  279.0  0.0  0.0
28.74  279.0  0.0  0.0
28.755  279.0  0.0  0.0
28.755  279.0  0.0  0.0
28.771  279.0  0.0  0.0
28.803  279.0  0.0  0.0
28.818  279.0  0.0  0.0
28.833  279.0  0.0  0.0
28.833  279.0  0.0  0.0
28.865  279.0  0.0  0.0
28.88  279.0  0.0  0.0
28.896  279.0  0.0  0.0
28.896  279.0  0.0  0.0
28.928  278.0  0.0  0.0
28.943  279.0  0.0  0.0
28.958  279.0  0.0  0.0
28.989  279.0  0.0  0.0
28.989  279.0  0.0  0.0
29.005  279.0  0.0  0.0
29.021  279.0  0.0  0.0
29.051  279.0  0.0  0.0
29.068  279.0  0.0  0.0
29.068  279.0  0.0  0.0
29.099  279.0  0.0  0.0
29.114  279.0  0.0  0.0
29.13  278.0  0.0  0.0
29.161  279.0  0.0  0.0
29.161  279.0  0.0  0.0
29.176  279.0  0.0  0.0
29.193  279.0  0.0  0.0
29.208  279.0  0.0  0.0
29.239  279.0  0.0  0.0
29.239  279.0  0.0  0.0
29.254  279.0  0.0  0.0
29.271  279.0  0.0  0.0
29.301  279.0  0.0  0.0
29.317  279.0  0.0  0.0
29.317  279.0  0.0  0.0
29.348  279.0  0.0  0.0
29.364  279.0  0.0  0.0
29.379  279.0  0.0  0.0
29.411  278.0  0.0  0.0
29.411  278.0  0.0  0.0
29.426  279.0  0.0  0.0
29.442  279.0  0.0  0.0
29.473  279.0  0.0  0.0
29.489  279.0  0.0  0.0
29.489  279.0  0.0  0.0
29.504  279.0  0.0  0.0
29.519  279.0  0.0  0.0
29.551  279.0  0.0  0.0
29.566  279.0  0.0  0.0
29.566  279.0  0.0  0.0
29.598  279.0  0.0  0.0
29.614  279.0  0.0  0.0
29.629  279.0  0.0  0.0
29.661  279.0  0.0  0.0
29.661  279.0  0.0  0.0
29.676  279.0  0.0  0.0
29.691  279.0  0.0  0.0
29.722  279.0  0.0  0.0
29.722  279.0  0.0  0.0
29.739  279.0  0.0  0.0
29.754  279.0  0.0  0.0
29.785  279.0  0.0  0.0
29.801  279.0  0.0  0.0
29.801  279.0  0.0  0.0
29.832  279.0  0.0  0.0
29.847  279.0  0.0  0.0
29.863  279.0  0.0  0.0
29.894  279.0  0.0  0.0
29.894  279.0  0.0  0.0
29.91  278.0  0.0  0.0
29.926  279.0  0.0  0.0
29.941  279.0  0.0  0.0
29.972  279.0  0.0  0.0
29.972  279.0  0.0  0.0
29.987  279.0  0.0  0.0
30.004  279.0  0.0  0.0
30.034  279.0  0.0  0.0
30.05  279.0  0.0  0.0
30.05  279.0  0.0  0.0
30.082  279.0  0.0  0.0
30.097  279.0  0.0  0.0
30.112  279.0  0.0  0.0
30.144  279.0  0.0  0.0
30.144  279.0  0.0  0.0
30.159  279.0  0.0  0.0
30.175  279.0  0.0  0.0
30.206  279.0  0.0  0.0
30.222  279.0  0.0  0.0
30.222  279.0  0.0  0.0
30.237  279.0  0.0  0.0
30.253  279.0  0.0  0.0
30.284  279.0  0.0  0.0
30.3  279.0  0.0  0.0
30.3  279.0  0.0  0.0
30.331  279.0  0.0  0.0
30.347  279.0  0.0  0.0
30.377  279.0  0.0  0.0
30.377  279.0  0.0  0.0
30.394  279.0  0.0  0.0
30.409  279.0  0.0  0.0
30.425  279.0  0.0  0.0
30.455  279.0  0.0  0.0
30.455  279.0  0.0  0.0
30.472  279.0  0.0  0.0
30.502  279.0  0.0  0.0
30.518  279.0  0.0  0.0
30.534  279.0  0.0  0.0
30.534  279.0  0.0  0.0
30.565  279.0  0.0  0.0
30.58  279.0  0.0  0.0
30.597  279.0  0.0  0.0
30.597  279.0  0.0  0.0
30.627  279.0  0.0  0.0
30.643  279.0  0.0  0.0
30.674  279.0  0.0  0.0
30.69  279.0  0.0  0.0
30.69  279.0  0.0  0.0
30.705  279.0  0.0  0.0
30.737  279.0  0.0  0.0
30.752  279.0  0.0  0.0
30.768  279.0  0.0  0.0
30.768  279.0  0.0  0.0
30.799  279.0  0.0  0.0
30.815  279.0  0.0  0.0
30.83  278.0  0.0  0.0
30.862  279.0  0.0  0.0
30.862  279.0  0.0  0.0
30.877  279.0  0.0  0.0
30.893  279.0  0.0  0.0
30.924  279.0  0.0  0.0
30.924  279.0  0.0  0.0
30.94  279.0  0.0  0.0
30.955  279.0  0.0  0.0
30.986  279.0  0.0  0.0
31.002  279.0  0.0  0.0
31.002  279.0  0.0  0.0
31.017  279.0  0.0  0.0
31.048  279.0  0.0  0.0
31.065  279.0  0.0  0.0
31.08  279.0  0.0  0.0
31.08  279.0  0.0  0.0
31.111  279.0  0.0  0.0
31.127  279.0  0.0  0.0
31.142  279.0  0.0  0.0
31.173  279.0  0.0  0.0
31.173  279.0  0.0  0.0
31.19  279.0  0.0  0.0
31.22  279.0  0.0  0.0
31.236  279.0  0.0  0.0
31.236  279.0  0.0  0.0
31.267  279.0  0.0  0.0
31.283  279.0  0.0  0.0
31.298  278.0  0.0  0.0
31.313  279.0  0.0  0.0
31.313  279.0  0.0  0.0
31.345  279.0  0.0  0.0
31.361  279.0  0.0  0.0
31.392  278.0  0.0  0.0
31.392  278.0  0.0  0.0
31.408  279.0  0.0  0.0
31.423  279.0  0.0  0.0
31.454  279.0  0.0  0.0
31.454  279.0  0.0  0.0
31.47  279.0  0.0  0.0
31.501  279.0  0.0  0.0
31.516  279.0  0.0  0.0
31.533  279.0  0.0  0.0
31.533  279.0  0.0  0.0
31.563  279.0  0.0  0.0
31.579  279.0  0.0  0.0
31.61  279.0  0.0  0.0
31.626  279.0  0.0  0.0
31.626  279.0  0.0  0.0
31.641  279.0  0.0  0.0
31.673  279.0  0.0  0.0
31.688  279.0  0.0  0.0
31.688  279.0  0.0  0.0
31.704  279.0  0.0  0.0
31.735  279.0  0.0  0.0
31.751  279.0  0.0  0.0
31.781  279.0  0.0  0.0
31.781  279.0  0.0  0.0
31.798  279.0  0.0  0.0
31.813  279.0  0.0  0.0
31.844  279.0  0.0  0.0
31.844  279.0  0.0  0.0
31.86  279.0  0.0  0.0
31.876  279.0  0.0  0.0
31.891  279.0  0.0  0.0
31.923  279.0  0.0  0.0
31.923  279.0  0.0  0.0
31.938  279.0  0.0  0.0
31.969  279.0  0.0  0.0
31.984  279.0  0.0  0.0
32.001  279.0  0.0  0.0
32.001  279.0  0.0  0.0
32.031  279.0  0.0  0.0
32.047  279.0  0.0  0.0
32.063  279.0  0.0  0.0
32.094  279.0  0.0  0.0
32.094  279.0  0.0  0.0
32.109  279.0  0.0  0.0
32.125  279.0  0.0  0.0
32.156  279.0  0.0  0.0
32.156  279.0  0.0  0.0
32.172  279.0  0.0  0.0
32.203  279.0  0.0  0.0
32.219  279.0  0.0  0.0
32.219  279.0  0.0  0.0
32.249  279.0  0.0  0.0
32.266  279.0  0.0  0.0
32.281  279.0  0.0  0.0
32.296  279.0  0.0  0.0
32.328  279.0  0.0  0.0
32.328  279.0  0.0  0.0
32.344  279.0  0.0  0.0
32.359  279.0  0.0  0.0
32.391  279.0  0.0  0.0
32.391  279.0  0.0  0.0
32.406  279.0  0.0  0.0
32.421  279.0  0.0  0.0
32.452  279.0  0.0  0.0
32.468  279.0  0.0  0.0
32.468  279.0  0.0  0.0
32.499  279.0  0.0  0.0
32.515  279.0  0.0  0.0
32.531  279.0  0.0  0.0
32.546  279.0  0.0  0.0
32.546  279.0  0.0  0.0
32.577  279.0  0.0  0.0
32.593  279.0  0.0  0.0
32.609  279.0  0.0  0.0
32.64  279.0  0.0  0.0
32.64  279.0  0.0  0.0
32.656  279.0  0.0  0.0
32.687  279.0  0.0  0.0
32.702  279.0  0.0  0.0
32.717  279.0  0.0  0.0
32.717  279.0  0.0  0.0
32.749  279.0  0.0  0.0
32.764  279.0  0.0  0.0
32.78  279.0  0.0  0.0
32.812  279.0  0.0  0.0
32.812  279.0  0.0  0.0
32.827  279.0  0.0  0.0
32.842  279.0  0.0  0.0
32.874  279.0  0.0  0.0
32.874  279.0  0.0  0.0
32.889  279.0  0.0  0.0
32.905  279.0  0.0  0.0
32.936  279.0  0.0  0.0
32.952  279.0  0.0  0.0
32.952  279.0  0.0  0.0
32.983  279.0  0.0  0.0
32.999  279.0  0.0  0.0
33.014  279.0  0.0  0.0
33.03  279.0  0.0  0.0
33.03  279.0  0.0  0.0
33.061  279.0  0.0  0.0
33.077  279.0  0.0  0.0
33.107  279.0  0.0  0.0
33.124  279.0  0.0  0.0
33.124  279.0  0.0  0.0
33.139  279.0  0.0  0.0
33.17  279.0  0.0  0.0
33.186  279.0  0.0  0.0
33.202  279.0  0.0  0.0
33.202  279.0  0.0  0.0
33.232  279.0  0.0  0.0
33.248  279.0  0.0  0.0
33.264  279.0  0.0  0.0
33.295  279.0  0.0  0.0
33.295  279.0  0.0  0.0
33.31  279.0  0.0  0.0
33.327  279.0  0.0  0.0
33.357  279.0  0.0  0.0
33.357  279.0  0.0  0.0
33.373  279.0  0.0  0.0
33.389  279.0  0.0  0.0
33.42  279.0  0.0  0.0
33.435  279.0  0.0  0.0
33.435  279.0  0.0  0.0
33.467  279.0  0.0  0.0
33.482  279.0  0.0  0.0
33.498  279.0  0.0  0.0
33.513  279.0  0.0  0.0
33.513  279.0  0.0  0.0
33.545  279.0  0.0  0.0
33.56  279.0  0.0  0.0
33.592  279.0  0.0  0.0
33.607  279.0  0.0  0.0
33.607  279.0  0.0  0.0
33.623  279.0  0.0  0.0
33.654  279.0  0.0  0.0
33.67  279.0  0.0  0.0
33.685  279.0  0.0  0.0
33.685  279.0  0.0  0.0
33.716  279.0  0.0  0.0
33.732  279.0  0.0  0.0
33.747  279.0  0.0  0.0
33.778  279.0  0.0  0.0
33.778  279.0  0.0  0.0
33.795  279.0  0.0  0.0
33.81  279.0  0.0  0.0
33.841  279.0  0.0  0.0
33.857  279.0  0.0  0.0
33.857  279.0  0.0  0.0
33.872  279.0  0.0  0.0
33.903  279.0  0.0  0.0
33.92  279.0  0.0  0.0
33.935  279.0  0.0  0.0
33.935  279.0  0.0  0.0
33.966  279.0  0.0  0.0
33.981  279.0  0.0  0.0
33.997  279.0  0.0  0.0
33.997  279.0  0.0  0.0
34.028  279.0  0.0  0.0
34.043  279.0  0.0  0.0
34.075  279.0  0.0  0.0
34.091  279.0  0.0  0.0
34.091  279.0  0.0  0.0
34.106  279.0  0.0  0.0
34.138  279.0  0.0  0.0
34.153  279.0  0.0  0.0
34.168  279.0  0.0  0.0
34.168  279.0  0.0  0.0
34.2  279.0  0.0  0.0
34.215  279.0  0.0  0.0
34.231  279.0  0.0  0.0
34.246  279.0  0.0  0.0
34.246  279.0  0.0  0.0
34.278  279.0  0.0  0.0
34.293  279.0  0.0  0.0
34.325  279.0  0.0  0.0
34.34  279.0  0.0  0.0
34.34  279.0  0.0  0.0
34.356  279.0  0.0  0.0
34.387  279.0  0.0  0.0
34.403  279.0  0.0  0.0
34.418  279.0  0.0  0.0
34.418  279.0  0.0  0.0
34.45  279.0  0.0  0.0
34.465  279.0  0.0  0.0
34.481  279.0  0.0  0.0
34.481  279.0  0.0  0.0
34.511  279.0  0.0  0.0
34.528  279.0  0.0  0.0
34.543  279.0  0.0  0.0
34.574  279.0  0.0  0.0
34.574  279.0  0.0  0.0
34.59  279.0  0.0  0.0
34.621  279.0  0.0  0.0
34.636  279.0  0.0  0.0
34.653  279.0  0.0  0.0
34.653  279.0  0.0  0.0
34.683  279.0  0.0  0.0
34.699  279.0  0.0  0.0
34.714  278.0  0.0  0.0
34.731  279.0  0.0  0.0
34.761  279.0  0.0  0.0
34.761  279.0  0.0  0.0
34.777  279.0  0.0  0.0
34.793  279.0  0.0  0.0
34.824  279.0  0.0  0.0
34.839  279.0  0.0  0.0
34.839  279.0  0.0  0.0
34.855  279.0  0.0  0.0
34.886  279.0  0.0  0.0
34.902  279.0  0.0  0.0
34.933  279.0  0.0  0.0
34.933  279.0  0.0  0.0
34.949  279.0  0.0  0.0
34.964  279.0  0.0  0.0
34.979  279.0  0.0  0.0
35.011  279.0  0.0  0.0
35.011  279.0  0.0  0.0
35.026  279.0  0.0  0.0
35.042  279.0  0.0  0.0
35.074  279.0  0.0  0.0
35.074  279.0  0.0  0.0
35.089  279.0  0.0  0.0
35.121  279.0  0.0  0.0
35.136  279.0  0.0  0.0
35.151  279.0  0.0  0.0
35.151  279.0  0.0  0.0
35.183  279.0  0.0  0.0
35.198  279.0  0.0  0.0
35.214  279.0  0.0  0.0
35.229  279.0  0.0  0.0
35.261  279.0  0.0  0.0
35.261  279.0  0.0  0.0
35.276  279.0  0.0  0.0
35.307  279.0  0.0  0.0
35.323  279.0  0.0  0.0
35.323  279.0  0.0  0.0
35.339  279.0  0.0  0.0
35.369  279.0  0.0  0.0
35.386  279.0  0.0  0.0
35.401  279.0  0.0  0.0
35.401  279.0  0.0  0.0
35.432  279.0  0.0  0.0
35.448  279.0  0.0  0.0
35.464  279.0  0.0  0.0
35.494  279.0  0.0  0.0
35.494  279.0  0.0  0.0
35.51  278.0  0.0  0.0
35.526  279.0  0.0  0.0
35.557  279.0  0.0  0.0
35.572  279.0  0.0  0.0
35.572  279.0  0.0  0.0
35.589  279.0  0.0  0.0
35.619  279.0  0.0  0.0
35.635  278.0  0.0  0.0
35.666  279.0  0.0  0.0
35.666  279.0  0.0  0.0
35.682  279.0  0.0  0.0
35.697  279.0  0.0  0.0
35.713  279.0  0.0  0.0
35.713  279.0  0.0  0.0
35.744  279.0  0.0  0.0
35.76  279.0  0.0  0.0
35.791  279.0  0.0  0.0
35.807  279.0  0.0  0.0
35.807  279.0  0.0  0.0
35.837  279.0  0.0  0.0
35.854  279.0  0.0  0.0
35.869  279.0  0.0  0.0
35.869  279.0  0.0  0.0
35.885  279.0  0.0  0.0
35.916  279.0  0.0  0.0
35.932  278.0  0.0  0.0
35.947  279.0  0.0  0.0
35.947  279.0  0.0  0.0
35.978  279.0  0.0  0.0
35.994  279.0  0.0  0.0
36.009  279.0  0.0  0.0
36.04  279.0  0.0  0.0
36.04  279.0  0.0  0.0
36.057  279.0  0.0  0.0
36.087  279.0  0.0  0.0
36.103  279.0  0.0  0.0
36.119  279.0  0.0  0.0
36.119  279.0  0.0  0.0
36.15  279.0  0.0  0.0
36.165  279.0  0.0  0.0
36.182  279.0  0.0  0.0
36.197  279.0  0.0  0.0
36.197  279.0  0.0  0.0
36.228  279.0  0.0  0.0
36.243  279.0  0.0  0.0
36.275  279.0  0.0  0.0
36.29  279.0  0.0  0.0
36.29  279.0  0.0  0.0
36.305  279.0  0.0  0.0
36.337  279.0  0.0  0.0
36.353  279.0  0.0  0.0
36.368  279.0  0.0  0.0
36.368  279.0  0.0  0.0
36.4  279.0  0.0  0.0
36.415  279.0  0.0  0.0
36.43  279.0  0.0  0.0
36.446  279.0  0.0  0.0
36.446  279.0  0.0  0.0
36.477  279.0  0.0  0.0
36.493  278.0  0.0  0.0
36.525  279.0  0.0  0.0
36.54  279.0  0.0  0.0
36.54  279.0  0.0  0.0
36.555  279.0  0.0  0.0
36.587  279.0  0.0  0.0
36.602  279.0  0.0  0.0
36.618  279.0  0.0  0.0
36.618  279.0  0.0  0.0
36.649  279.0  0.0  0.0
36.665  279.0  0.0  0.0
36.68  279.0  0.0  0.0
36.711  279.0  0.0  0.0
36.711  279.0  0.0  0.0
36.727  279.0  0.0  0.0
36.743  279.0  0.0  0.0
36.773  279.0  0.0  0.0
36.773  279.0  0.0  0.0
36.79  279.0  0.0  0.0
36.82  279.0  0.0  0.0
36.836  279.0  0.0  0.0
36.852  279.0  0.0  0.0
36.852  279.0  0.0  0.0
36.883  279.0  0.0  0.0
36.898  279.0  0.0  0.0
36.915  278.0  0.0  0.0
36.945  279.0  0.0  0.0
36.945  279.0  0.0  0.0
36.961  279.0  0.0  0.0
36.976  279.0  0.0  0.0
37.008  279.0  0.0  0.0
37.023  279.0  0.0  0.0
37.023  279.0  0.0  0.0
37.039  279.0  0.0  0.0
37.07  279.0  0.0  0.0
37.086  279.0  0.0  0.0
37.086  279.0  0.0  0.0
37.101  279.0  0.0  0.0
37.133  279.0  0.0  0.0
37.148  279.0  0.0  0.0
37.164  279.0  0.0  0.0
37.164  279.0  0.0  0.0
37.195  279.0  0.0  0.0
37.211  279.0  0.0  0.0
37.241  279.0  0.0  0.0
37.258  279.0  0.0  0.0
37.258  279.0  0.0  0.0
37.273  279.0  0.0  0.0
37.304  279.0  0.0  0.0
37.32  279.0  0.0  0.0
37.336  279.0  0.0  0.0
37.336  279.0  0.0  0.0
37.351  279.0  0.0  0.0
37.383  279.0  0.0  0.0
37.398  279.0  0.0  0.0
37.429  279.0  0.0  0.0
37.429  279.0  0.0  0.0
37.444  279.0  0.0  0.0
37.46  279.0  0.0  0.0
37.491  279.0  0.0  0.0
37.491  279.0  0.0  0.0
37.507  279.0  0.0  0.0
37.538  279.0  0.0  0.0
37.554  279.0  0.0  0.0
37.569  279.0  0.0  0.0
37.569  279.0  0.0  0.0
37.585  279.0  0.0  0.0
37.616  279.0  0.0  0.0
37.632  279.0  0.0  0.0
37.663  279.0  0.0  0.0
37.663  279.0  0.0  0.0
37.679  279.0  0.0  0.0
37.694  279.0  0.0  0.0
37.726  279.0  0.0  0.0
37.741  279.0  0.0  0.0
37.741  279.0  0.0  0.0
37.756  279.0  0.0  0.0
37.788  279.0  0.0  0.0
37.804  279.0  0.0  0.0
37.819  279.0  0.0  0.0
37.819  279.0  0.0  0.0
37.851  279.0  0.0  0.0
37.866  279.0  0.0  0.0
37.881  279.0  0.0  0.0
37.913  279.0  0.0  0.0
37.913  279.0  0.0  0.0
37.928  279.0  0.0  0.0
37.944  279.0  0.0  0.0
37.975  279.0  0.0  0.0
37.991  279.0  0.0  0.0
37.991  279.0  0.0  0.0
38.006  279.0  0.0  0.0
38.037  279.0  0.0  0.0
38.053  279.0  0.0  0.0
38.053  279.0  0.0  0.0
38.069  279.0  0.0  0.0
38.099  279.0  0.0  0.0
38.116  279.0  0.0  0.0
38.131  279.0  0.0  0.0
38.131  279.0  0.0  0.0
38.162  279.0  0.0  0.0
38.178  279.0  0.0  0.0
38.209  279.0  0.0  0.0
38.224  279.0  0.0  0.0
38.224  279.0  0.0  0.0
38.24  279.0  0.0  0.0
38.272  279.0  0.0  0.0
38.287  279.0  0.0  0.0
38.302  278.0  0.0  0.0
38.302  278.0  0.0  0.0
38.334  279.0  0.0  0.0
38.349  279.0  0.0  0.0
38.365  279.0  0.0  0.0
38.396  279.0  0.0  0.0
38.396  279.0  0.0  0.0
38.412  279.0  0.0  0.0
38.427  279.0  0.0  0.0
38.459  279.0  0.0  0.0
38.474  279.0  0.0  0.0
38.474  279.0  0.0  0.0
38.49  279.0  0.0  0.0
38.521  279.0  0.0  0.0
38.537  279.0  0.0  0.0
38.537  279.0  0.0  0.0
38.552  279.0  0.0  0.0
38.584  279.0  0.0  0.0
38.599  279.0  0.0  0.0
38.63  279.0  0.0  0.0
38.63  279.0  0.0  0.0
38.646  279.0  0.0  0.0
38.662  279.0  0.0  0.0
38.692  279.0  0.0  0.0
38.708  279.0  0.0  0.0
38.708  279.0  0.0  0.0
38.724  279.0  0.0  0.0
38.755  279.0  0.0  0.0
38.77  279.0  0.0  0.0
38.787  279.0  0.0  0.0
38.787  279.0  0.0  0.0
38.817  278.0  0.0  0.0
38.833  279.0  0.0  0.0
38.864  279.0  0.0  0.0
38.864  279.0  0.0  0.0
38.88  279.0  0.0  0.0
38.895  279.0  0.0  0.0
38.927  279.0  0.0  0.0
38.942  279.0  0.0  0.0
38.942  279.0  0.0  0.0
38.958  279.0  0.0  0.0
38.973  279.0  0.0  0.0
39.005  279.0  0.0  0.0
39.02  279.0  0.0  0.0
39.02  279.0  0.0  0.0
39.035  279.0  0.0  0.0
39.067  279.0  0.0  0.0
39.083  279.0  0.0  0.0
39.114  279.0  0.0  0.0
39.114  279.0  0.0  0.0
39.13  279.0  0.0  0.0
39.145  279.0  0.0  0.0
39.177  278.0  0.0  0.0
39.177  278.0  0.0  0.0
39.192  279.0  0.0  0.0
39.223  279.0  0.0  0.0
39.238  279.0  0.0  0.0
39.255  279.0  0.0  0.0
39.255  279.0  0.0  0.0
39.285  279.0  0.0  0.0
39.301  279.0  0.0  0.0
39.317  279.0  0.0  0.0
39.317  279.0  0.0  0.0
39.348  279.0  0.0  0.0
39.363  279.0  0.0  0.0
39.379  279.0  0.0  0.0
39.41  279.0  0.0  0.0
39.41  279.0  0.0  0.0
39.426  279.0  0.0  0.0
39.442  279.0  0.0  0.0
39.473  279.0  0.0  0.0
39.488  279.0  0.0  0.0
39.488  279.0  0.0  0.0
39.503  279.0  0.0  0.0
39.535  279.0  0.0  0.0
39.55  279.0  0.0  0.0
39.582  279.0  0.0  0.0
39.582  279.0  0.0  0.0
39.598  279.0  0.0  0.0
39.613  279.0  0.0  0.0
39.628  279.0  0.0  0.0
39.66  279.0  0.0  0.0
39.66  279.0  0.0  0.0
39.675  279.0  0.0  0.0
39.691  279.0  0.0  0.0
39.723  279.0  0.0  0.0
39.738  279.0  0.0  0.0
39.738  279.0  0.0  0.0
39.769  279.0  0.0  0.0
39.785  279.0  0.0  0.0
39.8  279.0  0.0  0.0
39.8  279.0  0.0  0.0
39.831  279.0  0.0  0.0
39.847  279.0  0.0  0.0
39.863  279.0  0.0  0.0
39.894  279.0  0.0  0.0
39.894  279.0  0.0  0.0
39.91  279.0  0.0  0.0
39.925  279.0  0.0  0.0
39.956  279.0  0.0  0.0
39.971  279.0  0.0  0.0
39.971  279.0  0.0  0.0
39.988  279.0  0.0  0.0
40.018  279.0  0.0  0.0
40.034  279.0  0.0  0.0
40.05  279.0  0.0  0.0
40.05  279.0  0.0  0.0
40.081  279.0  0.0  0.0
40.096  279.0  0.0  0.0
40.113  279.0  0.0  0.0
40.143  279.0  0.0  0.0
40.143  279.0  0.0  0.0
40.159  279.0  0.0  0.0
40.175  278.0  0.0  0.0
40.206  279.0  0.0  0.0
40.221  279.0  0.0  0.0
40.221  279.0  0.0  0.0
40.253  279.0  0.0  0.0
40.268  279.0  0.0  0.0
40.284  279.0  0.0  0.0
40.315  279.0  0.0  0.0
40.315  279.0  0.0  0.0
40.331  279.0  0.0  0.0
40.346  279.0  0.0  0.0
40.361  279.0  0.0  0.0
40.393  279.0  0.0  0.0
40.393  279.0  0.0  0.0
40.409  279.0  0.0  0.0
40.439  279.0  0.0  0.0
40.456  279.0  0.0  0.0
40.456  279.0  0.0  0.0
40.471  279.0  0.0  0.0
40.502  279.0  0.0  0.0
40.518  279.0  0.0  0.0
40.549  279.0  0.0  0.0
40.549  279.0  0.0  0.0
40.564  279.0  0.0  0.0
40.581  279.0  0.0  0.0
40.596  278.0  0.0  0.0
40.627  279.0  0.0  0.0
40.627  279.0  0.0  0.0
40.643  279.0  0.0  0.0
40.674  279.0  0.0  0.0
40.689  279.0  0.0  0.0
40.689  279.0  0.0  0.0
40.721  279.0  0.0  0.0
40.736  279.0  0.0  0.0
40.752  279.0  0.0  0.0
40.767  279.0  0.0  0.0
40.767  279.0  0.0  0.0
40.799  279.0  0.0  0.0
40.814  279.0  0.0  0.0
40.829  279.0  0.0  0.0
40.861  279.0  0.0  0.0
40.861  279.0  0.0  0.0
40.877  278.0  0.0  0.0
40.908  279.0  0.0  0.0
40.924  279.0  0.0  0.0
40.924  279.0  0.0  0.0
40.939  279.0  0.0  0.0
40.97  279.0  0.0  0.0
40.986  279.0  0.0  0.0
41.001  279.0  0.0  0.0
41.001  279.0  0.0  0.0
41.032  279.0  0.0  0.0
41.049  279.0  0.0  0.0
41.064  279.0  0.0  0.0
41.095  279.0  0.0  0.0
41.095  279.0  0.0  0.0
41.111  279.0  0.0  0.0
41.126  279.0  0.0  0.0
41.157  279.0  0.0  0.0
41.174  279.0  0.0  0.0
41.174  279.0  0.0  0.0
41.204  279.0  0.0  0.0
41.22  279.0  0.0  0.0
41.235  278.0  0.0  0.0
41.251  279.0  0.0  0.0
41.251  279.0  0.0  0.0
41.282  279.0  0.0  0.0
41.297  278.0  0.0  0.0
41.314  279.0  0.0  0.0
41.345  279.0  0.0  0.0
41.345  279.0  0.0  0.0
41.36  279.0  0.0  0.0
41.392  279.0  0.0  0.0
41.407  279.0  0.0  0.0
41.422  279.0  0.0  0.0
41.422  279.0  0.0  0.0
41.454  279.0  0.0  0.0
41.469  279.0  0.0  0.0
41.485  279.0  0.0  0.0
41.485  279.0  0.0  0.0
41.5  278.0  0.0  0.0
41.532  279.0  0.0  0.0
41.547  279.0  0.0  0.0
41.579  279.0  0.0  0.0
41.579  279.0  0.0  0.0
41.594  279.0  0.0  0.0
41.625  279.0  0.0  0.0
41.641  279.0  0.0  0.0
41.641  279.0  0.0  0.0
41.657  279.0  0.0  0.0
41.688  279.0  0.0  0.0
41.703  279.0  0.0  0.0
41.719  279.0  0.0  0.0
41.719  279.0  0.0  0.0
41.75  279.0  0.0  0.0
41.765  279.0  0.0  0.0
41.782  278.0  0.0  0.0
41.812  279.0  0.0  0.0
41.812  279.0  0.0  0.0
41.828  279.0  0.0  0.0
41.844  279.0  0.0  0.0
41.875  279.0  0.0  0.0
41.875  279.0  0.0  0.0
41.89  279.0  0.0  0.0
41.907  279.0  0.0  0.0
41.937  278.0  0.0  0.0
41.953  279.0  0.0  0.0
41.953  279.0  0.0  0.0
41.985  279.0  0.0  0.0
42.0  279.0  0.0  0.0
42.015  279.0  0.0  0.0
42.047  279.0  0.0  0.0
42.047  279.0  0.0  0.0
42.062  279.0  0.0  0.0
42.078  278.0  0.0  0.0
42.109  279.0  0.0  0.0
42.125  279.0  0.0  0.0
42.125  279.0  0.0  0.0
42.14  278.0  0.0  0.0
42.172  279.0  0.0  0.0
42.187  279.0  0.0  0.0
42.187  279.0  0.0  0.0
42.218  278.0  0.0  0.0
42.233  279.0  0.0  0.0
42.25  279.0  0.0  0.0
42.28  278.0  0.0  0.0
42.28  278.0  0.0  0.0
42.296  279.0  0.0  0.0
42.312  279.0  0.0  0.0
42.343  279.0  0.0  0.0
42.358  279.0  0.0  0.0
42.358  279.0  0.0  0.0
42.375  279.0  0.0  0.0
42.405  279.0  0.0  0.0
42.421  278.0  0.0  0.0
42.421  278.0  0.0  0.0
42.437  278.0  0.0  0.0
42.468  279.0  0.0  0.0
42.483  278.0  0.0  0.0
42.515  278.0  0.0  0.0
42.515  278.0  0.0  0.0
42.53  279.0  0.0  0.0
42.546  279.0  0.0  0.0
42.561  278.0  0.0  0.0
42.593  279.0  0.0  0.0
42.593  279.0  0.0  0.0
42.608  279.0  0.0  0.0
42.64  278.0  0.0  0.0
42.655  279.0  0.0  0.0
42.655  279.0  0.0  0.0
42.671  279.0  0.0  0.0
42.701  279.0  0.0  0.0
42.718  278.0  0.0  0.0
42.733  279.0  0.0  0.0
42.733  279.0  0.0  0.0
42.764  278.0  0.0  0.0
42.78  278.0  0.0  0.0
42.796  279.0  0.0  0.0
42.826  279.0  0.0  0.0
42.826  279.0  0.0  0.0
42.843  279.0  0.0  0.0
42.858  279.0  0.0  0.0
42.889  279.0  0.0  0.0
42.905  279.0  0.0  0.0
42.905  279.0  0.0  0.0
42.92  278.0  0.0  0.0
42.951  279.0  0.0  0.0
42.967  279.0  0.0  0.0
42.998  279.0  0.0  0.0
42.998  279.0  0.0  0.0
43.014  279.0  0.0  0.0
43.029  279.0  0.0  0.0
43.045  279.0  0.0  0.0
43.076  279.0  0.0  0.0
43.076  279.0  0.0  0.0
43.091  279.0  0.0  0.0
43.123  279.0  0.0  0.0
43.139  279.0  0.0  0.0
43.154  279.0  0.0  0.0
43.154  279.0  0.0  0.0
43.186  279.0  0.0  0.0
43.201  279.0  0.0  0.0
43.216  279.0  0.0  0.0
43.248  279.0  0.0  0.0
43.248  279.0  0.0  0.0
43.264  279.0  0.0  0.0
43.279  279.0  0.0  0.0
43.294  279.0  0.0  0.0
43.326  279.0  0.0  0.0
43.326  279.0  0.0  0.0
43.341  279.0  0.0  0.0
43.373  279.0  0.0  0.0
43.388  279.0  0.0  0.0
43.404  279.0  0.0  0.0
43.404  279.0  0.0  0.0
43.436  279.0  0.0  0.0
43.451  279.0  0.0  0.0
43.466  279.0  0.0  0.0
43.466  279.0  0.0  0.0
43.497  279.0  0.0  0.0
43.513  279.0  0.0  0.0
43.529  279.0  0.0  0.0
43.559  278.0  0.0  0.0
43.559  278.0  0.0  0.0
43.576  279.0  0.0  0.0
43.591  279.0  0.0  0.0
43.622  279.0  0.0  0.0
43.638  279.0  0.0  0.0
43.638  279.0  0.0  0.0
43.669  279.0  0.0  0.0
43.684  279.0  0.0  0.0
43.7  279.0  0.0  0.0
43.731  279.0  0.0  0.0
43.731  279.0  0.0  0.0
43.747  279.0  0.0  0.0
43.762  279.0  0.0  0.0
43.794  279.0  0.0  0.0
43.809  279.0  0.0  0.0
43.809  279.0  0.0  0.0
43.825  279.0  0.0  0.0
43.856  279.0  0.0  0.0
43.872  279.0  0.0  0.0
43.887  279.0  0.0  0.0
43.887  279.0  0.0  0.0
43.919  279.0  0.0  0.0
43.934  279.0  0.0  0.0
43.965  279.0  0.0  0.0
43.965  279.0  0.0  0.0
43.981  279.0  0.0  0.0
43.997  279.0  0.0  0.0
44.012  279.0  0.0  0.0
44.044  279.0  0.0  0.0
44.044  279.0  0.0  0.0
44.059  279.0  0.0  0.0
44.09  279.0  0.0  0.0
44.106  279.0  0.0  0.0
44.122  279.0  0.0  0.0
44.122  279.0  0.0  0.0
44.152  279.0  0.0  0.0
44.169  279.0  0.0  0.0
44.169  279.0  0.0  0.0
44.199  279.0  0.0  0.0
44.215  279.0  0.0  0.0
44.247  279.0  0.0  0.0
44.262  279.0  0.0  0.0
44.262  279.0  0.0  0.0
44.277  279.0  0.0  0.0
44.309  279.0  0.0  0.0
44.324  279.0  0.0  0.0
44.34  279.0  0.0  0.0
44.34  279.0  0.0  0.0
44.371  279.0  0.0  0.0
44.387  279.0  0.0  0.0
44.402  279.0  0.0  0.0
44.402  279.0  0.0  0.0
44.434  279.0  0.0  0.0
44.449  279.0  0.0  0.0
44.48  279.0  0.0  0.0
44.495  279.0  0.0  0.0
44.495  279.0  0.0  0.0
44.512  279.0  0.0  0.0
44.542  279.0  0.0  0.0
44.558  279.0  0.0  0.0
44.558  279.0  0.0  0.0
44.574  279.0  0.0  0.0
44.605  279.0  0.0  0.0
44.62  279.0  0.0  0.0
44.637  279.0  0.0  0.0
44.637  279.0  0.0  0.0
44.667  279.0  0.0  0.0
44.683  279.0  0.0  0.0
44.698  279.0  0.0  0.0
44.73  279.0  0.0  0.0
44.73  279.0  0.0  0.0
44.745  278.0  0.0  0.0
44.777  279.0  0.0  0.0
44.792  279.0  0.0  0.0
44.808  279.0  0.0  0.0
44.808  279.0  0.0  0.0
44.823  279.0  0.0  0.0
44.855  279.0  0.0  0.0
44.87  279.0  0.0  0.0
44.902  279.0  0.0  0.0
44.902  279.0  0.0  0.0
44.917  279.0  0.0  0.0
44.933  279.0  0.0  0.0
44.963  279.0  0.0  0.0
44.98  279.0  0.0  0.0
44.98  279.0  0.0  0.0
44.995  279.0  0.0  0.0
45.026  279.0  0.0  0.0
45.042  279.0  0.0  0.0
45.058  279.0  0.0  0.0
45.058  279.0  0.0  0.0
45.088  279.0  0.0  0.0
45.105  279.0  0.0  0.0
45.12  279.0  0.0  0.0
45.12  279.0  0.0  0.0
45.151  279.0  0.0  0.0
45.167  279.0  0.0  0.0
45.182  279.0  0.0  0.0
45.213  279.0  0.0  0.0
45.229  279.0  0.0  0.0
45.229  279.0  0.0  0.0
45.245  279.0  0.0  0.0
45.276  279.0  0.0  0.0
45.291  279.0  0.0  0.0
45.291  279.0  0.0  0.0
45.307  279.0  0.0  0.0
45.338  279.0  0.0  0.0
45.353  279.0  0.0  0.0
45.385  279.0  0.0  0.0
45.385  279.0  0.0  0.0
45.401  279.0  0.0  0.0
45.416  279.0  0.0  0.0
45.448  279.0  0.0  0.0
45.463  279.0  0.0  0.0
45.463  279.0  0.0  0.0
45.478  279.0  0.0  0.0
45.51  279.0  0.0  0.0
45.526  279.0  0.0  0.0
45.541  279.0  0.0  0.0
45.541  279.0  0.0  0.0
45.573  279.0  0.0  0.0
45.588  279.0  0.0  0.0
45.603  278.0  0.0  0.0
45.603  278.0  0.0  0.0
45.635  279.0  0.0  0.0
45.65  279.0  0.0  0.0
45.681  279.0  0.0  0.0
45.697  279.0  0.0  0.0
45.697  279.0  0.0  0.0
45.713  279.0  0.0  0.0
45.728  279.0  0.0  0.0
45.759  279.0  0.0  0.0
45.775  279.0  0.0  0.0
45.775  279.0  0.0  0.0
45.791  279.0  0.0  0.0
45.821  279.0  0.0  0.0
45.838  279.0  0.0  0.0
45.869  279.0  0.0  0.0
45.869  279.0  0.0  0.0
45.884  279.0  0.0  0.0
45.9  279.0  0.0  0.0
45.931  279.0  0.0  0.0
45.946  279.0  0.0  0.0
45.946  279.0  0.0  0.0
45.962  279.0  0.0  0.0
45.993  279.0  0.0  0.0
46.009  279.0  0.0  0.0
46.009  279.0  0.0  0.0
46.024  279.0  0.0  0.0
46.056  279.0  0.0  0.0
46.071  279.0  0.0  0.0
46.087  279.0  0.0  0.0
46.087  279.0  0.0  0.0
46.118  279.0  0.0  0.0
46.134  279.0  0.0  0.0
46.149  279.0  0.0  0.0
46.181  279.0  0.0  0.0
46.196  279.0  0.0  0.0
46.196  279.0  0.0  0.0
46.212  279.0  0.0  0.0
46.243  279.0  0.0  0.0
46.259  279.0  0.0  0.0
46.259  279.0  0.0  0.0
46.274  279.0  0.0  0.0
46.306  279.0  0.0  0.0
46.321  279.0  0.0  0.0
46.337  279.0  0.0  0.0
46.337  279.0  0.0  0.0
46.368  279.0  0.0  0.0
46.384  278.0  0.0  0.0
46.399  279.0  0.0  0.0
46.43  279.0  0.0  0.0
46.43  279.0  0.0  0.0
46.446  279.0  0.0  0.0
46.461  279.0  0.0  0.0
46.492  279.0  0.0  0.0
46.509  279.0  0.0  0.0
46.509  279.0  0.0  0.0
46.524  279.0  0.0  0.0
46.555  279.0  0.0  0.0
46.571  279.0  0.0  0.0
46.602  279.0  0.0  0.0
46.602  279.0  0.0  0.0
46.617  279.0  0.0  0.0
46.633  279.0  0.0  0.0
46.664  278.0  0.0  0.0
46.664  278.0  0.0  0.0
46.68  279.0  0.0  0.0
46.695  279.0  0.0  0.0
46.727  279.0  0.0  0.0
46.742  278.0  0.0  0.0
46.742  278.0  0.0  0.0
46.757  279.0  0.0  0.0
46.789  279.0  0.0  0.0
46.804  279.0  0.0  0.0
46.836  279.0  0.0  0.0
46.836  279.0  0.0  0.0
46.852  279.0  0.0  0.0
46.867  279.0  0.0  0.0
46.899  279.0  0.0  0.0
46.914  279.0  0.0  0.0
46.914  279.0  0.0  0.0
46.929  279.0  0.0  0.0
46.945  279.0  0.0  0.0
46.977  279.0  0.0  0.0
46.992  279.0  0.0  0.0
46.992  279.0  0.0  0.0
47.007  279.0  0.0  0.0
47.039  279.0  0.0  0.0
47.054  279.0  0.0  0.0
47.085  279.0  0.0  0.0
47.085  279.0  0.0  0.0
47.101  279.0  0.0  0.0
47.117  279.0  0.0  0.0
47.148  278.0  0.0  0.0
47.164  279.0  0.0  0.0
47.164  279.0  0.0  0.0
47.179  279.0  0.0  0.0
47.195  279.0  0.0  0.0
47.225  279.0  0.0  0.0
47.242  279.0  0.0  0.0
47.242  279.0  0.0  0.0
47.272  279.0  0.0  0.0
47.288  279.0  0.0  0.0
47.304  279.0  0.0  0.0
47.304  279.0  0.0  0.0
47.335  279.0  0.0  0.0
47.35  279.0  0.0  0.0
47.382  279.0  0.0  0.0
47.397  279.0  0.0  0.0
47.397  279.0  0.0  0.0
47.413  279.0  0.0  0.0
47.429  279.0  0.0  0.0
47.46  279.0  0.0  0.0
47.475  279.0  0.0  0.0
47.475  279.0  0.0  0.0
47.491  279.0  0.0  0.0
47.522  279.0  0.0  0.0
47.538  279.0  0.0  0.0
47.569  279.0  0.0  0.0
47.569  279.0  0.0  0.0
47.585  279.0  0.0  0.0
47.6  279.0  0.0  0.0
47.632  279.0  0.0  0.0
47.632  279.0  0.0  0.0
47.647  279.0  0.0  0.0
47.663  279.0  0.0  0.0
47.693  279.0  0.0  0.0
47.71  279.0  0.0  0.0
47.71  279.0  0.0  0.0
47.725  279.0  0.0  0.0
47.756  279.0  0.0  0.0
47.772  279.0  0.0  0.0
47.803  278.0  0.0  0.0
47.803  278.0  0.0  0.0
47.818  279.0  0.0  0.0
47.835  279.0  0.0  0.0
47.85  279.0  0.0  0.0
47.881  279.0  0.0  0.0
47.881  279.0  0.0  0.0
47.897  279.0  0.0  0.0
47.912  279.0  0.0  0.0
47.943  279.0  0.0  0.0
47.959  279.0  0.0  0.0
47.959  279.0  0.0  0.0
47.99  279.0  0.0  0.0
48.006  279.0  0.0  0.0
48.021  278.0  0.0  0.0
48.021  278.0  0.0  0.0
48.053  279.0  0.0  0.0
48.068  279.0  0.0  0.0
48.083  279.0  0.0  0.0
48.115  279.0  0.0  0.0
48.115  279.0  0.0  0.0
48.131  279.0  0.0  0.0
48.146  279.0  0.0  0.0
48.178  279.0  0.0  0.0
48.193  279.0  0.0  0.0
48.193  279.0  0.0  0.0
48.224  278.0  0.0  0.0
48.24  279.0  0.0  0.0
48.256  279.0  0.0  0.0
48.286  279.0  0.0  0.0
48.286  279.0  0.0  0.0
48.303  279.0  0.0  0.0
48.318  279.0  0.0  0.0
48.349  279.0  0.0  0.0
48.349  279.0  0.0  0.0
48.365  279.0  0.0  0.0
48.38  279.0  0.0  0.0
48.411  279.0  0.0  0.0
48.428  279.0  0.0  0.0
48.428  279.0  0.0  0.0
48.443  279.0  0.0  0.0
48.474  279.0  0.0  0.0
48.489  279.0  0.0  0.0
48.505  279.0  0.0  0.0
48.505  279.0  0.0  0.0
48.536  279.0  0.0  0.0
48.551  279.0  0.0  0.0
48.568  279.0  0.0  0.0
48.568  279.0  0.0  0.0
48.599  279.0  0.0  0.0
48.614  279.0  0.0  0.0
48.646  279.0  0.0  0.0
48.661  279.0  0.0  0.0
48.661  279.0  0.0  0.0
48.676  279.0  0.0  0.0
48.708  279.0  0.0  0.0
48.723  279.0  0.0  0.0
48.739  279.0  0.0  0.0
48.739  279.0  0.0  0.0
48.771  279.0  0.0  0.0
48.786  279.0  0.0  0.0
48.801  279.0  0.0  0.0
48.833  279.0  0.0  0.0
48.833  279.0  0.0  0.0
48.848  279.0  0.0  0.0
48.879  279.0  0.0  0.0
48.896  279.0  0.0  0.0
48.911  279.0  0.0  0.0
48.911  279.0  0.0  0.0
48.942  279.0  0.0  0.0
48.957  279.0  0.0  0.0
48.973  279.0  0.0  0.0
48.989  279.0  0.0  0.0
48.989  279.0  0.0  0.0
49.019  279.0  0.0  0.0
49.036  279.0  0.0  0.0
49.067  279.0  0.0  0.0
49.067  279.0  0.0  0.0
49.082  279.0  0.0  0.0
49.098  279.0  0.0  0.0
49.129  279.0  0.0  0.0
49.144  279.0  0.0  0.0
49.144  279.0  0.0  0.0
49.176  279.0  0.0  0.0
49.191  279.0  0.0  0.0
49.207  279.0  0.0  0.0
49.222  279.0  0.0  0.0
49.222  279.0  0.0  0.0
49.254  279.0  0.0  0.0
49.269  279.0  0.0  0.0
49.285  279.0  0.0  0.0
49.285  279.0  0.0  0.0
49.316  279.0  0.0  0.0
49.332  279.0  0.0  0.0
49.363  279.0  0.0  0.0
49.379  279.0  0.0  0.0
49.379  279.0  0.0  0.0
49.394  279.0  0.0  0.0
49.425  279.0  0.0  0.0
49.441  279.0  0.0  0.0
49.457  279.0  0.0  0.0
49.457  279.0  0.0  0.0
49.472  279.0  0.0  0.0
49.504  279.0  0.0  0.0
49.519  279.0  0.0  0.0
49.55  279.0  0.0  0.0
49.55  279.0  0.0  0.0
49.566  279.0  0.0  0.0
49.582  279.0  0.0  0.0
49.612  279.0  0.0  0.0
49.629  279.0  0.0  0.0
49.629  279.0  0.0  0.0
49.644  279.0  0.0  0.0
49.675  279.0  0.0  0.0
49.69  279.0  0.0  0.0
49.707  279.0  0.0  0.0
49.707  279.0  0.0  0.0
49.722  279.0  0.0  0.0
49.753  279.0  0.0  0.0
49.769  279.0  0.0  0.0
49.8  279.0  0.0  0.0
49.8  279.0  0.0  0.0
49.815  279.0  0.0  0.0
49.831  279.0  0.0  0.0
49.862  279.0  0.0  0.0
49.878  279.0  0.0  0.0
49.878  279.0  0.0  0.0
49.909  279.0  0.0  0.0
49.925  279.0  0.0  0.0
49.94  279.0  0.0  0.0
49.955  279.0  0.0  0.0
49.955  279.0  0.0  0.0
49.987  278.0  0.0  0.0
50.002  279.0  0.0  0.0
50.018  279.0  0.0  0.0
50.05  279.0  0.0  0.0
50.05  279.0  0.0  0.0
50.065  279.0  0.0  0.0
50.097  279.0  0.0  0.0
50.112  279.0  0.0  0.0
50.112  279.0  0.0  0.0
50.127  279.0  0.0  0.0
50.159  279.0  0.0  0.0
50.174  279.0  0.0  0.0
50.19  279.0  0.0  0.0
50.19  279.0  0.0  0.0
50.205  278.0  0.0  0.0
50.237  279.0  0.0  0.0
50.252  279.0  0.0  0.0
50.283  278.0  0.0  0.0
50.283  278.0  0.0  0.0
50.299  279.0  0.0  0.0
50.315  279.0  0.0  0.0
50.345  279.0  0.0  0.0
50.362  279.0  0.0  0.0
50.362  279.0  0.0  0.0
50.377  279.0  0.0  0.0
50.408  279.0  0.0  0.0
50.424  279.0  0.0  0.0
50.424  279.0  0.0  0.0
50.44  279.0  0.0  0.0
50.47  279.0  0.0  0.0
50.486  279.0  0.0  0.0
50.518  279.0  0.0  0.0
50.518  279.0  0.0  0.0
50.533  279.0  0.0  0.0
50.548  279.0  0.0  0.0
50.58  279.0  0.0  0.0
50.595  279.0  0.0  0.0
50.595  279.0  0.0  0.0
50.611  279.0  0.0  0.0
50.642  279.0  0.0  0.0
50.658  279.0  0.0  0.0
50.673  279.0  0.0  0.0
50.673  279.0  0.0  0.0
50.705  279.0  0.0  0.0
50.72  279.0  0.0  0.0
50.736  279.0  0.0  0.0
50.767  279.0  0.0  0.0
50.767  279.0  0.0  0.0
50.783  279.0  0.0  0.0
50.813  279.0  0.0  0.0
50.83  279.0  0.0  0.0
50.845  279.0  0.0  0.0
50.845  279.0  0.0  0.0
50.861  279.0  0.0  0.0
50.892  279.0  0.0  0.0
50.908  279.0  0.0  0.0
50.908  279.0  0.0  0.0
50.923  279.0  0.0  0.0
50.954  279.0  0.0  0.0
50.97  279.0  0.0  0.0
51.001  279.0  0.0  0.0
51.001  279.0  0.0  0.0
51.016  279.0  0.0  0.0
51.033  279.0  0.0  0.0
51.063  279.0  0.0  0.0
51.079  279.0  0.0  0.0
51.079  279.0  0.0  0.0
51.095  279.0  0.0  0.0
51.11  279.0  0.0  0.0
51.141  279.0  0.0  0.0
51.158  279.0  0.0  0.0
51.158  279.0  0.0  0.0
51.173  279.0  0.0  0.0
51.204  279.0  0.0  0.0
51.219  279.0  0.0  0.0
51.251  279.0  0.0  0.0
51.251  279.0  0.0  0.0
51.266  278.0  0.0  0.0
51.281  279.0  0.0  0.0
51.313  279.0  0.0  0.0
51.329  279.0  0.0  0.0
51.329  279.0  0.0  0.0
51.344  279.0  0.0  0.0
51.376  279.0  0.0  0.0
51.391  279.0  0.0  0.0
51.406  278.0  0.0  0.0
51.406  278.0  0.0  0.0
51.438  279.0  0.0  0.0
51.453  279.0  0.0  0.0
51.469  279.0  0.0  0.0
51.501  279.0  0.0  0.0
51.501  279.0  0.0  0.0
51.516  279.0  0.0  0.0
51.547  278.0  0.0  0.0
51.563  279.0  0.0  0.0
51.563  279.0  0.0  0.0
51.578  279.0  0.0  0.0
51.594  279.0  0.0  0.0
51.625  279.0  0.0  0.0
51.641  279.0  0.0  0.0
51.641  279.0  0.0  0.0
51.672  279.0  0.0  0.0
51.687  279.0  0.0  0.0
51.703  279.0  0.0  0.0
51.734  279.0  0.0  0.0
51.734  279.0  0.0  0.0
51.749  279.0  0.0  0.0
51.781  279.0  0.0  0.0
51.796  279.0  0.0  0.0
51.796  279.0  0.0  0.0
51.812  279.0  0.0  0.0
51.828  279.0  0.0  0.0
51.859  279.0  0.0  0.0
51.874  279.0  0.0  0.0
51.874  279.0  0.0  0.0
51.906  279.0  0.0  0.0
51.921  279.0  0.0  0.0
51.937  279.0  0.0  0.0
51.969  279.0  0.0  0.0
51.969  279.0  0.0  0.0
51.984  279.0  0.0  0.0
51.999  279.0  0.0  0.0
52.031  279.0  0.0  0.0
52.046  279.0  0.0  0.0
52.046  279.0  0.0  0.0
52.062  279.0  0.0  0.0
52.093  279.0  0.0  0.0
52.109  279.0  0.0  0.0
52.124  279.0  0.0  0.0
52.124  279.0  0.0  0.0
52.156  279.0  0.0  0.0
52.171  279.0  0.0  0.0
52.187  279.0  0.0  0.0
52.217  279.0  0.0  0.0
52.217  279.0  0.0  0.0
52.234  279.0  0.0  0.0
52.249  279.0  0.0  0.0
52.28  279.0  0.0  0.0
52.28  279.0  0.0  0.0
52.296  279.0  0.0  0.0
52.312  279.0  0.0  0.0
52.342  279.0  0.0  0.0
52.359  279.0  0.0  0.0
52.359  279.0  0.0  0.0
52.389  279.0  0.0  0.0
52.405  279.0  0.0  0.0
52.421  279.0  0.0  0.0
52.452  279.0  0.0  0.0
52.452  279.0  0.0  0.0
52.467  279.0  0.0  0.0
52.483  279.0  0.0  0.0
52.514  279.0  0.0  0.0
52.53  279.0  0.0  0.0
52.53  279.0  0.0  0.0
52.545  279.0  0.0  0.0
52.561  279.0  0.0  0.0
52.592  279.0  0.0  0.0
52.608  279.0  0.0  0.0
52.608  279.0  0.0  0.0
52.639  279.0  0.0  0.0
52.655  279.0  0.0  0.0
52.67  279.0  0.0  0.0
52.702  279.0  0.0  0.0
52.702  279.0  0.0  0.0
52.717  278.0  0.0  0.0
52.732  279.0  0.0  0.0
52.764  279.0  0.0  0.0
52.78  279.0  0.0  0.0
52.78  279.0  0.0  0.0
52.795  279.0  0.0  0.0
52.827  279.0  0.0  0.0
52.842  279.0  0.0  0.0
52.842  279.0  0.0  0.0
52.873  279.0  0.0  0.0
52.889  278.0  0.0  0.0
52.904  279.0  0.0  0.0
52.935  279.0  0.0  0.0
52.935  279.0  0.0  0.0
52.951  279.0  0.0  0.0
52.967  279.0  0.0  0.0
52.982  279.0  0.0  0.0
53.013  279.0  0.0  0.0
53.013  279.0  0.0  0.0
53.029  279.0  0.0  0.0
53.045  279.0  0.0  0.0
53.075  279.0  0.0  0.0
53.092  279.0  0.0  0.0
53.092  279.0  0.0  0.0
53.123  279.0  0.0  0.0
53.138  279.0  0.0  0.0
53.17  279.0  0.0  0.0
53.17  279.0  0.0  0.0
53.185  279.0  0.0  0.0
53.2  279.0  0.0  0.0
53.216  279.0  0.0  0.0
53.248  279.0  0.0  0.0
53.263  279.0  0.0  0.0
53.263  279.0  0.0  0.0
53.278  279.0  0.0  0.0
53.31  279.0  0.0  0.0
53.325  279.0  0.0  0.0
53.325  279.0  0.0  0.0
53.357  279.0  0.0  0.0
53.372  279.0  0.0  0.0
53.388  279.0  0.0  0.0
53.419  279.0  0.0  0.0
53.419  279.0  0.0  0.0
53.435  279.0  0.0  0.0
53.45  279.0  0.0  0.0
53.466  279.0  0.0  0.0
53.497  279.0  0.0  0.0
53.497  279.0  0.0  0.0
53.513  279.0  0.0  0.0
53.543  279.0  0.0  0.0
53.56  279.0  0.0  0.0
53.575  279.0  0.0  0.0
53.575  279.0  0.0  0.0
53.606  279.0  0.0  0.0
53.622  279.0  0.0  0.0
53.653  279.0  0.0  0.0
53.668  279.0  0.0  0.0
53.668  279.0  0.0  0.0
53.684  279.0  0.0  0.0
53.7  279.0  0.0  0.0
53.731  279.0  0.0  0.0
53.746  279.0  0.0  0.0
53.746  279.0  0.0  0.0
53.763  279.0  0.0  0.0
53.793  279.0  0.0  0.0
53.809  279.0  0.0  0.0
53.825  279.0  0.0  0.0
53.825  279.0  0.0  0.0
53.856  279.0  0.0  0.0
53.871  279.0  0.0  0.0
53.903  279.0  0.0  0.0
53.918  279.0  0.0  0.0
53.918  279.0  0.0  0.0
53.934  279.0  0.0  0.0
53.949  279.0  0.0  0.0
53.981  279.0  0.0  0.0
53.981  279.0  0.0  0.0
53.996  279.0  0.0  0.0
54.028  279.0  0.0  0.0
54.043  279.0  0.0  0.0
54.059  279.0  0.0  0.0
54.059  279.0  0.0  0.0
54.09  279.0  0.0  0.0
54.106  279.0  0.0  0.0
54.121  279.0  0.0  0.0
54.153  279.0  0.0  0.0
54.153  279.0  0.0  0.0
54.168  279.0  0.0  0.0
54.183  279.0  0.0  0.0
54.214  279.0  0.0  0.0
54.231  279.0  0.0  0.0
54.231  279.0  0.0  0.0
54.246  279.0  0.0  0.0
54.277  279.0  0.0  0.0
54.293  279.0  0.0  0.0
54.293  279.0  0.0  0.0
54.324  279.0  0.0  0.0
54.339  279.0  0.0  0.0
54.355  279.0  0.0  0.0
54.386  279.0  0.0  0.0
54.386  279.0  0.0  0.0
54.402  279.0  0.0  0.0
54.418  279.0  0.0  0.0
54.449  279.0  0.0  0.0
54.464  279.0  0.0  0.0
54.464  279.0  0.0  0.0
54.479  279.0  0.0  0.0
54.511  279.0  0.0  0.0
54.526  279.0  0.0  0.0
54.526  279.0  0.0  0.0
54.558  279.0  0.0  0.0
54.574  279.0  0.0  0.0
54.589  279.0  0.0  0.0
54.604  278.0  0.0  0.0
54.604  278.0  0.0  0.0
54.636  279.0  0.0  0.0
54.651  279.0  0.0  0.0
54.682  279.0  0.0  0.0
54.699  279.0  0.0  0.0
54.699  279.0  0.0  0.0
54.714  279.0  0.0  0.0
54.745  279.0  0.0  0.0
54.761  279.0  0.0  0.0
54.761  279.0  0.0  0.0
54.792  279.0  0.0  0.0
54.807  279.0  0.0  0.0
54.823  279.0  0.0  0.0
54.839  279.0  0.0  0.0
54.839  279.0  0.0  0.0
54.87  279.0  0.0  0.0
54.886  279.0  0.0  0.0
54.901  279.0  0.0  0.0
54.932  279.0  0.0  0.0
54.932  279.0  0.0  0.0
54.947  279.0  0.0  0.0
54.964  279.0  0.0  0.0
54.994  279.0  0.0  0.0
55.01  279.0  0.0  0.0
55.01  279.0  0.0  0.0
55.042  279.0  0.0  0.0
55.057  279.0  0.0  0.0
55.072  279.0  0.0  0.0
55.089  279.0  0.0  0.0
55.089  279.0  0.0  0.0
55.119  279.0  0.0  0.0
55.135  279.0  0.0  0.0
55.166  279.0  0.0  0.0
55.182  279.0  0.0  0.0
55.182  279.0  0.0  0.0
55.197  279.0  0.0  0.0
55.229  279.0  0.0  0.0
55.244  279.0  0.0  0.0
55.244  279.0  0.0  0.0
55.26  279.0  0.0  0.0
55.291  279.0  0.0  0.0
55.307  279.0  0.0  0.0
55.322  279.0  0.0  0.0
55.322  279.0  0.0  0.0
55.354  279.0  0.0  0.0
55.369  278.0  0.0  0.0
55.4  279.0  0.0  0.0
55.416  279.0  0.0  0.0
55.416  279.0  0.0  0.0
55.432  279.0  0.0  0.0
55.462  279.0  0.0  0.0
55.478  279.0  0.0  0.0
55.494  279.0  0.0  0.0
55.494  279.0  0.0  0.0
55.525  279.0  0.0  0.0
55.54  279.0  0.0  0.0
55.557  279.0  0.0  0.0
55.587  279.0  0.0  0.0
55.587  279.0  0.0  0.0
55.603  279.0  0.0  0.0
55.619  279.0  0.0  0.0
55.65  279.0  0.0  0.0
55.65  279.0  0.0  0.0
55.665  279.0  0.0  0.0
55.681  279.0  0.0  0.0
55.712  279.0  0.0  0.0
55.728  279.0  0.0  0.0
55.728  279.0  0.0  0.0
55.743  279.0  0.0  0.0
55.775  279.0  0.0  0.0
55.79  279.0  0.0  0.0
55.822  279.0  0.0  0.0
55.822  279.0  0.0  0.0
55.837  279.0  0.0  0.0
55.853  279.0  0.0  0.0
55.884  279.0  0.0  0.0
55.9  279.0  0.0  0.0
55.9  279.0  0.0  0.0
55.915  279.0  0.0  0.0
55.946  279.0  0.0  0.0
55.962  279.0  0.0  0.0
55.962  279.0  0.0  0.0
55.977  279.0  0.0  0.0
56.008  279.0  0.0  0.0
56.025  279.0  0.0  0.0
56.055  279.0  0.0  0.0
56.055  279.0  0.0  0.0
56.071  279.0  0.0  0.0
56.087  279.0  0.0  0.0
56.118  279.0  0.0  0.0
56.118  279.0  0.0  0.0
56.133  279.0  0.0  0.0
56.15  279.0  0.0  0.0
56.18  279.0  0.0  0.0
56.196  279.0  0.0  0.0
56.196  279.0  0.0  0.0
56.211  279.0  0.0  0.0
56.243  279.0  0.0  0.0
56.258  279.0  0.0  0.0
56.273  279.0  0.0  0.0
56.273  279.0  0.0  0.0
56.305  279.0  0.0  0.0
56.321  279.0  0.0  0.0
56.336  279.0  0.0  0.0
56.368  279.0  0.0  0.0
56.368  279.0  0.0  0.0
56.383  279.0  0.0  0.0
56.398  279.0  0.0  0.0
56.43  279.0  0.0  0.0
56.445  279.0  0.0  0.0
56.445  279.0  0.0  0.0
56.461  279.0  0.0  0.0
56.493  279.0  0.0  0.0
56.508  279.0  0.0  0.0
56.539  279.0  0.0  0.0
56.539  279.0  0.0  0.0
56.555  279.0  0.0  0.0
56.57  279.0  0.0  0.0
56.601  279.0  0.0  0.0
56.601  279.0  0.0  0.0
56.617  279.0  0.0  0.0
56.633  279.0  0.0  0.0
56.664  279.0  0.0  0.0
56.679  279.0  0.0  0.0
56.679  279.0  0.0  0.0
56.695  279.0  0.0  0.0
56.726  279.0  0.0  0.0
56.741  279.0  0.0  0.0
56.758  279.0  0.0  0.0
56.758  279.0  0.0  0.0
56.788  279.0  0.0  0.0
56.804  279.0  0.0  0.0
56.836  279.0  0.0  0.0
56.836  279.0  0.0  0.0
56.851  279.0  0.0  0.0
56.866  279.0  0.0  0.0
56.898  279.0  0.0  0.0
56.898  279.0  0.0  0.0
56.913  279.0  0.0  0.0
56.944  279.0  0.0  0.0
56.961  279.0  0.0  0.0
56.961  279.0  0.0  0.0
56.991  278.0  0.0  0.0
57.007  279.0  0.0  0.0
57.023  279.0  0.0  0.0
57.023  279.0  0.0  0.0
57.054  279.0  0.0  0.0
57.069  279.0  0.0  0.0
57.101  279.0  0.0  0.0
57.116  279.0  0.0  0.0
57.116  279.0  0.0  0.0
57.132  279.0  0.0  0.0
57.163  279.0  0.0  0.0
57.179  279.0  0.0  0.0
57.194  279.0  0.0  0.0
57.194  279.0  0.0  0.0
57.226  279.0  0.0  0.0
57.241  279.0  0.0  0.0
57.256  279.0  0.0  0.0
57.256  279.0  0.0  0.0
57.288  279.0  0.0  0.0
57.304  279.0  0.0  0.0
57.319  279.0  0.0  0.0
57.351  279.0  0.0  0.0
57.351  279.0  0.0  0.0
57.366  279.0  0.0  0.0
57.381  279.0  0.0  0.0
57.412  279.0  0.0  0.0
57.428  279.0  0.0  0.0
57.428  279.0  0.0  0.0
57.444  279.0  0.0  0.0
57.475  279.0  0.0  0.0
57.491  279.0  0.0  0.0
57.506  279.0  0.0  0.0
57.506  279.0  0.0  0.0
57.537  279.0  0.0  0.0
57.553  279.0  0.0  0.0
57.584  279.0  0.0  0.0
57.6  279.0  0.0  0.0
57.6  279.0  0.0  0.0
57.616  279.0  0.0  0.0
57.647  279.0  0.0  0.0
57.662  279.0  0.0  0.0
57.677  279.0  0.0  0.0
57.677  279.0  0.0  0.0
57.694  279.0  0.0  0.0
57.724  279.0  0.0  0.0
57.74  279.0  0.0  0.0
57.74  279.0  0.0  0.0
57.772  279.0  0.0  0.0
57.787  279.0  0.0  0.0
57.819  279.0  0.0  0.0
57.819  279.0  0.0  0.0
57.834  279.0  0.0  0.0
57.849  279.0  0.0  0.0
57.881  279.0  0.0  0.0
57.896  279.0  0.0  0.0
57.896  279.0  0.0  0.0
57.927  279.0  0.0  0.0
57.943  279.0  0.0  0.0
57.959  279.0  0.0  0.0
57.959  279.0  0.0  0.0
57.99  279.0  0.0  0.0
58.005  279.0  0.0  0.0
58.021  279.0  0.0  0.0
58.052  278.0  0.0  0.0
58.052  278.0  0.0  0.0
58.067  279.0  0.0  0.0
58.084  279.0  0.0  0.0
58.115  279.0  0.0  0.0
58.115  279.0  0.0  0.0
58.13  278.0  0.0  0.0
58.162  279.0  0.0  0.0
58.177  279.0  0.0  0.0
58.192  279.0  0.0  0.0
58.192  279.0  0.0  0.0
58.224  279.0  0.0  0.0
58.24  279.0  0.0  0.0
58.255  279.0  0.0  0.0
58.287  279.0  0.0  0.0
58.287  279.0  0.0  0.0
58.302  279.0  0.0  0.0
58.317  279.0  0.0  0.0
58.349  279.0  0.0  0.0
58.364  279.0  0.0  0.0
58.364  279.0  0.0  0.0
58.38  279.0  0.0  0.0
58.412  279.0  0.0  0.0
58.427  279.0  0.0  0.0
58.427  279.0  0.0  0.0
58.458  279.0  0.0  0.0
58.473  279.0  0.0  0.0
58.489  279.0  0.0  0.0
58.505  279.0  0.0  0.0
58.505  279.0  0.0  0.0
58.535  279.0  0.0  0.0
58.552  279.0  0.0  0.0
58.583  279.0  0.0  0.0
58.598  279.0  0.0  0.0
58.614  279.0  0.0  0.0
58.614  279.0  0.0  0.0
58.645  279.0  0.0  0.0
58.66  279.0  0.0  0.0
58.676  279.0  0.0  0.0
58.676  279.0  0.0  0.0
58.707  279.0  0.0  0.0
58.723  279.0  0.0  0.0
58.738  279.0  0.0  0.0
58.77  279.0  0.0  0.0
58.77  279.0  0.0  0.0
58.785  279.0  0.0  0.0
58.801  279.0  0.0  0.0
58.832  279.0  0.0  0.0
58.832  279.0  0.0  0.0
58.848  279.0  0.0  0.0
58.88  279.0  0.0  0.0
58.895  279.0  0.0  0.0
58.91  279.0  0.0  0.0
58.91  279.0  0.0  0.0
58.926  279.0  0.0  0.0
58.957  279.0  0.0  0.0
58.973  279.0  0.0  0.0
59.003  279.0  0.0  0.0
59.003  279.0  0.0  0.0
59.02  279.0  0.0  0.0
59.035  279.0  0.0  0.0
59.066  279.0  0.0  0.0
59.066  279.0  0.0  0.0
59.082  279.0  0.0  0.0
59.113  279.0  0.0  0.0
59.128  279.0  0.0  0.0
59.128  279.0  0.0  0.0
59.145  279.0  0.0  0.0
59.175  279.0  0.0  0.0
59.191  279.0  0.0  0.0
59.191  279.0  0.0  0.0
59.223  279.0  0.0  0.0
59.238  279.0  0.0  0.0
59.269  279.0  0.0  0.0
59.269  279.0  0.0  0.0
59.285  279.0  0.0  0.0
59.3  279.0  0.0  0.0
59.331  279.0  0.0  0.0
59.331  279.0  0.0  0.0
59.347  279.0  0.0  0.0
59.378  279.0  0.0  0.0
59.394  279.0  0.0  0.0
59.394  279.0  0.0  0.0
59.425  279.0  0.0  0.0
59.441  279.0  0.0  0.0
59.456  279.0  0.0  0.0
59.456  279.0  0.0  0.0
59.488  279.0  0.0  0.0
59.503  279.0  0.0  0.0
59.534  279.0  0.0  0.0
59.534  279.0  0.0  0.0
59.55  279.0  0.0  0.0
59.566  279.0  0.0  0.0
59.596  279.0  0.0  0.0
59.613  279.0  0.0  0.0
59.613  279.0  0.0  0.0
59.643  279.0  0.0  0.0
59.659  279.0  0.0  0.0
59.674  279.0  0.0  0.0
59.706  279.0  0.0  0.0
59.706  279.0  0.0  0.0
59.721  279.0  0.0  0.0
59.753  279.0  0.0  0.0
59.753  279.0  0.0  0.0
