464.956  271.0  0.0  0.0
464.956  271.0  0.0  0.0
464.956  271.0  0.0  0.0
464.956  271.0  0.0  0.0
464.956  271.0  0.0  0.0
464.956  271.0  0.0  0.0
464.956  271.0  0.0  0.0
464.956  271.0  0.0  0.0
464.956  271.0  0.0  0.0
464.956  271.0  0.0  0.0
464.956  271.0  0.0  0.0
464.956  271.0  0.0  0.0
464.956  271.0  0.0  0.0
464.956  271.0  0.0  0.0
464.956  271.0  0.0  0.0
464.956  271.0  0.0  0.0
464.956  271.0  0.0  0.0
464.956  271.0  0.0  0.0
464.956  271.0  0.0  0.0
464.956  271.0  0.0  0.0
464.956  271.0  0.0  0.0
464.956  271.0  0.0  0.0
464.956  271.0  0.0  0.0
464.956  271.0  0.0  0.0
464.956  271.0  0.0  0.0
464.956  271.0  0.0  0.0
464.956  271.0  0.0  0.0
464.956  271.0  0.0  0.0
464.956  271.0  0.0  0.0
464.956  271.0  0.0  0.0
464.956  271.0  0.0  0.0
464.956  271.0  0.0  0.0
464.956  271.0  0.0  0.0
464.956  271.0  0.0  0.0
464.956  271.0  0.0  0.0
464.956  271.0  0.0  0.0
464.956  271.0  0.0  0.0
464.956  271.0  0.0  0.0
464.956  271.0  0.0  0.0
464.956  271.0  0.0  0.0
464.956  271.0  0.0  0.0
464.956  271.0  0.0  0.0
464.956  271.0  0.0  0.0
464.956  271.0  0.0  0.0
464.956  271.0  0.0  0.0
464.956  271.0  0.0  0.0
0.0010  271.0  0.0  0.0
0.0020  271.0  0.0  0.0
0.0020  271.0  0.0  0.0
0.0030  271.0  0.0  0.0
0.0090  271.0  0.0  0.0
0.032  271.0  0.0  0.0
0.032  271.0  0.0  0.0
0.058  271.0  0.0  0.0
0.07  271.0  0.0  0.0
0.095  271.0  0.0  0.0
0.108  271.0  0.0  0.0
0.108  271.0  0.0  0.0
0.135  271.0  0.0  0.0
0.148  271.0  0.0  0.0
0.176  271.0  0.0  0.0
0.202  271.0  0.0  0.0
0.202  271.0  0.0  0.0
0.216  271.0  0.0  0.0
0.243  270.0  0.0  0.0
0.257  271.0  0.0  0.0
0.283  270.0  0.0  0.0
0.283  270.0  0.0  0.0
0.311  271.0  0.0  0.0
0.324  271.0  0.0  0.0
0.351  271.0  0.0  0.0
0.351  271.0  0.0  0.0
0.364  271.0  0.0  0.0
0.392  271.0  0.0  0.0
0.405  271.0  0.0  0.0
0.432  271.0  0.0  0.0
0.432  271.0  0.0  0.0
0.446  270.0  0.0  0.0
0.473  271.0  0.0  0.0
0.499  271.0  0.0  0.0
0.499  271.0  0.0  0.0
0.514  271.0  0.0  0.0
0.54  270.0  0.0  0.0
0.553  271.0  0.0  0.0
0.581  270.0  0.0  0.0
0.581  270.0  0.0  0.0
0.594  271.0  0.0  0.0
0.621  270.0  0.0  0.0
0.649  271.0  0.0  0.0
0.662  271.0  0.0  0.0
0.662  271.0  0.0  0.0
0.689  271.0  0.0  0.0
0.702  271.0  0.0  0.0
0.73  271.0  0.0  0.0
0.743  270.0  0.0  0.0
0.743  270.0  0.0  0.0
0.77  271.0  0.0  0.0
0.797  271.0  0.0  0.0
0.811  271.0  0.0  0.0
0.811  271.0  0.0  0.0
0.838  271.0  0.0  0.0
0.906  270.0  0.0  0.0
0.906  270.0  0.0  0.0
0.919  270.0  0.0  0.0
0.946  271.0  0.0  0.0
0.959  271.0  0.0  0.0
0.959  271.0  0.0  0.0
0.987  271.0  0.0  0.0
1.014  271.0  0.0  0.0
1.029  271.0  0.0  0.0
1.029  271.0  0.0  0.0
1.044  270.0  0.0  0.0
1.073  271.0  0.0  0.0
1.087  271.0  0.0  0.0
1.117  271.0  0.0  0.0
1.117  271.0  0.0  0.0
1.131  271.0  0.0  0.0
1.16  271.0  0.0  0.0
1.175  271.0  0.0  0.0
1.175  271.0  0.0  0.0
1.204  270.0  0.0  0.0
1.218  271.0  0.0  0.0
1.248  271.0  0.0  0.0
1.248  271.0  0.0  0.0
1.262  271.0  0.0  0.0
1.291  271.0  0.0  0.0
1.306  271.0  0.0  0.0
1.335  271.0  0.0  0.0
1.335  271.0  0.0  0.0
1.349  271.0  0.0  0.0
1.379  271.0  0.0  0.0
1.393  271.0  0.0  0.0
1.393  271.0  0.0  0.0
1.422  255.0  0.0  0.0
1.437  249.0  0.0  0.0
1.466  244.0  0.0  0.0
1.48  243.0  0.0  0.0
1.48  243.0  0.0  0.0
1.51  242.0  0.0  0.0
1.524  244.0  0.0  0.0
1.553  287.0  0.0  0.0
1.553  287.0  0.0  0.0
1.567  309.0  0.0  0.0
1.597  368.0  0.0  0.0
1.611  404.0  0.0  0.0
1.611  404.0  0.0  0.0
1.641  479.0  0.0  0.0
1.655  521.0  0.0  0.0
1.67  564.0  0.0  0.0
1.698  654.0  0.0  0.0
1.698  654.0  0.0  0.0
1.714  700.0  0.0  0.0
1.742  789.0  0.0  0.0
1.757  828.0  0.0  0.0
1.786  903.0  0.0  0.0
1.786  903.0  0.0  0.0
1.801  933.0  0.0  0.0
1.829  985.0  0.0  0.0
1.846  1002.0  0.0  0.0
1.846  1002.0  0.0  0.0
1.861  1016.0  0.0  0.0
1.892  1023.0  0.0  0.0
1.908  1023.0  0.0  0.0
1.924  1023.0  0.0  0.0
1.924  1023.0  0.0  0.0
1.954  1009.0  0.0  0.0
1.97  981.0  0.0  0.0
1.984  946.0  0.0  0.0
2.013  874.0  0.0  0.0
2.013  874.0  0.0  0.0
2.042  791.0  0.0  0.0
2.057  746.0  0.0  0.0
2.071  698.0  0.0  0.0
2.1  606.0  0.0  0.0
2.1  606.0  0.0  0.0
2.115  563.0  0.0  0.0
2.144  479.0  0.0  0.0
2.158  444.0  0.0  0.0
2.158  444.0  0.0  0.0
2.188  377.0  0.0  0.0
2.202  348.0  0.0  0.0
2.231  300.0  0.0  0.0
2.246  278.0  0.0  0.0
2.246  278.0  0.0  0.0
2.275  253.0  0.0  0.0
2.289  248.0  0.0  0.0
2.305  245.0  0.0  0.0
2.333  244.0  0.0  0.0
2.333  244.0  0.0  0.0
2.348  243.0  0.0  0.0
2.377  251.0  0.0  0.0
2.392  275.0  0.0  0.0
2.406  297.0  0.0  0.0
2.406  297.0  0.0  0.0
2.464  418.0  0.0  0.0
2.464  418.0  0.0  0.0
2.479  456.0  0.0  0.0
2.479  494.0  0.0  0.0
2.508  537.0  0.0  0.0
2.523  580.0  0.0  0.0
2.551  674.0  0.0  0.0
2.566  721.0  0.0  0.0
2.566  721.0  0.0  0.0
2.595  807.0  0.0  0.0
2.61  849.0  0.0  0.0
2.624  886.0  0.0  0.0
2.654  947.0  0.0  0.0
2.654  947.0  0.0  0.0
2.668  973.0  0.0  0.0
2.698  1009.0  0.0  0.0
2.714  1019.0  0.0  0.0
2.729  1023.0  0.0  0.0
2.729  1023.0  0.0  0.0
2.76  1023.0  0.0  0.0
2.777  1023.0  0.0  0.0
2.792  1023.0  0.0  0.0
2.822  968.0  0.0  0.0
2.822  968.0  0.0  0.0
2.837  934.0  0.0  0.0
2.866  856.0  0.0  0.0
2.88  815.0  0.0  0.0
2.91  727.0  0.0  0.0
2.91  727.0  0.0  0.0
2.924  680.0  0.0  0.0
2.938  631.0  0.0  0.0
2.968  541.0  0.0  0.0
2.982  500.0  0.0  0.0
2.982  500.0  0.0  0.0
3.011  426.0  0.0  0.0
3.025  392.0  0.0  0.0
3.041  366.0  0.0  0.0
3.041  366.0  0.0  0.0
3.069  312.0  0.0  0.0
3.098  274.0  0.0  0.0
3.113  261.0  0.0  0.0
3.128  251.0  0.0  0.0
3.128  251.0  0.0  0.0
3.156  244.0  0.0  0.0
3.172  244.0  0.0  0.0
3.201  243.0  0.0  0.0
3.215  244.0  0.0  0.0
3.215  244.0  0.0  0.0
3.245  282.0  0.0  0.0
3.259  305.0  0.0  0.0
3.288  362.0  0.0  0.0
3.303  399.0  0.0  0.0
3.303  399.0  0.0  0.0
3.332  474.0  0.0  0.0
3.346  515.0  0.0  0.0
3.36  558.0  0.0  0.0
3.36  558.0  0.0  0.0
3.39  652.0  0.0  0.0
3.404  698.0  0.0  0.0
3.434  788.0  0.0  0.0
3.448  828.0  0.0  0.0
3.448  828.0  0.0  0.0
3.477  902.0  0.0  0.0
3.491  930.0  0.0  0.0
3.521  982.0  0.0  0.0
3.536  1001.0  0.0  0.0
3.536  1001.0  0.0  0.0
3.552  1014.0  0.0  0.0
3.584  1023.0  0.0  0.0
3.599  1023.0  0.0  0.0
3.599  1023.0  0.0  0.0
3.614  1023.0  0.0  0.0
3.646  1010.0  0.0  0.0
3.66  982.0  0.0  0.0
3.689  913.0  0.0  0.0
3.689  913.0  0.0  0.0
3.704  874.0  0.0  0.0
3.733  790.0  0.0  0.0
3.747  744.0  0.0  0.0
3.762  695.0  0.0  0.0
3.762  695.0  0.0  0.0
3.791  602.0  0.0  0.0
3.806  560.0  0.0  0.0
3.835  475.0  0.0  0.0
3.85  441.0  0.0  0.0
3.85  441.0  0.0  0.0
3.878  378.0  0.0  0.0
3.893  349.0  0.0  0.0
3.922  302.0  0.0  0.0
3.922  302.0  0.0  0.0
3.937  279.0  0.0  0.0
3.966  252.0  0.0  0.0
3.981  247.0  0.0  0.0
3.981  247.0  0.0  0.0
4.009  244.0  0.0  0.0
4.024  243.0  0.0  0.0
4.054  242.0  0.0  0.0
4.068  251.0  0.0  0.0
4.068  251.0  0.0  0.0
4.082  276.0  0.0  0.0
4.112  322.0  0.0  0.0
4.126  351.0  0.0  0.0
4.155  423.0  0.0  0.0
4.155  423.0  0.0  0.0
4.17  462.0  0.0  0.0
4.199  543.0  0.0  0.0
4.213  586.0  0.0  0.0
4.243  679.0  0.0  0.0
4.243  679.0  0.0  0.0
4.257  724.0  0.0  0.0
4.272  770.0  0.0  0.0
4.301  854.0  0.0  0.0
4.316  890.0  0.0  0.0
4.316  890.0  0.0  0.0
4.344  950.0  0.0  0.0
4.359  974.0  0.0  0.0
4.389  1009.0  0.0  0.0
4.389  1009.0  0.0  0.0
4.405  1022.0  0.0  0.0
4.42  1023.0  0.0  0.0
4.452  1023.0  0.0  0.0
4.467  1023.0  0.0  0.0
4.467  1023.0  0.0  0.0
4.483  1019.0  0.0  0.0
4.512  961.0  0.0  0.0
4.527  928.0  0.0  0.0
4.555  849.0  0.0  0.0
4.555  849.0  0.0  0.0
4.571  808.0  0.0  0.0
4.599  718.0  0.0  0.0
4.614  672.0  0.0  0.0
4.643  581.0  0.0  0.0
4.643  581.0  0.0  0.0
4.658  538.0  0.0  0.0
4.672  496.0  0.0  0.0
4.702  420.0  0.0  0.0
4.716  389.0  0.0  0.0
4.716  389.0  0.0  0.0
4.745  335.0  0.0  0.0
4.759  310.0  0.0  0.0
4.789  272.0  0.0  0.0
4.789  272.0  0.0  0.0
4.803  257.0  0.0  0.0
4.833  246.0  0.0  0.0
4.847  244.0  0.0  0.0
4.861  244.0  0.0  0.0
4.861  244.0  0.0  0.0
4.89  243.0  0.0  0.0
4.905  245.0  0.0  0.0
4.934  289.0  0.0  0.0
4.948  312.0  0.0  0.0
4.948  312.0  0.0  0.0
4.978  372.0  0.0  0.0
4.993  409.0  0.0  0.0
5.021  482.0  0.0  0.0
5.037  525.0  0.0  0.0
5.037  525.0  0.0  0.0
5.065  616.0  0.0  0.0
5.08  661.0  0.0  0.0
5.094  706.0  0.0  0.0
5.094  706.0  0.0  0.0
5.124  796.0  0.0  0.0
5.138  839.0  0.0  0.0
5.168  911.0  0.0  0.0
5.182  940.0  0.0  0.0
5.182  940.0  0.0  0.0
5.211  988.0  0.0  0.0
5.226  1004.0  0.0  0.0
5.242  1017.0  0.0  0.0
5.273  1023.0  0.0  0.0
5.273  1023.0  0.0  0.0
5.288  1023.0  0.0  0.0
5.305  1023.0  0.0  0.0
5.336  1003.0  0.0  0.0
5.35  975.0  0.0  0.0
5.35  975.0  0.0  0.0
5.38  905.0  0.0  0.0
5.394  867.0  0.0  0.0
5.408  825.0  0.0  0.0
5.438  731.0  0.0  0.0
5.438  731.0  0.0  0.0
5.467  640.0  0.0  0.0
5.481  595.0  0.0  0.0
5.481  595.0  0.0  0.0
5.511  508.0  0.0  0.0
5.525  469.0  0.0  0.0
5.554  396.0  0.0  0.0
5.569  367.0  0.0  0.0
5.569  367.0  0.0  0.0
5.598  316.0  0.0  0.0
5.612  296.0  0.0  0.0
5.626  276.0  0.0  0.0
5.656  251.0  0.0  0.0
5.656  251.0  0.0  0.0
5.67  247.0  0.0  0.0
5.7  244.0  0.0  0.0
5.714  243.0  0.0  0.0
5.743  243.0  0.0  0.0
5.743  243.0  0.0  0.0
5.757  255.0  0.0  0.0
5.787  302.0  0.0  0.0
5.801  328.0  0.0  0.0
5.801  328.0  0.0  0.0
5.831  393.0  0.0  0.0
5.846  425.0  0.0  0.0
5.86  466.0  0.0  0.0
5.889  549.0  0.0  0.0
5.889  549.0  0.0  0.0
5.918  642.0  0.0  0.0
5.933  687.0  0.0  0.0
5.947  734.0  0.0  0.0
5.947  734.0  0.0  0.0
5.977  819.0  0.0  0.0
5.991  860.0  0.0  0.0
6.02  927.0  0.0  0.0
6.035  957.0  0.0  0.0
6.035  957.0  0.0  0.0
6.049  979.0  0.0  0.0
6.079  1010.0  0.0  0.0
6.095  1023.0  0.0  0.0
6.126  1023.0  0.0  0.0
6.126  1023.0  0.0  0.0
6.141  1023.0  0.0  0.0
6.157  1023.0  0.0  0.0
6.188  989.0  0.0  0.0
6.202  956.0  0.0  0.0
6.202  956.0  0.0  0.0
6.232  887.0  0.0  0.0
6.246  846.0  0.0  0.0
6.26  802.0  0.0  0.0
6.289  706.0  0.0  0.0
6.289  706.0  0.0  0.0
6.319  612.0  0.0  0.0
6.333  570.0  0.0  0.0
6.347  528.0  0.0  0.0
6.347  528.0  0.0  0.0
6.377  453.0  0.0  0.0
6.391  415.0  0.0  0.0
6.42  353.0  0.0  0.0
6.435  327.0  0.0  0.0
6.435  327.0  0.0  0.0
6.45  306.0  0.0  0.0
6.478  270.0  0.0  0.0
6.508  249.0  0.0  0.0
6.522  246.0  0.0  0.0
6.522  246.0  0.0  0.0
6.537  245.0  0.0  0.0
6.566  244.0  0.0  0.0
6.581  243.0  0.0  0.0
6.609  270.0  0.0  0.0
6.609  270.0  0.0  0.0
6.624  291.0  0.0  0.0
6.653  344.0  0.0  0.0
6.668  377.0  0.0  0.0
6.668  377.0  0.0  0.0
6.682  412.0  0.0  0.0
6.712  487.0  0.0  3.0
6.726  531.0  0.0  2.0
6.755  622.0  0.0  1.0
6.755  622.0  0.0  1.0
6.77  668.0  0.0  1.0
6.799  759.0  0.0  1.0
6.813  800.0  0.0  0.0
6.843  878.0  0.0  0.0
6.843  878.0  0.0  0.0
6.857  912.0  0.0  0.0
6.872  941.0  0.0  0.0
6.901  990.0  0.0  0.0
6.901  990.0  0.0  0.0
6.932  1018.0  0.0  0.0
6.947  1023.0  0.0  0.0
6.964  1023.0  0.0  0.0
6.994  1023.0  0.0  1.0
6.994  1023.0  0.0  1.0
7.01  1023.0  0.0  0.0
7.024  999.0  0.0  0.0
7.054  936.0  0.0  1.0
7.054  936.0  0.0  1.0
7.068  900.0  0.0  0.0
7.098  818.0  0.0  2.0
7.112  774.0  0.0  0.0
7.141  680.0  0.0  0.0
7.141  680.0  0.0  0.0
7.155  634.0  0.0  0.0
7.171  588.0  0.0  0.0
7.199  504.0  0.0  0.0
7.229  433.0  0.0  0.0
7.229  433.0  0.0  0.0
7.243  398.0  0.0  0.0
7.258  368.0  0.0  0.0
7.286  314.0  0.0  0.0
7.302  293.0  0.0  0.0
7.302  293.0  0.0  0.0
7.33  261.0  0.0  0.0
7.345  250.0  0.0  0.0
7.374  244.0  0.0  0.0
7.374  244.0  0.0  0.0
7.389  244.0  0.0  0.0
7.403  243.0  0.0  0.0
7.433  243.0  0.0  0.0
7.447  260.0  0.0  0.0
7.476  306.0  0.0  0.0
7.476  306.0  0.0  0.0
7.49  333.0  0.0  0.0
7.52  399.0  0.0  0.0
7.534  432.0  0.0  0.0
7.534  432.0  0.0  0.0
7.564  512.0  0.0  0.0
7.578  554.0  0.0  0.0
7.592  600.0  0.0  0.0
7.621  694.0  0.0  0.0
7.621  694.0  0.0  0.0
7.636  744.0  0.0  0.0
7.665  826.0  0.0  0.0
7.68  865.0  0.0  0.0
7.695  900.0  0.0  0.0
7.695  900.0  0.0  0.0
7.724  960.0  0.0  0.0
7.738  982.0  0.0  0.0
7.77  1015.0  0.0  0.0
7.785  1023.0  0.0  0.0
7.785  1023.0  0.0  0.0
7.8  1023.0  0.0  0.0
7.832  1023.0  0.0  0.0
7.847  1023.0  0.0  0.0
7.863  1009.0  0.0  0.0
7.863  1009.0  0.0  0.0
7.892  947.0  0.0  0.0
7.921  875.0  0.0  0.0
7.936  832.0  0.0  0.0
7.95  790.0  0.0  0.0
7.95  790.0  0.0  0.0
7.98  697.0  0.0  0.0
7.994  651.0  0.0  0.0
8.023  562.0  0.0  0.0
8.038  518.0  0.0  0.0
8.038  518.0  0.0  0.0
8.067  442.0  0.0  0.0
8.081  405.0  0.0  0.0
8.096  377.0  0.0  0.0
8.096  377.0  0.0  0.0
8.125  324.0  0.0  0.0
8.139  301.0  0.0  0.0
8.169  265.0  0.0  0.0
8.183  253.0  0.0  0.0
8.183  253.0  0.0  0.0
8.212  246.0  0.0  0.0
8.227  244.0  0.0  0.0
8.256  243.0  0.0  0.0
8.27  242.0  0.0  0.0
8.27  242.0  0.0  0.0
8.285  251.0  0.0  0.0
8.314  299.0  0.0  0.0
8.329  324.0  0.0  0.0
8.358  387.0  0.0  0.0
8.358  387.0  0.0  0.0
8.373  422.0  0.0  0.0
8.401  500.0  0.0  0.0
8.416  545.0  0.0  0.0
8.445  638.0  0.0  0.0
8.445  638.0  0.0  0.0
8.46  684.0  0.0  0.0
8.474  733.0  0.0  0.0
8.504  817.0  0.0  0.0
8.518  859.0  0.0  0.0
8.518  859.0  0.0  0.0
8.547  926.0  0.0  0.0
8.562  954.0  0.0  0.0
8.591  996.0  0.0  0.0
8.591  996.0  0.0  0.0
8.606  1011.0  0.0  0.0
8.622  1023.0  0.0  0.0
8.653  1023.0  0.0  0.0
8.669  1023.0  0.0  0.0
8.669  1023.0  0.0  0.0
8.684  1023.0  0.0  0.0
8.715  989.0  0.0  0.0
8.729  960.0  0.0  0.0
8.759  889.0  0.0  0.0
8.759  889.0  0.0  0.0
8.773  846.0  0.0  0.0
8.802  755.0  0.0  0.0
8.816  707.0  0.0  0.0
8.816  707.0  0.0  0.0
8.846  615.0  0.0  0.0
8.86  572.0  0.0  0.0
8.875  529.0  0.0  0.0
8.904  452.0  0.0  0.0
8.904  452.0  0.0  0.0
8.919  413.0  0.0  0.0
8.947  353.0  0.0  0.0
8.963  327.0  0.0  0.0
8.991  284.0  0.0  0.0
8.991  284.0  0.0  0.0
9.006  269.0  0.0  0.0
9.035  248.0  0.0  0.0
9.05  245.0  0.0  0.0
9.078  243.0  0.0  0.0
9.078  243.0  0.0  0.0
9.094  243.0  0.0  0.0
9.108  243.0  0.0  0.0
9.137  270.0  0.0  0.0
9.151  292.0  0.0  0.0
9.151  292.0  0.0  0.0
9.181  343.0  0.0  0.0
9.195  376.0  0.0  0.0
9.225  450.0  0.0  0.0
9.225  450.0  0.0  0.0
9.239  486.0  0.0  0.0
9.268  577.0  0.0  0.0
9.282  623.0  0.0  0.0
9.297  671.0  0.0  0.0
9.297  671.0  0.0  0.0
9.326  762.0  0.0  0.0
9.34  802.0  0.0  0.0
9.37  882.0  0.0  0.0
9.384  913.0  0.0  0.0
9.384  913.0  0.0  0.0
9.399  943.0  0.0  0.0
9.428  990.0  0.0  0.0
9.444  1006.0  0.0  0.0
9.475  1023.0  0.0  0.0
9.475  1023.0  0.0  0.0
9.491  1023.0  0.0  0.0
9.506  1023.0  0.0  0.0
9.537  1023.0  0.0  0.0
9.552  1000.0  0.0  0.0
9.552  1000.0  0.0  0.0
9.568  969.0  0.0  0.0
9.596  897.0  0.0  0.0
9.611  856.0  0.0  0.0
9.64  769.0  0.0  0.0
9.64  769.0  0.0  0.0
9.655  721.0  0.0  0.0
9.683  628.0  0.0  0.0
9.699  584.0  0.0  0.0
9.699  584.0  0.0  0.0
9.728  502.0  0.0  0.0
9.742  465.0  0.0  0.0
9.772  393.0  0.0  0.0
9.786  364.0  0.0  0.0
9.786  364.0  0.0  0.0
9.8  335.0  0.0  0.0
9.83  291.0  0.0  0.0
9.844  274.0  0.0  0.0
9.873  250.0  0.0  0.0
9.873  250.0  0.0  0.0
9.887  247.0  0.0  0.0
9.917  244.0  0.0  0.0
9.931  244.0  0.0  0.0
9.961  244.0  0.0  0.0
9.961  244.0  0.0  0.0
9.975  263.0  0.0  0.0
9.99  286.0  0.0  0.0
10.019  336.0  0.0  0.0
10.036  370.0  0.0  0.0
10.036  370.0  0.0  0.0
10.051  408.0  0.0  0.0
10.082  488.0  0.0  0.0
10.098  536.0  0.0  0.0
10.114  583.0  0.0  0.0
10.114  583.0  0.0  0.0
10.144  683.0  0.0  0.0
10.161  734.0  0.0  0.0
10.176  779.0  0.0  0.0
10.207  864.0  0.0  0.0
10.207  864.0  0.0  0.0
10.223  902.0  0.0  0.0
10.238  933.0  0.0  0.0
10.269  988.0  0.0  0.0
10.286  1006.0  0.0  0.0
10.286  1006.0  0.0  0.0
10.303  1020.0  0.0  0.0
10.336  1023.0  0.0  0.0
10.352  1023.0  0.0  0.0
10.352  1023.0  0.0  0.0
10.37  1023.0  0.0  0.0
10.401  986.0  0.0  0.0
10.417  951.0  0.0  0.0
10.417  951.0  0.0  0.0
10.433  914.0  0.0  0.0
10.464  826.0  0.0  0.0
10.479  782.0  0.0  0.0
10.496  731.0  0.0  0.0
10.496  731.0  0.0  0.0
10.526  631.0  0.0  0.0
10.542  584.0  0.0  0.0
10.573  495.0  0.0  0.0
10.589  457.0  0.0  0.0
10.589  457.0  0.0  0.0
10.604  416.0  0.0  0.0
10.636  349.0  0.0  0.0
10.651  321.0  0.0  0.0
10.651  321.0  0.0  0.0
10.667  299.0  0.0  0.0
10.698  262.0  0.0  0.0
10.714  250.0  0.0  0.0
10.729  246.0  0.0  0.0
10.729  246.0  0.0  0.0
10.761  243.0  0.0  0.0
10.776  243.0  0.0  0.0
10.807  247.0  0.0  0.0
10.823  271.0  0.0  0.0
10.823  271.0  0.0  0.0
10.839  295.0  0.0  0.0
10.854  318.0  0.0  0.0
10.885  387.0  0.0  0.0
10.901  426.0  0.0  0.0
10.901  426.0  0.0  0.0
10.932  510.0  0.0  0.0
10.947  559.0  0.0  0.0
10.963  609.0  0.0  0.0
10.994  708.0  0.0  0.0
10.994  708.0  0.0  0.0
11.01  759.0  0.0  0.0
11.026  804.0  0.0  0.0
11.057  887.0  0.0  0.0
11.072  919.0  0.0  0.0
11.072  919.0  0.0  0.0
11.088  953.0  0.0  0.0
11.119  999.0  0.0  0.0
11.136  1012.0  0.0  0.0
11.152  1023.0  0.0  0.0
11.152  1023.0  0.0  0.0
11.169  1023.0  0.0  0.0
11.202  1023.0  0.0  0.0
11.218  1023.0  0.0  0.0
11.218  1023.0  0.0  0.0
11.236  1004.0  0.0  0.0
11.267  935.0  0.0  0.0
11.282  894.0  0.0  0.0
11.298  849.0  0.0  0.0
11.298  849.0  0.0  0.0
11.329  754.0  0.0  0.0
11.344  705.0  0.0  0.0
11.361  657.0  0.0  0.0
11.376  607.0  0.0  0.0
11.392  561.0  0.0  0.0
11.407  515.0  0.0  0.0
11.439  432.0  0.0  0.0
11.454  394.0  0.0  0.0
11.454  394.0  0.0  0.0
11.469  364.0  0.0  0.0
11.485  334.0  0.0  0.0
11.516  286.0  0.0  0.0
11.532  268.0  0.0  0.0
11.532  268.0  0.0  0.0
11.564  248.0  0.0  0.0
11.579  245.0  0.0  0.0
11.594  244.0  0.0  0.0
11.626  243.0  0.0  0.0
11.626  243.0  0.0  0.0
11.641  243.0  0.0  0.0
11.657  259.0  0.0  0.0
11.688  308.0  0.0  0.0
11.688  308.0  0.0  0.0
11.719  372.0  0.0  0.0
11.735  411.0  0.0  0.0
11.75  450.0  0.0  0.0
11.75  450.0  0.0  0.0
11.782  542.0  0.0  0.0
11.797  592.0  0.0  0.0
11.812  643.0  0.0  0.0
11.844  742.0  0.0  0.0
11.844  742.0  0.0  0.0
11.859  788.0  0.0  0.0
11.875  831.0  0.0  0.0
11.907  908.0  0.0  0.0
11.907  908.0  0.0  0.0
11.922  939.0  0.0  0.0
11.937  968.0  0.0  0.0
11.97  1007.0  0.0  0.0
11.986  1020.0  0.0  0.0
11.986  1020.0  0.0  0.0
12.003  1023.0  0.0  0.0
12.037  1023.0  0.0  0.0
12.053  1023.0  0.0  0.0
12.069  1016.0  0.0  0.0
12.069  1016.0  0.0  0.0
12.101  948.0  0.0  0.0
12.116  911.0  0.0  0.0
12.132  868.0  0.0  0.0
12.132  868.0  0.0  0.0
12.164  774.0  0.0  0.0
12.179  722.0  0.0  0.0
12.194  674.0  0.0  0.0
12.226  577.0  0.0  0.0
12.226  577.0  0.0  0.0
12.241  532.0  0.0  0.0
12.257  488.0  0.0  0.0
12.289  410.0  0.0  0.0
12.304  377.0  0.0  0.0
12.304  377.0  0.0  0.0
12.319  347.0  0.0  0.0
12.35  298.0  0.0  0.0
12.366  277.0  0.0  0.0
12.366  277.0  0.0  0.0
12.397  250.0  0.0  0.0
12.412  246.0  0.0  0.0
12.429  244.0  0.0  0.0
12.444  244.0  0.0  0.0
12.475  243.0  0.0  0.0
12.475  243.0  0.0  0.0
12.491  249.0  0.0  0.0
12.507  274.0  0.0  0.0
12.537  323.0  0.0  0.0
12.537  323.0  0.0  0.0
12.554  355.0  0.0  0.0
12.584  429.0  0.0  0.0
12.6  472.0  0.0  0.0
12.615  515.0  0.0  0.0
12.615  515.0  0.0  0.0
12.647  614.0  0.0  0.0
12.662  664.0  0.0  0.0
12.678  711.0  0.0  0.0
12.694  761.0  0.0  0.0
12.694  761.0  0.0  0.0
12.725  848.0  0.0  0.0
12.74  888.0  0.0  0.0
12.756  921.0  0.0  0.0
12.787  978.0  0.0  0.0
12.787  978.0  0.0  0.0
12.803  999.0  0.0  0.0
12.82  1012.0  0.0  0.0
12.853  1023.0  0.0  0.0
12.869  1023.0  0.0  0.0
12.869  1023.0  0.0  0.0
12.887  1023.0  0.0  0.0
12.903  1023.0  0.0  0.0
12.935  968.0  0.0  0.0
12.951  933.0  0.0  0.0
12.951  933.0  0.0  0.0
12.982  846.0  0.0  0.0
12.997  801.0  0.0  0.0
13.012  752.0  0.0  0.0
13.044  658.0  0.0  0.0
13.044  658.0  0.0  0.0
13.06  607.0  0.0  0.0
13.075  562.0  0.0  0.0
13.091  515.0  0.0  0.0
13.122  435.0  0.0  0.0
13.122  435.0  0.0  0.0
13.137  399.0  0.0  0.0
13.169  338.0  0.0  0.0
13.185  312.0  0.0  0.0
13.185  312.0  0.0  0.0
13.2  290.0  0.0  0.0
13.232  257.0  0.0  0.0
13.247  249.0  0.0  0.0
13.262  245.0  0.0  0.0
13.262  245.0  0.0  0.0
13.294  244.0  0.0  0.0
13.309  243.0  0.0  0.0
13.325  243.0  0.0  0.0
13.357  282.0  0.0  0.0
13.357  282.0  0.0  0.0
13.372  306.0  0.0  0.0
13.387  334.0  0.0  0.0
13.419  404.0  0.0  0.0
13.434  442.0  0.0  0.0
13.45  486.0  0.0  0.0
13.45  486.0  0.0  0.0
13.48  581.0  0.0  0.0
13.497  631.0  0.0  0.0
13.512  680.0  0.0  0.0
13.512  680.0  0.0  0.0
13.543  779.0  0.0  0.0
13.559  822.0  0.0  0.0
13.575  865.0  0.0  0.0
13.605  934.0  0.0  0.0
13.622  966.0  0.0  0.0
13.622  966.0  0.0  0.0
13.637  989.0  0.0  0.0
13.67  1019.0  0.0  0.0
13.687  1023.0  0.0  0.0
13.704  1023.0  0.0  0.0
13.704  1023.0  0.0  0.0
13.72  1023.0  0.0  0.0
13.736  1023.0  0.0  0.0
13.769  988.0  0.0  0.0
13.769  988.0  0.0  0.0
13.785  953.0  0.0  0.0
13.816  877.0  0.0  0.0
13.832  829.0  0.0  0.0
13.847  783.0  0.0  0.0
13.847  783.0  0.0  0.0
13.878  684.0  0.0  0.0
13.894  635.0  0.0  0.0
13.91  587.0  0.0  0.0
13.94  495.0  0.0  0.0
13.94  495.0  0.0  0.0
13.957  456.0  0.0  0.0
13.972  414.0  0.0  0.0
14.003  351.0  0.0  0.0
14.019  326.0  0.0  0.0
14.019  326.0  0.0  0.0
14.034  303.0  0.0  0.0
14.065  264.0  0.0  0.0
14.081  251.0  0.0  0.0
14.097  246.0  0.0  0.0
14.097  246.0  0.0  0.0
14.128  244.0  0.0  0.0
14.143  243.0  0.0  0.0
14.175  246.0  0.0  0.0
14.19  269.0  0.0  0.0
14.19  269.0  0.0  0.0
14.205  293.0  0.0  0.0
14.237  347.0  0.0  0.0
14.253  385.0  0.0  0.0
14.253  385.0  0.0  0.0
14.268  421.0  0.0  0.0
14.3  507.0  0.0  0.0
14.315  559.0  0.0  0.0
14.33  605.0  0.0  0.0
14.33  658.0  0.0  0.0
14.362  706.0  0.0  0.0
14.377  757.0  0.0  0.0
14.393  802.0  0.0  0.0
14.425  886.0  0.0  0.0
14.425  886.0  0.0  0.0
14.44  920.0  0.0  0.0
14.455  953.0  0.0  0.0
14.487  997.0  0.0  0.0
14.503  1012.0  0.0  0.0
14.503  1012.0  0.0  0.0
14.52  1023.0  0.0  0.0
14.536  1023.0  0.0  0.0
14.57  1023.0  0.0  0.0
14.57  1023.0  0.0  0.0
14.586  1023.0  0.0  0.0
14.603  1005.0  0.0  0.0
14.635  935.0  0.0  0.0
14.65  896.0  0.0  0.0
14.65  896.0  0.0  0.0
14.681  805.0  0.0  0.0
14.697  756.0  0.0  0.0
14.712  706.0  0.0  0.0
14.743  606.0  0.0  0.0
14.743  606.0  0.0  0.0
14.759  560.0  0.0  0.0
14.775  513.0  0.0  0.0
14.806  432.0  0.0  0.0
14.822  394.0  0.0  0.0
14.822  394.0  0.0  0.0
14.837  364.0  0.0  0.0
14.868  311.0  0.0  0.0
14.884  290.0  0.0  0.0
14.884  290.0  0.0  0.0
14.915  257.0  0.0  0.0
14.93  249.0  0.0  0.0
14.946  245.0  0.0  0.0
14.978  244.0  0.0  0.0
14.978  244.0  0.0  0.0
14.993  243.0  0.0  0.0
15.008  243.0  0.0  0.0
15.04  283.0  0.0  0.0
15.04  283.0  0.0  0.0
15.055  308.0  0.0  0.0
15.071  337.0  0.0  0.0
15.102  412.0  0.0  0.0
15.118  451.0  0.0  0.0
15.15  540.0  0.0  0.0
15.15  540.0  0.0  0.0
15.165  587.0  0.0  0.0
15.18  639.0  0.0  0.0
15.211  737.0  0.0  0.0
15.211  737.0  0.0  0.0
15.227  783.0  0.0  0.0
15.243  826.0  0.0  0.0
15.258  869.0  0.0  0.0
15.29  938.0  0.0  0.0
15.29  938.0  0.0  0.0
15.305  969.0  0.0  0.0
15.337  1008.0  0.0  0.0
15.354  1020.0  0.0  0.0
15.371  1023.0  0.0  0.0
15.371  1023.0  0.0  0.0
15.404  1023.0  0.0  0.0
15.421  1023.0  0.0  0.0
15.421  1023.0  0.0  0.0
15.437  1014.0  0.0  0.0
15.468  946.0  0.0  0.0
15.484  910.0  0.0  0.0
15.5  868.0  0.0  0.0
15.5  868.0  0.0  0.0
15.531  777.0  0.0  0.0
15.547  726.0  0.0  0.0
15.562  678.0  0.0  0.0
15.593  580.0  0.0  0.0
15.593  580.0  0.0  0.0
15.608  534.0  0.0  0.0
15.625  490.0  0.0  0.0
15.655  409.0  0.0  0.0
15.671  377.0  0.0  0.0
15.671  377.0  0.0  0.0
15.687  348.0  0.0  0.0
15.718  300.0  0.0  0.0
15.733  277.0  0.0  0.0
15.75  263.0  0.0  0.0
15.75  263.0  0.0  0.0
15.78  246.0  0.0  0.0
15.796  244.0  0.0  0.0
15.811  244.0  0.0  0.0
15.843  243.0  0.0  0.0
15.843  243.0  0.0  0.0
15.858  247.0  0.0  0.0
15.874  272.0  0.0  0.0
15.905  322.0  0.0  0.0
15.905  322.0  0.0  0.0
15.921  352.0  0.0  0.0
15.952  428.0  0.0  0.0
15.968  470.0  0.0  0.0
15.983  510.0  0.0  0.0
15.983  510.0  0.0  0.0
16.015  607.0  0.0  0.0
16.03  657.0  0.0  0.0
16.046  705.0  0.0  0.0
16.046  705.0  0.0  0.0
16.076  800.0  0.0  0.0
16.093  846.0  0.0  0.0
16.123  921.0  0.0  0.0
16.139  953.0  0.0  0.0
16.139  953.0  0.0  0.0
16.155  977.0  0.0  0.0
16.171  997.0  0.0  0.0
16.203  1023.0  0.0  0.0
16.221  1023.0  0.0  0.0
16.237  1023.0  0.0  0.0
16.237  1023.0  0.0  0.0
16.253  1023.0  0.0  0.0
16.287  1003.0  0.0  0.0
16.303  971.0  0.0  0.0
16.303  971.0  0.0  0.0
16.333  895.0  0.0  0.0
16.35  852.0  0.0  0.0
16.365  808.0  0.0  0.0
16.38  760.0  0.0  0.0
16.38  760.0  0.0  0.0
16.411  661.0  0.0  0.0
16.428  610.0  0.0  0.0
16.458  517.0  0.0  0.0
16.474  474.0  0.0  0.0
16.474  474.0  0.0  0.0
16.49  433.0  0.0  0.0
16.521  365.0  0.0  0.0
16.536  336.0  0.0  0.0
16.536  336.0  0.0  0.0
16.552  312.0  0.0  0.0
16.583  272.0  0.0  0.0
16.599  257.0  0.0  0.0
16.615  249.0  0.0  0.0
16.615  249.0  0.0  0.0
16.646  245.0  0.0  0.0
16.661  244.0  0.0  0.0
16.676  244.0  0.0  0.0
16.708  253.0  0.0  0.0
16.708  253.0  0.0  0.0
16.723  280.0  0.0  0.0
16.755  332.0  0.0  0.0
16.771  365.0  0.0  0.0
16.786  405.0  0.0  0.0
16.786  405.0  0.0  0.0
16.818  487.0  0.0  0.0
16.833  532.0  0.0  0.0
16.848  579.0  0.0  0.0
16.848  579.0  0.0  0.0
16.88  680.0  0.0  0.0
16.896  730.0  0.0  0.0
16.911  778.0  0.0  0.0
16.942  867.0  0.0  0.0
16.958  904.0  0.0  0.0
16.958  904.0  0.0  0.0
16.973  935.0  0.0  0.0
17.004  988.0  0.0  0.0
17.021  1007.0  0.0  0.0
17.021  1007.0  0.0  0.0
17.038  1019.0  0.0  0.0
17.071  1023.0  0.0  0.0
17.088  1023.0  0.0  0.0
17.088  1023.0  0.0  0.0
17.104  1023.0  0.0  0.0
17.136  986.0  0.0  0.0
17.153  951.0  0.0  0.0
17.168  915.0  0.0  0.0
17.183  873.0  0.0  0.0
17.183  873.0  0.0  0.0
17.215  784.0  0.0  0.0
17.23  732.0  0.0  0.0
17.246  681.0  0.0  0.0
17.246  681.0  0.0  0.0
17.277  581.0  0.0  0.0
17.293  535.0  0.0  0.0
17.324  451.0  0.0  0.0
17.339  411.0  0.0  0.0
17.339  411.0  0.0  0.0
17.355  378.0  0.0  0.0
17.386  319.0  0.0  0.0
17.401  298.0  0.0  0.0
17.418  276.0  0.0  0.0
17.418  276.0  0.0  0.0
17.448  250.0  0.0  0.0
17.464  246.0  0.0  0.0
17.48  244.0  0.0  0.0
17.511  243.0  0.0  0.0
17.511  243.0  0.0  0.0
17.526  243.0  0.0  0.0
17.542  247.0  0.0  0.0
17.573  294.0  0.0  0.0
17.589  320.0  0.0  0.0
17.589  320.0  0.0  0.0
17.62  393.0  0.0  0.0
17.636  431.0  0.0  0.0
17.651  472.0  0.0  0.0
17.651  472.0  0.0  0.0
17.667  517.0  0.0  0.0
17.698  613.0  0.0  0.0
17.714  663.0  0.0  0.0
17.745  759.0  0.0  0.0
17.745  759.0  0.0  0.0
17.761  805.0  0.0  0.0
17.776  850.0  0.0  0.0
17.807  921.0  0.0  0.0
17.823  955.0  0.0  0.0
17.823  955.0  0.0  0.0
17.839  978.0  0.0  0.0
17.855  1000.0  0.0  0.0
17.889  1023.0  0.0  0.0
17.905  1023.0  0.0  0.0
17.905  1023.0  0.0  0.0
17.922  1023.0  0.0  0.0
17.955  1023.0  0.0  0.0
17.971  997.0  0.0  0.0
17.986  965.0  0.0  0.0
17.986  965.0  0.0  0.0
18.018  888.0  0.0  0.0
18.033  844.0  0.0  0.0
18.049  799.0  0.0  0.0
18.049  799.0  0.0  0.0
18.08  700.0  0.0  0.0
18.096  651.0  0.0  0.0
18.111  602.0  0.0  0.0
18.142  510.0  0.0  0.0
18.142  510.0  0.0  0.0
18.158  468.0  0.0  0.0
18.189  393.0  0.0  0.0
18.204  363.0  0.0  0.0
18.204  363.0  0.0  0.0
18.221  333.0  0.0  0.0
18.236  308.0  0.0  0.0
18.267  269.0  0.0  0.0
18.283  255.0  0.0  0.0
18.283  255.0  0.0  0.0
18.314  245.0  0.0  0.0
18.329  244.0  0.0  0.0
18.345  244.0  0.0  0.0
18.376  243.0  0.0  0.0
18.376  243.0  0.0  0.0
18.392  260.0  0.0  0.0
18.423  310.0  0.0  0.0
18.439  341.0  0.0  0.0
18.439  341.0  0.0  0.0
18.454  377.0  0.0  0.0
18.469  415.0  0.0  0.0
18.501  496.0  0.0  0.0
18.516  544.0  0.0  0.0
18.516  544.0  0.0  0.0
18.548  642.0  0.0  0.0
18.564  689.0  0.0  0.0
18.579  741.0  0.0  0.0
18.611  831.0  0.0  0.0
18.611  831.0  0.0  0.0
18.626  872.0  0.0  0.0
18.641  908.0  0.0  0.0
18.672  970.0  0.0  0.0
18.689  992.0  0.0  0.0
18.689  992.0  0.0  0.0
18.705  1008.0  0.0  0.0
18.738  1023.0  0.0  0.0
18.755  1023.0  0.0  0.0
18.755  1023.0  0.0  0.0
18.771  1023.0  0.0  0.0
18.788  1023.0  0.0  0.0
18.821  980.0  0.0  0.0
18.836  943.0  0.0  0.0
18.836  943.0  0.0  0.0
18.851  906.0  0.0  0.0
18.883  817.0  0.0  0.0
18.898  772.0  0.0  0.0
18.914  721.0  0.0  0.0
18.914  721.0  0.0  0.0
18.946  622.0  0.0  0.0
18.961  573.0  0.0  0.0
18.992  484.0  0.0  0.0
19.007  448.0  0.0  0.0
19.007  448.0  0.0  0.0
19.023  408.0  0.0  0.0
19.039  377.0  0.0  0.0
19.069  319.0  0.0  0.0
19.086  296.0  0.0  0.0
19.086  296.0  0.0  0.0
19.117  260.0  0.0  0.0
19.132  249.0  0.0  0.0
19.148  246.0  0.0  0.0
19.179  244.0  0.0  0.0
19.179  244.0  0.0  0.0
19.194  243.0  0.0  0.0
19.211  243.0  0.0  0.0
19.241  275.0  0.0  0.0
19.257  299.0  0.0  0.0
19.257  299.0  0.0  0.0
19.272  325.0  0.0  0.0
19.304  396.0  0.0  0.0
19.319  431.0  0.0  0.0
19.319  431.0  0.0  0.0
19.335  475.0  0.0  0.0
19.366  567.0  0.0  0.0
19.382  616.0  0.0  0.0
19.397  665.0  0.0  0.0
19.397  665.0  0.0  0.0
19.429  766.0  0.0  0.0
19.444  810.0  0.0  0.0
19.476  894.0  0.0  0.0
19.491  925.0  0.0  0.0
19.491  925.0  0.0  0.0
19.507  957.0  0.0  0.0
19.522  980.0  0.0  0.0
19.556  1015.0  0.0  0.0
19.572  1023.0  0.0  0.0
19.572  1023.0  0.0  0.0
19.589  1023.0  0.0  0.0
19.605  1023.0  0.0  0.0
19.639  1023.0  0.0  0.0
19.654  997.0  0.0  0.0
19.654  997.0  0.0  0.0
19.67  966.0  0.0  0.0
19.701  890.0  0.0  0.0
19.717  845.0  0.0  0.0
19.717  845.0  0.0  0.0
19.748  748.0  0.0  0.0
19.764  699.0  0.0  0.0
19.779  651.0  0.0  0.0
19.811  554.0  0.0  0.0
19.811  554.0  0.0  0.0
19.826  509.0  0.0  0.0
19.842  468.0  0.0  0.0
19.872  393.0  0.0  0.0
19.889  363.0  0.0  0.0
19.889  363.0  0.0  0.0
19.904  334.0  0.0  0.0
19.935  286.0  0.0  0.0
19.951  269.0  0.0  0.0
19.966  255.0  0.0  0.0
19.966  255.0  0.0  0.0
19.997  246.0  0.0  0.0
20.014  245.0  0.0  0.0
20.044  243.0  0.0  0.0
20.06  244.0  0.0  0.0
20.06  244.0  0.0  0.0
20.076  258.0  0.0  0.0
20.091  284.0  0.0  0.0
20.122  338.0  0.0  0.0
20.137  374.0  0.0  0.0
20.137  374.0  0.0  0.0
20.154  411.0  0.0  0.0
20.185  494.0  0.0  0.0
20.2  541.0  0.0  0.0
20.232  641.0  0.0  0.0
20.232  641.0  0.0  0.0
20.247  689.0  0.0  0.0
20.262  742.0  0.0  0.0
20.294  831.0  0.0  0.0
20.294  831.0  0.0  0.0
20.31  873.0  0.0  0.0
20.325  909.0  0.0  0.0
20.357  969.0  0.0  0.0
20.372  990.0  0.0  0.0
20.372  990.0  0.0  0.0
20.388  1007.0  0.0  0.0
20.422  1023.0  0.0  0.0
20.439  1023.0  0.0  0.0
20.439  1023.0  0.0  0.0
20.455  1023.0  0.0  0.0
20.471  1023.0  0.0  0.0
20.504  983.0  0.0  0.0
20.519  947.0  0.0  0.0
20.519  947.0  0.0  0.0
20.535  909.0  0.0  0.0
20.567  820.0  0.0  0.0
20.582  772.0  0.0  0.0
20.614  670.0  0.0  0.0
20.614  670.0  0.0  0.0
20.629  619.0  0.0  0.0
20.644  572.0  0.0  0.0
20.676  485.0  0.0  0.0
20.691  449.0  0.0  0.0
20.691  449.0  0.0  0.0
20.707  408.0  0.0  0.0
20.722  377.0  0.0  0.0
20.754  321.0  0.0  0.0
20.769  299.0  0.0  0.0
20.769  299.0  0.0  0.0
20.8  261.0  0.0  0.0
20.816  250.0  0.0  0.0
20.832  246.0  0.0  0.0
20.862  244.0  0.0  0.0
20.862  244.0  0.0  0.0
20.879  244.0  0.0  0.0
20.894  242.0  0.0  0.0
20.925  275.0  0.0  0.0
20.941  300.0  0.0  0.0
20.941  300.0  0.0  0.0
20.957  327.0  0.0  0.0
20.987  398.0  0.0  0.0
21.003  433.0  0.0  0.0
21.003  433.0  0.0  0.0
21.019  476.0  0.0  0.0
21.05  567.0  0.0  0.0
21.065  616.0  0.0  0.0
21.097  717.0  0.0  0.0
21.097  717.0  0.0  0.0
21.112  767.0  0.0  0.0
21.128  810.0  0.0  0.0
21.159  894.0  0.0  0.0
21.175  925.0  0.0  0.0
21.175  925.0  0.0  0.0
21.19  958.0  0.0  0.0
21.207  981.0  0.0  0.0
21.239  1016.0  0.0  0.0
21.256  1023.0  0.0  0.0
21.256  1023.0  0.0  0.0
21.273  1023.0  0.0  0.0
21.306  1023.0  0.0  0.0
21.322  1022.0  0.0  0.0
21.339  993.0  0.0  0.0
21.339  993.0  0.0  0.0
21.354  960.0  0.0  0.0
21.385  886.0  0.0  0.0
21.4  840.0  0.0  0.0
21.416  793.0  0.0  0.0
21.416  793.0  0.0  0.0
21.447  694.0  0.0  0.0
21.463  645.0  0.0  0.0
21.494  549.0  0.0  0.0
21.494  505.0  0.0  0.0
21.51  505.0  0.0  0.0
21.525  463.0  0.0  0.0
21.557  388.0  0.0  0.0
21.572  358.0  0.0  0.0
21.572  358.0  0.0  0.0
21.587  330.0  0.0  0.0
21.619  283.0  0.0  0.0
21.635  267.0  0.0  0.0
21.65  254.0  0.0  0.0
21.65  254.0  0.0  0.0
21.682  245.0  0.0  0.0
21.697  244.0  0.0  0.0
21.712  244.0  0.0  0.0
21.744  244.0  0.0  0.0
21.744  244.0  0.0  0.0
21.76  266.0  0.0  0.0
21.775  290.0  0.0  0.0
21.807  345.0  0.0  0.0
21.807  345.0  0.0  0.0
21.822  381.0  0.0  0.0
21.853  461.0  0.0  0.0
21.868  502.0  0.0  0.0
21.884  548.0  0.0  0.0
21.884  548.0  0.0  0.0
21.915  649.0  0.0  0.0
21.931  697.0  0.0  0.0
21.947  750.0  0.0  0.0
21.978  839.0  0.0  0.0
21.978  839.0  0.0  0.0
21.993  883.0  0.0  0.0
22.009  916.0  0.0  0.0
22.04  975.0  0.0  0.0
22.055  995.0  0.0  0.0
22.055  995.0  0.0  0.0
22.073  1011.0  0.0  0.0
22.089  1023.0  0.0  0.0
22.122  1023.0  0.0  0.0
22.139  1023.0  0.0  0.0
22.139  1023.0  0.0  0.0
22.156  1023.0  0.0  0.0
22.172  1007.0  0.0  0.0
22.204  940.0  0.0  0.0
22.219  902.0  0.0  0.0
22.219  902.0  0.0  0.0
22.235  859.0  0.0  0.0
22.265  766.0  0.0  0.0
22.282  714.0  0.0  0.0
22.312  612.0  0.0  0.0
22.312  612.0  0.0  0.0
22.328  566.0  0.0  0.0
22.344  520.0  0.0  0.0
22.375  439.0  0.0  0.0
22.39  398.0  0.0  0.0
22.39  398.0  0.0  0.0
22.407  368.0  0.0  0.0
22.422  337.0  0.0  0.0
22.453  291.0  0.0  0.0
22.469  273.0  0.0  0.0
22.469  273.0  0.0  0.0
22.5  248.0  0.0  0.0
22.515  246.0  0.0  0.0
22.531  245.0  0.0  0.0
22.531  245.0  0.0  0.0
22.562  243.0  0.0  0.0
22.578  242.0  0.0  0.0
22.609  277.0  0.0  0.0
22.625  301.0  0.0  0.0
22.625  301.0  0.0  0.0
22.64  328.0  0.0  0.0
22.656  360.0  0.0  0.0
22.687  438.0  0.0  0.0
22.703  477.0  0.0  0.0
22.703  477.0  0.0  0.0
22.718  525.0  0.0  0.0
22.75  622.0  0.0  0.0
22.765  673.0  0.0  0.0
22.796  772.0  0.0  0.0
22.796  772.0  0.0  0.0
22.812  815.0  0.0  0.0
22.828  859.0  0.0  0.0
22.858  929.0  0.0  0.0
22.875  961.0  0.0  0.0
22.875  961.0  0.0  0.0
22.89  984.0  0.0  0.0
22.906  1004.0  0.0  0.0
22.94  1023.0  0.0  0.0
22.957  1023.0  0.0  0.0
22.957  1023.0  0.0  0.0
22.973  1023.0  0.0  0.0
23.007  1021.0  0.0  0.0
23.022  994.0  0.0  0.0
23.037  960.0  0.0  0.0
23.037  960.0  0.0  0.0
23.069  883.0  0.0  0.0
23.085  837.0  0.0  0.0
23.1  792.0  0.0  0.0
23.1  792.0  0.0  0.0
23.131  690.0  0.0  0.0
23.147  642.0  0.0  0.0
23.162  593.0  0.0  0.0
23.193  503.0  0.0  0.0
23.193  503.0  0.0  0.0
23.209  462.0  0.0  0.0
23.225  422.0  0.0  0.0
23.256  356.0  0.0  0.0
23.272  328.0  0.0  0.0
23.272  328.0  0.0  0.0
23.287  305.0  0.0  0.0
23.318  269.0  0.0  0.0
23.333  255.0  0.0  0.0
23.35  247.0  0.0  0.0
23.35  247.0  0.0  0.0
23.38  244.0  0.0  0.0
23.396  244.0  0.0  0.0
23.412  243.0  0.0  0.0
23.443  262.0  0.0  0.0
23.443  262.0  0.0  0.0
23.458  287.0  0.0  0.0
23.49  342.0  0.0  0.0
23.505  378.0  0.0  0.0
23.505  378.0  0.0  0.0
23.521  416.0  0.0  0.0
23.553  498.0  0.0  0.0
23.568  545.0  0.0  0.0
23.583  593.0  0.0  0.0
23.583  593.0  0.0  0.0
23.615  693.0  0.0  0.0
23.63  744.0  0.0  0.0
23.646  790.0  0.0  0.0
23.677  875.0  0.0  0.0
23.677  875.0  0.0  0.0
23.693  910.0  0.0  0.0
23.708  940.0  0.0  0.0
23.74  993.0  0.0  0.0
23.756  1009.0  0.0  0.0
23.756  1009.0  0.0  0.0
23.773  1021.0  0.0  0.0
23.806  1023.0  0.0  0.0
23.823  1023.0  0.0  0.0
23.823  1023.0  0.0  0.0
23.839  1023.0  0.0  0.0
23.856  1010.0  0.0  0.0
23.887  943.0  0.0  0.0
23.903  905.0  0.0  0.0
23.903  905.0  0.0  0.0
23.934  818.0  0.0  0.0
23.95  770.0  0.0  0.0
23.965  719.0  0.0  0.0
23.996  622.0  0.0  0.0
23.996  622.0  0.0  0.0
24.012  576.0  0.0  0.0
24.028  531.0  0.0  0.0
24.058  449.0  0.0  0.0
24.075  408.0  0.0  0.0
24.075  408.0  0.0  0.0
24.09  375.0  0.0  0.0
24.121  318.0  0.0  0.0
24.137  297.0  0.0  0.0
24.153  275.0  0.0  0.0
24.153  275.0  0.0  0.0
24.183  250.0  0.0  0.0
24.199  246.0  0.0  0.0
24.215  245.0  0.0  0.0
24.246  243.0  0.0  0.0
24.246  243.0  0.0  0.0
24.261  243.0  0.0  0.0
24.293  274.0  0.0  0.0
24.308  297.0  0.0  0.0
24.308  297.0  0.0  0.0
24.324  324.0  0.0  0.0
24.34  355.0  0.0  0.0
24.371  429.0  0.0  0.0
24.386  469.0  0.0  0.0
24.386  469.0  0.0  0.0
24.402  512.0  0.0  0.0
24.433  610.0  0.0  0.0
24.449  660.0  0.0  0.0
24.48  759.0  0.0  0.0
24.48  759.0  0.0  0.0
24.496  804.0  0.0  0.0
24.511  848.0  0.0  0.0
24.543  922.0  0.0  0.0
24.558  955.0  0.0  0.0
24.558  955.0  0.0  0.0
24.573  980.0  0.0  0.0
24.606  1014.0  0.0  0.0
24.623  1023.0  0.0  0.0
24.639  1023.0  0.0  0.0
24.639  1023.0  0.0  0.0
24.655  1023.0  0.0  0.0
24.689  1023.0  0.0  0.0
24.706  1001.0  0.0  0.0
24.721  968.0  0.0  0.0
24.721  968.0  0.0  0.0
24.737  931.0  0.0  0.0
24.768  848.0  0.0  0.0
24.783  804.0  0.0  0.0
24.8  754.0  0.0  0.0
24.8  754.0  0.0  0.0
24.83  657.0  0.0  0.0
24.846  608.0  0.0  0.0
24.878  515.0  0.0  0.0
24.893  473.0  0.0  0.0
24.893  473.0  0.0  0.0
24.908  433.0  0.0  0.0
24.94  365.0  0.0  0.0
24.955  335.0  0.0  0.0
24.971  312.0  0.0  0.0
24.971  312.0  0.0  0.0
24.986  290.0  0.0  0.0
25.018  257.0  0.0  0.0
25.033  248.0  0.0  0.0
25.049  246.0  0.0  0.0
25.064  245.0  0.0  0.0
25.08  244.0  0.0  0.0
25.096  244.0  0.0  0.0
25.126  255.0  0.0  0.0
25.126  255.0  0.0  0.0
25.143  281.0  0.0  0.0
25.174  333.0  0.0  0.0
25.189  366.0  0.0  0.0
25.205  405.0  0.0  0.0
25.205  405.0  0.0  0.0
25.221  442.0  0.0  0.0
25.251  533.0  0.0  0.0
25.268  580.0  0.0  0.0
25.283  631.0  0.0  0.0
25.283  631.0  0.0  0.0
25.314  731.0  0.0  0.0
25.329  780.0  0.0  0.0
25.361  865.0  0.0  0.0
25.376  902.0  0.0  0.0
25.376  902.0  0.0  0.0
25.392  935.0  0.0  0.0
25.423  989.0  0.0  0.0
25.44  1007.0  0.0  0.0
25.456  1019.0  0.0  0.0
25.456  1019.0  0.0  0.0
25.474  1023.0  0.0  0.0
25.506  1023.0  0.0  0.0
25.523  1023.0  0.0  0.0
25.54  1020.0  0.0  0.0
25.54  1020.0  0.0  0.0
25.571  955.0  0.0  0.0
25.586  919.0  0.0  0.0
25.603  878.0  0.0  0.0
25.618  832.0  0.0  0.0
25.618  832.0  0.0  0.0
25.649  735.0  0.0  0.0
25.665  684.0  0.0  0.0
25.696  586.0  0.0  0.0
25.696  586.0  0.0  0.0
25.711  541.0  0.0  0.0
25.726  496.0  0.0  0.0
25.758  416.0  0.0  0.0
25.774  380.0  0.0  0.0
25.774  380.0  0.0  0.0
25.789  351.0  0.0  0.0
25.821  303.0  0.0  0.0
25.836  281.0  0.0  0.0
25.851  266.0  0.0  0.0
25.851  266.0  0.0  0.0
25.883  246.0  0.0  0.0
25.899  245.0  0.0  0.0
25.914  245.0  0.0  0.0
25.946  243.0  0.0  0.0
25.946  243.0  0.0  0.0
25.961  245.0  0.0  0.0
25.992  289.0  0.0  0.0
26.008  315.0  0.0  0.0
26.008  315.0  0.0  0.0
26.023  345.0  0.0  0.0
26.039  381.0  0.0  0.0
26.071  459.0  0.0  0.0
26.086  501.0  0.0  0.0
26.086  501.0  0.0  0.0
26.101  548.0  0.0  0.0
26.133  648.0  0.0  0.0
26.148  697.0  0.0  0.0
26.179  793.0  0.0  0.0
26.194  836.0  0.0  0.0
26.194  836.0  0.0  0.0
26.211  877.0  0.0  0.0
26.242  944.0  0.0  0.0
26.257  973.0  0.0  0.0
26.273  993.0  0.0  0.0
26.273  993.0  0.0  0.0
26.29  1010.0  0.0  0.0
26.322  1023.0  0.0  0.0
26.34  1023.0  0.0  0.0
26.34  1023.0  0.0  0.0
26.356  1023.0  0.0  0.0
26.389  1010.0  0.0  0.0
26.405  980.0  0.0  0.0
26.421  942.0  0.0  0.0
26.421  942.0  0.0  0.0
26.436  905.0  0.0  0.0
26.468  816.0  0.0  0.0
26.483  768.0  0.0  0.0
26.514  671.0  0.0  0.0
26.514  671.0  0.0  0.0
26.53  621.0  0.0  0.0
26.546  574.0  0.0  0.0
26.576  485.0  0.0  0.0
26.576  485.0  0.0  0.0
26.592  447.0  0.0  0.0
26.608  407.0  0.0  0.0
26.639  345.0  0.0  0.0
26.654  321.0  0.0  0.0
26.654  321.0  0.0  0.0
26.671  298.0  0.0  0.0
26.701  263.0  0.0  0.0
26.717  251.0  0.0  0.0
26.733  246.0  0.0  0.0
26.733  246.0  0.0  0.0
26.764  245.0  0.0  0.0
26.779  244.0  0.0  0.0
26.795  243.0  0.0  0.0
26.826  274.0  0.0  0.0
26.826  274.0  0.0  0.0
26.842  299.0  0.0  0.0
26.873  355.0  0.0  0.0
26.889  393.0  0.0  0.0
26.904  428.0  0.0  0.0
26.904  428.0  0.0  0.0
26.919  473.0  0.0  0.0
26.951  564.0  0.0  0.0
26.967  613.0  0.0  0.0
26.998  711.0  0.0  0.0
26.998  711.0  0.0  0.0
27.014  762.0  0.0  0.0
27.029  806.0  0.0  0.0
27.06  890.0  0.0  0.0
27.06  890.0  0.0  0.0
27.076  924.0  0.0  0.0
27.091  956.0  0.0  0.0
27.123  1000.0  0.0  0.0
27.141  1014.0  0.0  0.0
27.157  1023.0  0.0  0.0
27.157  1023.0  0.0  0.0
27.173  1023.0  0.0  0.0
27.207  1023.0  0.0  0.0
27.224  1023.0  0.0  0.0
27.224  1023.0  0.0  0.0
27.239  997.0  0.0  0.0
27.271  929.0  0.0  0.0
27.286  888.0  0.0  0.0
27.301  844.0  0.0  0.0
27.301  844.0  0.0  0.0
27.333  750.0  0.0  0.0
27.348  699.0  0.0  0.0
27.364  652.0  0.0  0.0
27.396  556.0  0.0  0.0
27.396  556.0  0.0  0.0
27.411  510.0  0.0  0.0
27.426  467.0  0.0  0.0
27.457  390.0  0.0  0.0
27.473  362.0  0.0  0.0
27.473  362.0  0.0  0.0
27.504  309.0  0.0  0.0
27.52  287.0  0.0  0.0
27.536  270.0  0.0  0.0
27.551  255.0  0.0  0.0
27.551  255.0  0.0  0.0
