522.168  521.0  714.0  37.0
522.168  521.0  714.0  37.0
522.168  521.0  714.0  37.0
522.168  521.0  714.0  37.0
522.168  521.0  714.0  37.0
522.168  521.0  714.0  37.0
522.168  521.0  714.0  37.0
522.168  521.0  714.0  37.0
522.168  521.0  714.0  37.0
522.168  521.0  714.0  37.0
522.168  521.0  714.0  37.0
522.168  521.0  714.0  37.0
522.168  521.0  714.0  37.0
522.168  521.0  714.0  37.0
522.168  521.0  714.0  37.0
522.168  521.0  714.0  37.0
522.168  521.0  714.0  37.0
522.168  521.0  714.0  37.0
522.168  521.0  714.0  37.0
522.168  521.0  714.0  37.0
522.168  521.0  714.0  37.0
522.168  521.0  714.0  37.0
522.168  521.0  714.0  37.0
522.168  521.0  714.0  37.0
522.168  521.0  714.0  37.0
522.168  521.0  714.0  37.0
522.168  521.0  714.0  37.0
522.168  521.0  714.0  37.0
522.168  521.0  714.0  37.0
522.168  521.0  714.0  37.0
522.168  521.0  714.0  37.0
522.168  521.0  714.0  37.0
522.168  521.0  714.0  37.0
522.168  521.0  714.0  37.0
522.168  521.0  714.0  37.0
522.168  521.0  714.0  37.0
522.168  521.0  714.0  37.0
522.168  521.0  714.0  37.0
522.168  521.0  714.0  37.0
522.168  521.0  714.0  37.0
522.168  521.0  714.0  37.0
522.168  521.0  714.0  37.0
522.168  521.0  714.0  37.0
0.685  521.0  714.0  3751.0
0.685  521.0  714.0  3751.0
0.0020  521.0  739.0  36.0
0.0030  521.0  747.0  37.0
0.0040  521.0  750.0  37.0
0.031  521.0  765.0  38.0
0.048  521.0  735.0  37.0
0.048  521.0  735.0  37.0
0.078  520.0  727.0  37.0
0.094  521.0  768.0  38.0
0.11  521.0  764.0  37.0
0.11  521.0  764.0  37.0
0.126  521.0  727.0  37.0
0.159  521.0  725.0  37.0
0.177  521.0  754.0  37.0
0.193  521.0  777.0  38.0
0.193  521.0  777.0  38.0
0.209  521.0  760.0  37.0
0.243  521.0  711.0  37.0
0.26  521.0  727.0  37.0
0.26  521.0  727.0  37.0
0.276  521.0  757.0  37.0
0.31  521.0  757.0  37.0
0.326  521.0  722.0  37.0
0.343  521.0  712.0  37.0
0.343  521.0  712.0  37.0
0.376  521.0  760.0  37.0
0.393  521.0  777.0  37.0
0.409  521.0  755.0  37.0
0.409  521.0  755.0  37.0
0.425  521.0  721.0  37.0
0.459  521.0  729.0  37.0
0.476  521.0  762.0  37.0
0.492  521.0  777.0  37.0
0.492  521.0  777.0  37.0
0.509  521.0  752.0  36.0
0.542  521.0  713.0  37.0
0.559  521.0  731.0  37.0
0.576  521.0  764.0  38.0
0.576  521.0  764.0  38.0
0.592  521.0  776.0  37.0
0.625  521.0  719.0  36.0
0.643  521.0  714.0  37.0
0.659  521.0  733.0  37.0
0.659  521.0  733.0  37.0
0.692  521.0  776.0  37.0
0.709  521.0  746.0  37.0
0.726  521.0  718.0  37.0
0.726  521.0  718.0  37.0
0.742  521.0  715.0  37.0
0.758  521.0  736.0  37.0
0.758  521.0  736.0  37.0
0.808  521.0  744.0  37.0
0.825  521.0  717.0  37.0
0.842  521.0  716.0  37.0
0.842  521.0  716.0  37.0
0.859  521.0  738.0  38.0
0.891  521.0  774.0  37.0
0.975  522.0  771.0  38.0
0.975  522.0  771.0  38.0
0.992  521.0  773.0  37.0
0.992  521.0  773.0  37.0
1.008  521.0  739.0  37.0
1.044  521.0  713.0  37.0
1.061  521.0  724.0  37.0
1.079  521.0  741.0  37.0
1.079  521.0  741.0  37.0
1.096  521.0  763.0  38.0
1.115  521.0  779.0  37.0
1.149  521.0  748.0  37.0
1.167  521.0  721.0  37.0
1.167  521.0  721.0  37.0
1.185  521.0  712.0  37.0
1.203  521.0  715.0  37.0
1.22  521.0  730.0  37.0
1.22  521.0  730.0  37.0
1.256  521.0  770.0  37.0
1.273  521.0  778.0  37.0
1.291  521.0  762.0  37.0
1.291  521.0  762.0  37.0
1.327  521.0  716.0  37.0
1.344  521.0  711.0  37.0
1.361  521.0  721.0  37.0
1.38  521.0  737.0  37.0
1.38  521.0  737.0  37.0
1.397  521.0  761.0  37.0
1.432  521.0  774.0  37.0
1.451  521.0  750.0  38.0
1.468  521.0  721.0  37.0
1.468  521.0  721.0  37.0
1.485  521.0  710.0  37.0
1.504  521.0  714.0  37.0
1.539  521.0  752.0  37.0
1.539  521.0  752.0  37.0
1.556  521.0  773.0  37.0
1.574  521.0  781.0  38.0
1.592  521.0  765.0  37.0
1.609  521.0  736.0  36.0
1.609  521.0  736.0  36.0
1.645  521.0  709.0  37.0
1.662  521.0  719.0  37.0
1.68  521.0  737.0  37.0
1.697  521.0  762.0  37.0
1.697  521.0  762.0  37.0
1.716  521.0  779.0  37.0
1.751  521.0  752.0  37.0
1.769  521.0  722.0  36.0
1.769  521.0  722.0  36.0
1.786  521.0  710.0  36.0
1.804  521.0  712.0  36.0
1.821  521.0  728.0  37.0
1.84  521.0  749.0  37.0
1.84  521.0  749.0  37.0
1.874  521.0  781.0  37.0
1.892  521.0  767.0  37.0
1.91  521.0  738.0  37.0
1.928  521.0  716.0  36.0
1.928  521.0  716.0  36.0
1.945  521.0  709.0  36.0
1.981  521.0  735.0  37.0
1.998  521.0  760.0  37.0
1.998  521.0  760.0  37.0
2.016  521.0  777.0  37.0
2.033  521.0  777.0  37.0
2.052  521.0  755.0  37.0
2.086  521.0  711.0  36.0
2.086  521.0  711.0  36.0
2.105  521.0  711.0  36.0
2.122  521.0  726.0  37.0
2.14  521.0  746.0  37.0
2.157  521.0  769.0  38.0
2.157  521.0  769.0  38.0
2.193  521.0  769.0  37.0
2.21  521.0  741.0  36.0
2.228  521.0  717.0  36.0
2.246  521.0  709.0  36.0
2.246  521.0  709.0  36.0
2.264  521.0  717.0  37.0
2.298  521.0  756.0  37.0
2.317  521.0  774.0  37.0
2.317  521.0  774.0  37.0
2.334  521.0  777.0  37.0
2.352  521.0  757.0  37.0
2.37  521.0  730.0  37.0
2.387  521.0  713.0  37.0
2.387  521.0  713.0  37.0
2.422  521.0  724.0  37.0
2.441  521.0  743.0  37.0
2.458  521.0  766.0  37.0
2.476  521.0  779.0  37.0
2.476  521.0  779.0  37.0
2.493  521.0  770.0  37.0
2.529  521.0  719.0  36.0
2.546  488.0  684.0  36.0
2.546  488.0  684.0  36.0
2.564  439.0  652.0  36.0
2.582  385.0  622.0  37.0
2.599  335.0  595.0  37.0
2.635  234.0  526.0  37.0
2.635  234.0  526.0  37.0
2.653  191.0  464.0  36.0
2.67  148.0  396.0  36.0
2.688  111.0  338.0  36.0
2.723  57.0  284.0  36.0
2.723  57.0  284.0  36.0
2.741  34.0  276.0  36.0
2.758  16.0  280.0  37.0
2.777  7.0  282.0  37.0
2.794  2.0  270.0  37.0
2.794  2.0  270.0  37.0
2.829  0.0  214.0  36.0
2.847  0.0  203.0  36.0
2.865  7.0  212.0  37.0
2.882  29.0  242.0  36.0
2.882  29.0  242.0  36.0
2.9  57.0  284.0  36.0
2.918  87.0  332.0  37.0
2.935  122.0  369.0  37.0
2.935  122.0  369.0  37.0
2.971  207.0  406.0  36.0
2.989  254.0  430.0  37.0
3.006  305.0  473.0  36.0
3.023  361.0  535.0  37.0
3.023  361.0  535.0  37.0
3.059  474.0  683.0  38.0
3.077  531.0  753.0  37.0
3.094  581.0  800.0  37.0
3.112  629.0  826.0  37.0
3.112  629.0  826.0  37.0
3.13  674.0  843.0  37.0
3.165  744.0  908.0  37.0
3.184  770.0  947.0  37.0
3.184  770.0  947.0  37.0
3.203  786.0  978.0  37.0
3.221  793.0  999.0  37.0
3.241  793.0  1015.0  38.0
3.261  793.0  1019.0  37.0
3.261  793.0  1019.0  37.0
3.28  779.0  1010.0  37.0
3.298  749.0  998.0  37.0
3.334  668.0  929.0  37.0
3.351  616.0  857.0  36.0
3.351  616.0  857.0  36.0
3.369  563.0  786.0  36.0
3.387  507.0  726.0  36.0
3.404  450.0  682.0  36.0
3.44  341.0  614.0  36.0
3.44  341.0  614.0  36.0
3.458  289.0  579.0  37.0
3.475  242.0  530.0  37.0
3.492  195.0  462.0  37.0
3.492  195.0  462.0  37.0
3.511  152.0  390.0  37.0
3.546  80.0  303.0  37.0
3.563  54.0  290.0  36.0
3.581  32.0  284.0  37.0
3.581  32.0  284.0  37.0
3.599  16.0  286.0  37.0
3.616  7.0  285.0  37.0
3.652  2.0  237.0  36.0
3.67  1.0  211.0  36.0
3.67  1.0  211.0  36.0
3.687  1.0  202.0  36.0
3.705  10.0  216.0  36.0
3.723  33.0  248.0  36.0
3.758  90.0  337.0  36.0
3.758  90.0  337.0  36.0
3.776  127.0  372.0  36.0
3.793  169.0  391.0  37.0
3.811  211.0  404.0  36.0
3.811  211.0  404.0  36.0
3.828  261.0  434.0  36.0
3.847  310.0  480.0  36.0
3.881  425.0  617.0  37.0
3.9  483.0  693.0  37.0
3.9  483.0  693.0  37.0
3.917  540.0  760.0  37.0
3.935  591.0  803.0  37.0
3.971  683.0  847.0  36.0
3.971  683.0  847.0  36.0
3.988  720.0  878.0  37.0
4.005  750.0  917.0  37.0
4.024  773.0  954.0  37.0
4.043  789.0  982.0  37.0
4.043  789.0  982.0  37.0
4.063  793.0  1003.0  37.0
4.082  793.0  1011.0  37.0
4.103  793.0  1013.0  37.0
4.14  743.0  989.0  36.0
4.14  743.0  989.0  36.0
4.157  702.0  969.0  37.0
4.175  658.0  924.0  37.0
4.193  607.0  856.0  36.0
4.21  553.0  782.0  36.0
4.21  553.0  782.0  36.0
4.228  495.0  718.0  36.0
4.263  382.0  626.0  36.0
4.281  329.0  594.0  36.0
4.281  329.0  594.0  36.0
4.299  277.0  559.0  36.0
4.317  230.0  519.0  36.0
4.352  141.0  387.0  36.0
4.37  102.0  330.0  36.0
4.37  102.0  330.0  36.0
4.387  73.0  294.0  36.0
4.405  47.0  275.0  36.0
4.422  26.0  268.0  36.0
4.441  12.0  273.0  36.0
4.441  12.0  273.0  36.0
4.475  2.0  268.0  36.0
4.493  2.0  244.0  36.0
4.511  1.0  216.0  35.0
4.529  1.0  206.0  36.0
4.529  1.0  206.0  36.0
4.546  15.0  218.0  36.0
4.582  64.0  290.0  36.0
4.599  96.0  336.0  36.0
4.617  132.0  377.0  36.0
4.617  132.0  377.0  36.0
4.635  172.0  400.0  37.0
4.653  218.0  417.0  36.0
4.687  316.0  485.0  36.0
4.687  316.0  485.0  36.0
4.706  373.0  547.0  36.0
4.723  431.0  616.0  36.0
4.741  488.0  693.0  37.0
4.758  544.0  761.0  37.0
4.758  544.0  761.0  37.0
4.776  594.0  811.0  37.0
4.811  687.0  858.0  36.0
4.829  723.0  886.0  36.0
4.847  754.0  918.0  36.0
4.847  754.0  918.0  36.0
4.866  775.0  954.0  37.0
4.884  789.0  980.0  36.0
4.923  793.0  1013.0  37.0
4.923  793.0  1013.0  37.0
4.942  793.0  1018.0  37.0
4.962  776.0  1007.0  37.0
4.98  743.0  992.0  36.0
4.998  702.0  968.0  37.0
4.998  702.0  968.0  37.0
5.015  657.0  919.0  36.0
5.033  606.0  850.0  36.0
5.068  495.0  718.0  36.0
5.086  438.0  669.0  36.0
5.086  438.0  669.0  36.0
5.104  380.0  627.0  36.0
5.122  326.0  601.0  36.0
5.139  274.0  568.0  36.0
5.156  224.0  519.0  36.0
5.156  224.0  519.0  36.0
5.192  139.0  378.0  36.0
5.21  103.0  326.0  36.0
5.227  76.0  295.0  36.0
5.245  51.0  283.0  36.0
5.245  51.0  283.0  36.0
5.263  29.0  281.0  37.0
5.299  5.0  286.0  36.0
5.316  2.0  267.0  37.0
5.334  2.0  234.0  36.0
5.334  2.0  234.0  36.0
5.351  1.0  208.0  36.0
5.369  1.0  200.0  36.0
5.404  36.0  251.0  36.0
5.404  36.0  251.0  36.0
5.422  62.0  299.0  36.0
5.44  94.0  344.0  37.0
5.457  129.0  378.0  37.0
5.475  171.0  393.0  36.0
5.475  171.0  393.0  36.0
5.511  260.0  431.0  36.0
5.528  314.0  479.0  36.0
5.545  371.0  548.0  37.0
5.564  426.0  621.0  37.0
5.564  426.0  621.0  37.0
5.581  482.0  699.0  37.0
5.616  588.0  803.0  38.0
5.635  637.0  823.0  37.0
5.635  637.0  823.0  37.0
5.652  680.0  841.0  36.0
5.669  717.0  873.0  36.0
5.687  748.0  914.0  36.0
5.706  773.0  954.0  37.0
5.706  773.0  954.0  37.0
5.744  793.0  1006.0  37.0
5.765  793.0  1011.0  37.0
5.784  793.0  1014.0  37.0
5.804  776.0  1004.0  37.0
5.804  776.0  1004.0  37.0
5.821  744.0  993.0  37.0
5.839  702.0  974.0  37.0
5.857  658.0  924.0  37.0
5.874  605.0  851.0  36.0
5.874  605.0  851.0  36.0
5.91  496.0  714.0  36.0
5.927  441.0  668.0  36.0
5.945  386.0  630.0  36.0
5.945  386.0  630.0  36.0
5.963  333.0  603.0  37.0
5.981  281.0  570.0  36.0
6.016  186.0  457.0  37.0
6.034  146.0  385.0  36.0
6.034  146.0  385.0  36.0
6.051  107.0  328.0  36.0
6.069  76.0  294.0  36.0
6.086  51.0  280.0  36.0
6.122  14.0  283.0  36.0
6.122  14.0  283.0  36.0
6.139  5.0  286.0  37.0
6.157  2.0  271.0  36.0
6.175  2.0  241.0  36.0
6.193  1.0  210.0  36.0
6.21  0.0  200.0  36.0
6.21  0.0  200.0  36.0
6.246  37.0  248.0  36.0
6.263  63.0  294.0  37.0
6.281  95.0  342.0  37.0
6.281  95.0  342.0  37.0
6.299  132.0  382.0  37.0
6.317  176.0  402.0  37.0
6.351  267.0  438.0  36.0
6.37  320.0  483.0  36.0
6.37  320.0  483.0  36.0
6.387  376.0  549.0  37.0
6.405  432.0  621.0  37.0
6.422  488.0  700.0  37.0
6.422  488.0  700.0  37.0
6.458  596.0  814.0  37.0
6.475  645.0  836.0  37.0
6.493  687.0  850.0  36.0
6.511  724.0  879.0  36.0
6.511  724.0  879.0  36.0
6.529  754.0  916.0  36.0
6.547  775.0  955.0  37.0
6.586  793.0  1003.0  37.0
6.605  793.0  1008.0  37.0
6.605  793.0  1008.0  37.0
6.625  793.0  1010.0  37.0
6.644  773.0  997.0  37.0
6.662  739.0  993.0  37.0
6.679  696.0  969.0  37.0
6.679  696.0  969.0  37.0
6.697  650.0  912.0  37.0
6.732  548.0  766.0  36.0
6.75  489.0  706.0  36.0
6.768  431.0  663.0  36.0
6.768  431.0  663.0  36.0
6.786  376.0  627.0  36.0
6.803  323.0  599.0  37.0
6.839  223.0  513.0  37.0
6.839  223.0  513.0  37.0
6.856  177.0  442.0  36.0
6.874  138.0  369.0  36.0
6.891  100.0  318.0  36.0
6.909  70.0  288.0  36.0
6.909  70.0  288.0  36.0
6.944  24.0  277.0  36.0
6.963  10.0  283.0  36.0
6.98  3.0  283.0  37.0
6.998  2.0  264.0  36.0
6.998  2.0  264.0  36.0
7.015  2.0  232.0  36.0
7.033  1.0  207.0  36.0
7.068  17.0  221.0  36.0
7.086  40.0  256.0  36.0
7.086  40.0  256.0  36.0
7.104  68.0  305.0  36.0
7.121  102.0  351.0  37.0
7.139  138.0  385.0  37.0
7.139  138.0  385.0  37.0
7.175  226.0  412.0  36.0
7.192  276.0  444.0  36.0
7.209  330.0  495.0  36.0
7.228  388.0  563.0  36.0
7.228  388.0  563.0  36.0
7.245  443.0  637.0  37.0
7.28  556.0  781.0  38.0
7.299  607.0  820.0  37.0
7.316  656.0  840.0  37.0
7.316  656.0  840.0  37.0
7.333  696.0  857.0  36.0
7.351  732.0  887.0  36.0
7.369  760.0  926.0  37.0
7.388  778.0  963.0  36.0
7.388  778.0  963.0  36.0
7.406  791.0  988.0  37.0
7.446  793.0  1013.0  37.0
7.465  793.0  1015.0  37.0
7.484  769.0  1007.0  37.0
7.484  769.0  1007.0  37.0
7.502  732.0  991.0  37.0
7.52  691.0  961.0  37.0
7.537  644.0  899.0  37.0
7.573  540.0  757.0  36.0
7.573  540.0  757.0  36.0
7.59  478.0  699.0  36.0
7.608  423.0  658.0  36.0
7.625  367.0  623.0  37.0
7.644  313.0  594.0  37.0
7.644  313.0  594.0  37.0
7.678  212.0  498.0  36.0
7.697  166.0  424.0  37.0
7.714  128.0  357.0  36.0
7.714  128.0  357.0  36.0
7.732  93.0  312.0  36.0
7.749  67.0  287.0  36.0
7.785  22.0  280.0  37.0
7.802  9.0  284.0  37.0
7.802  9.0  284.0  37.0
7.82  3.0  281.0  37.0
7.838  2.0  256.0  36.0
7.856  2.0  225.0  36.0
7.89  3.0  202.0  36.0
7.89  3.0  202.0  36.0
7.909  21.0  228.0  36.0
7.926  45.0  265.0  37.0
7.944  74.0  314.0  37.0
7.962  111.0  360.0  37.0
7.962  111.0  360.0  37.0
7.997  196.0  404.0  36.0
8.014  241.0  419.0  36.0
8.033  293.0  457.0  36.0
8.033  293.0  457.0  36.0
8.05  349.0  514.0  36.0
8.068  404.0  584.0  37.0
8.085  459.0  660.0  37.0
8.121  569.0  795.0  37.0
8.121  569.0  795.0  37.0
8.138  620.0  827.0  37.0
8.156  666.0  845.0  36.0
8.174  706.0  866.0  36.0
8.192  740.0  896.0  36.0
8.192  740.0  896.0  36.0
8.228  782.0  971.0  37.0
8.247  792.0  997.0  37.0
8.266  793.0  1014.0  37.0
8.286  793.0  1019.0  37.0
8.286  793.0  1019.0  37.0
8.306  792.0  1015.0  37.0
8.325  758.0  1006.0  37.0
8.342  718.0  986.0  37.0
8.36  677.0  945.0  37.0
8.36  677.0  945.0  37.0
8.395  576.0  802.0  36.0
8.413  520.0  739.0  36.0
8.431  461.0  687.0  36.0
8.431  461.0  687.0  36.0
8.449  405.0  647.0  36.0
8.466  349.0  613.0  36.0
8.502  245.0  540.0  37.0
8.519  197.0  478.0  36.0
8.519  197.0  478.0  36.0
8.537  156.0  407.0  36.0
8.554  117.0  345.0  36.0
8.572  85.0  306.0  36.0
8.607  37.0  277.0  36.0
8.607  37.0  277.0  36.0
8.626  18.0  282.0  36.0
8.643  7.0  284.0  37.0
8.66  2.0  274.0  37.0
8.678  2.0  248.0  37.0
8.678  2.0  248.0  37.0
8.696  1.0  217.0  36.0
8.731  7.0  208.0  36.0
8.749  29.0  239.0  36.0
8.767  54.0  279.0  36.0
8.767  54.0  279.0  36.0
8.784  84.0  327.0  36.0
8.802  120.0  369.0  37.0
8.838  205.0  405.0  36.0
8.855  252.0  427.0  36.0
8.855  252.0  427.0  36.0
8.872  302.0  467.0  36.0
8.891  359.0  528.0  36.0
8.908  412.0  597.0  36.0
8.908  412.0  597.0  36.0
8.943  524.0  745.0  37.0
8.962  575.0  798.0  37.0
8.979  623.0  826.0  37.0
8.996  671.0  842.0  36.0
8.996  671.0  842.0  36.0
9.014  710.0  869.0  36.0
9.032  743.0  903.0  36.0
9.068  784.0  978.0  37.0
9.088  793.0  1004.0  37.0
9.088  793.0  1004.0  37.0
9.108  793.0  1012.0  37.0
9.127  793.0  1015.0  37.0
9.147  783.0  1006.0  36.0
9.165  750.0  997.0  37.0
9.165  750.0  997.0  37.0
9.183  712.0  979.0  37.0
9.2  669.0  933.0  37.0
9.236  568.0  791.0  36.0
9.253  512.0  731.0  35.0
9.253  512.0  731.0  35.0
9.271  455.0  684.0  36.0
9.288  400.0  645.0  36.0
9.307  344.0  615.0  36.0
9.307  344.0  615.0  36.0
9.341  241.0  534.0  36.0
9.36  192.0  465.0  37.0
9.377  151.0  393.0  36.0
9.395  111.0  336.0  36.0
9.395  111.0  336.0  36.0
9.412  80.0  302.0  36.0
9.448  33.0  281.0  36.0
9.465  16.0  284.0  36.0
9.483  6.0  286.0  37.0
9.483  6.0  286.0  37.0
9.501  2.0  270.0  36.0
9.519  2.0  239.0  37.0
9.553  1.0  200.0  36.0
9.553  1.0  200.0  36.0
9.572  10.0  214.0  37.0
9.589  31.0  247.0  36.0
9.607  58.0  290.0  36.0
9.625  89.0  338.0  36.0
9.625  89.0  338.0  36.0
9.66  165.0  392.0  36.0
9.677  209.0  403.0  36.0
9.696  257.0  429.0  36.0
9.713  307.0  473.0  36.0
9.731  363.0  538.0  36.0
9.731  363.0  538.0  36.0
9.766  475.0  689.0  37.0
9.784  534.0  758.0  37.0
9.801  585.0  804.0  37.0
9.801  585.0  804.0  37.0
9.819  636.0  828.0  37.0
9.837  681.0  843.0  36.0
9.854  719.0  873.0  36.0
9.872  749.0  912.0  36.0
9.891  773.0  952.0  37.0
9.91  788.0  981.0  37.0
9.929  793.0  1002.0  36.0
9.949  793.0  1008.0  37.0
9.949  793.0  1008.0  37.0
9.969  793.0  1011.0  36.0
9.989  776.0  1000.0  37.0
10.006  743.0  989.0  37.0
10.025  701.0  965.0  37.0
10.025  701.0  965.0  37.0
10.062  601.0  879.0  37.0
10.081  545.0  814.0  37.0
10.1  483.0  741.0  37.0
10.1  483.0  741.0  37.0
10.119  424.0  666.0  36.0
10.137  363.0  594.0  36.0
10.157  304.0  530.0  36.0
10.175  249.0  477.0  36.0
10.193  200.0  430.0  36.0
10.193  200.0  430.0  36.0
10.231  116.0  359.0  36.0
10.25  82.0  333.0  37.0
10.268  53.0  315.0  37.0
10.268  53.0  315.0  37.0
10.287  30.0  302.0  37.0
10.306  13.0  291.0  36.0
10.324  4.0  284.0  37.0
10.343  2.0  276.0  37.0
10.343  2.0  276.0  37.0
10.362  2.0  262.0  37.0
10.381  1.0  245.0  37.0
10.418  19.0  225.0  36.0
10.437  44.0  235.0  36.0
10.437  44.0  235.0  36.0
10.456  75.0  258.0  36.0
10.474  113.0  292.0  36.0
10.493  155.0  338.0  36.0
10.512  202.0  389.0  36.0
10.512  202.0  389.0  36.0
10.53  254.0  447.0  36.0
10.549  306.0  507.0  36.0
10.587  426.0  643.0  36.0
10.605  488.0  709.0  37.0
10.605  488.0  709.0  37.0
10.625  547.0  769.0  36.0
10.643  602.0  815.0  37.0
10.661  654.0  852.0  37.0
10.68  694.0  880.0  36.0
10.68  694.0  880.0  36.0
10.699  732.0  903.0  36.0
10.718  762.0  924.0  36.0
10.737  782.0  948.0  36.0
10.737  782.0  948.0  36.0
10.758  792.0  964.0  36.0
10.777  793.0  970.0  36.0
10.816  789.0  969.0  36.0
10.835  755.0  949.0  36.0
10.835  755.0  949.0  36.0
10.854  715.0  922.0  36.0
10.872  671.0  892.0  36.0
10.892  618.0  856.0  37.0
10.91  563.0  814.0  37.0
10.91  563.0  814.0  37.0
10.947  441.0  722.0  38.0
10.967  377.0  670.0  38.0
10.985  320.0  619.0  39.0
11.003  266.0  559.0  39.0
11.003  266.0  559.0  39.0
11.023  218.0  497.0  39.0
11.041  169.0  433.0  40.0
11.06  128.0  371.0  40.0
11.06  128.0  371.0  40.0
11.078  90.0  319.0  39.0
11.098  61.0  281.0  39.0
11.134  18.0  235.0  40.0
11.153  7.0  228.0  41.0
11.153  7.0  228.0  41.0
11.172  1.0  229.0  42.0
11.191  1.0  234.0  43.0
11.209  1.0  243.0  43.0
11.229  0.0  255.0  43.0
11.229  0.0  255.0  43.0
11.247  12.0  273.0  43.0
11.266  38.0  297.0  44.0
11.303  105.0  345.0  45.0
11.322  145.0  367.0  45.0
11.322  145.0  367.0  45.0
11.34  195.0  394.0  44.0
11.36  241.0  423.0  45.0
11.378  295.0  461.0  45.0
11.378  295.0  461.0  45.0
11.397  353.0  512.0  44.0
11.435  472.0  633.0  45.0
11.453  533.0  701.0  45.0
11.453  533.0  701.0  45.0
11.471  586.0  764.0  46.0
11.491  639.0  826.0  46.0
11.509  685.0  887.0  49.0
11.528  725.0  938.0  49.0
11.528  725.0  938.0  49.0
11.546  756.0  978.0  49.0
11.568  777.0  1002.0  49.0
11.588  790.0  1015.0  50.0
11.609  793.0  1020.0  50.0
11.609  793.0  1020.0  50.0
11.63  793.0  1019.0  49.0
11.651  788.0  1003.0  50.0
11.688  713.0  969.0  50.0
11.707  669.0  939.0  50.0
11.707  669.0  939.0  50.0
11.725  615.0  897.0  50.0
11.744  560.0  842.0  50.0
11.763  500.0  773.0  50.0
11.782  440.0  699.0  50.0
11.782  440.0  699.0  50.0
11.8  379.0  622.0  50.0
11.82  322.0  553.0  49.0
11.838  266.0  493.0  49.0
11.875  169.0  399.0  49.0
11.875  169.0  399.0  49.0
11.894  129.0  365.0  49.0
11.913  93.0  335.0  49.0
11.931  61.0  311.0  50.0
11.95  34.0  296.0  50.0
11.95  34.0  296.0  50.0
11.969  17.0  287.0  50.0
11.987  6.0  281.0  50.0
12.006  2.0  279.0  50.0
12.025  2.0  273.0  51.0
12.025  2.0  273.0  51.0
12.044  1.0  260.0  51.0
12.081  15.0  238.0  51.0
12.1  41.0  241.0  51.0
12.119  72.0  257.0  50.0
12.119  72.0  257.0  50.0
12.137  109.0  287.0  51.0
12.156  149.0  326.0  51.0
12.175  197.0  376.0  51.0
12.193  245.0  432.0  52.0
12.193  245.0  432.0  52.0
12.212  298.0  490.0  52.0
12.25  416.0  625.0  52.0
12.268  477.0  693.0  52.0
12.288  537.0  757.0  53.0
12.288  537.0  757.0  53.0
12.306  594.0  813.0  54.0
12.324  646.0  857.0  52.0
12.343  690.0  889.0  52.0
12.343  690.0  889.0  52.0
12.362  728.0  915.0  52.0
12.381  760.0  932.0  52.0
12.4  780.0  952.0  51.0
12.44  793.0  972.0  51.0
12.44  793.0  972.0  51.0
12.44  793.0  972.0  51.0
12.479  790.0  969.0  51.0
12.498  758.0  949.0  50.0
12.517  721.0  919.0  50.0
12.517  721.0  919.0  50.0
12.535  678.0  888.0  50.0
12.555  627.0  853.0  50.0
12.573  574.0  813.0  50.0
12.61  449.0  720.0  50.0
12.61  449.0  720.0  50.0
12.63  387.0  671.0  48.0
12.648  332.0  623.0  46.0
12.666  276.0  573.0  49.0
12.686  225.0  516.0  51.0
12.686  225.0  516.0  51.0
12.704  175.0  454.0  52.0
12.723  134.0  396.0  52.0
12.741  93.0  337.0  51.0
12.761  65.0  291.0  50.0
12.761  65.0  291.0  50.0
12.779  38.0  256.0  51.0
12.816  7.0  221.0  50.0
12.835  2.0  220.0  49.0
12.835  2.0  220.0  49.0
12.854  1.0  225.0  50.0
12.872  1.0  233.0  50.0
12.892  0.0  243.0  51.0
12.91  10.0  263.0  50.0
12.91  10.0  263.0  50.0
12.929  35.0  288.0  50.0
12.947  63.0  318.0  51.0
12.966  97.0  348.0  51.0
13.003  184.0  400.0  50.0
13.023  228.0  427.0  50.0
13.023  228.0  427.0  50.0
13.041  282.0  459.0  49.0
13.06  338.0  501.0  50.0
13.078  398.0  556.0  49.0
13.078  398.0  556.0  49.0
13.097  459.0  614.0  50.0
13.116  521.0  679.0  50.0
13.154  629.0  809.0  51.0
13.172  678.0  866.0  51.0
13.172  678.0  866.0  51.0
13.191  718.0  920.0  51.0
13.209  751.0  966.0  51.0
13.23  774.0  993.0  52.0
13.23  774.0  993.0  52.0
13.25  788.0  1012.0  52.0
13.271  793.0  1017.0  52.0
13.292  793.0  1016.0  53.0
13.313  793.0  1007.0  53.0
13.313  793.0  1007.0  53.0
13.331  766.0  994.0  55.0
13.35  729.0  978.0  55.0
13.387  634.0  913.0  55.0
13.406  580.0  860.0  54.0
13.406  580.0  860.0  54.0
13.425  519.0  792.0  55.0
13.444  456.0  719.0  54.0
13.462  395.0  640.0  54.0
13.48  336.0  569.0  56.0
13.48  336.0  569.0  56.0
13.5  279.0  506.0  57.0
13.518  228.0  453.0  51.0
13.556  138.0  373.0  47.0
13.575  100.0  343.0  47.0
13.575  100.0  343.0  47.0
13.593  70.0  318.0  45.0
13.612  41.0  300.0  43.0
13.631  21.0  291.0  42.0
13.649  8.0  283.0  40.0
13.649  8.0  283.0  40.0
13.668  3.0  279.0  39.0
13.687  2.0  274.0  37.0
13.724  1.0  246.0  39.0
13.724  1.0  246.0  39.0
13.743  7.0  235.0  38.0
13.762  31.0  235.0  39.0
13.78  58.0  247.0  38.0
13.799  92.0  274.0  38.0
13.799  92.0  274.0  38.0
13.818  131.0  309.0  40.0
13.837  176.0  356.0  40.0
13.855  219.0  408.0  40.0
13.893  327.0  525.0  39.0
13.893  327.0  525.0  39.0
13.912  388.0  595.0  40.0
13.93  445.0  661.0  39.0
13.949  507.0  727.0  40.0
13.968  564.0  786.0  39.0
13.968  564.0  786.0  39.0
13.986  618.0  831.0  39.0
14.005  666.0  868.0  39.0
14.024  706.0  895.0  39.0
14.043  740.0  914.0  38.0
14.043  740.0  914.0  38.0
14.081  784.0  953.0  38.0
14.101  793.0  966.0  39.0
14.12  793.0  971.0  39.0
14.12  793.0  971.0  39.0
14.14  793.0  976.0  40.0
14.16  779.0  966.0  41.0
14.179  747.0  942.0  44.0
14.197  704.0  911.0  45.0
14.197  704.0  911.0  45.0
14.217  657.0  880.0  49.0
14.235  604.0  843.0  49.0
14.272  485.0  753.0  49.0
14.291  427.0  707.0  52.0
14.291  427.0  707.0  52.0
14.31  367.0  656.0  53.0
14.328  311.0  607.0  51.0
14.347  256.0  551.0  53.0
14.347  256.0  551.0  53.0
14.366  208.0  490.0  52.0
14.385  162.0  429.0  50.0
14.403  123.0  368.0  52.0
14.441  57.0  276.0  48.0
14.441  57.0  276.0  48.0
14.459  33.0  249.0  51.0
14.478  15.0  230.0  51.0
14.497  5.0  225.0  51.0
14.516  2.0  227.0  53.0
14.516  2.0  227.0  53.0
14.534  2.0  233.0  52.0
14.554  1.0  242.0  54.0
14.572  1.0  254.0  55.0
14.59  17.0  276.0  54.0
14.609  42.0  300.0  53.0
14.628  75.0  328.0  54.0
14.647  112.0  352.0  53.0
14.665  154.0  376.0  53.0
14.665  154.0  376.0  53.0
14.685  197.0  399.0  52.0
14.703  246.0  428.0  54.0
14.722  300.0  463.0  54.0
14.74  358.0  513.0  53.0
14.759  417.0  571.0  52.0
14.759  417.0  571.0  52.0
14.796  540.0  705.0  53.0
14.816  595.0  770.0  54.0
14.834  646.0  830.0  54.0
14.834  646.0  830.0  54.0
14.853  690.0  890.0  53.0
14.871  727.0  943.0  54.0
14.891  759.0  985.0  54.0
14.911  779.0  1008.0  55.0
14.911  779.0  1008.0  55.0
14.931  792.0  1019.0  56.0
14.953  793.0  1020.0  56.0
14.973  793.0  1015.0  56.0
14.993  784.0  998.0  56.0
14.993  784.0  998.0  56.0
15.011  751.0  992.0  57.0
15.031  711.0  974.0  56.0
15.068  614.0  897.0  57.0
15.087  560.0  833.0  57.0
15.087  560.0  833.0  57.0
15.106  497.0  758.0  57.0
15.124  436.0  681.0  57.0
15.142  376.0  609.0  57.0
15.162  320.0  543.0  56.0
15.162  320.0  543.0  56.0
15.199  217.0  439.0  56.0
15.218  168.0  399.0  57.0
15.237  125.0  366.0  56.0
15.237  125.0  366.0  56.0
15.255  86.0  338.0  57.0
15.273  58.0  319.0  57.0
15.293  35.0  306.0  58.0
15.311  16.0  295.0  57.0
15.311  16.0  295.0  57.0
15.33  5.0  288.0  58.0
15.368  2.0  269.0  58.0
15.386  1.0  252.0  57.0
15.405  1.0  233.0  57.0
15.405  1.0  233.0  57.0
15.424  15.0  225.0  58.0
15.442  40.0  229.0  57.0
15.461  71.0  251.0  58.0
15.479  107.0  283.0  58.0
15.479  107.0  283.0  58.0
15.499  146.0  326.0  59.0
15.517  192.0  377.0  58.0
15.555  295.0  492.0  58.0
15.555  295.0  492.0  58.0
15.574  352.0  562.0  58.0
15.592  412.0  630.0  58.0
15.61  474.0  698.0  58.0
15.63  535.0  761.0  59.0
15.63  535.0  761.0  59.0
15.648  590.0  810.0  58.0
15.686  688.0  877.0  58.0
15.705  726.0  898.0  58.0
15.705  726.0  898.0  58.0
15.723  758.0  917.0  57.0
15.742  778.0  940.0  57.0
15.763  790.0  956.0  57.0
15.782  793.0  966.0  58.0
15.782  793.0  966.0  58.0
15.802  793.0  971.0  57.0
15.822  793.0  969.0  57.0
15.841  765.0  951.0  57.0
15.859  729.0  925.0  57.0
15.859  729.0  925.0  57.0
15.878  686.0  899.0  57.0
15.916  579.0  825.0  56.0
15.934  518.0  782.0  57.0
15.953  455.0  738.0  56.0
15.953  455.0  738.0  56.0
15.972  396.0  687.0  56.0
15.99  337.0  636.0  56.0
16.009  281.0  581.0  56.0
16.028  231.0  518.0  55.0
16.028  231.0  518.0  55.0
16.047  181.0  452.0  55.0
16.084  98.0  331.0  55.0
16.103  71.0  287.0  54.0
16.121  43.0  254.0  54.0
16.121  43.0  254.0  54.0
16.14  22.0  233.0  54.0
16.159  8.0  223.0  54.0
16.178  2.0  225.0  54.0
16.196  1.0  232.0  54.0
16.196  1.0  232.0  54.0
16.216  1.0  239.0  53.0
16.234  0.0  252.0  54.0
16.271  30.0  293.0  54.0
16.29  59.0  321.0  54.0
16.29  59.0  321.0  54.0
16.309  93.0  344.0  53.0
16.327  134.0  364.0  53.0
16.347  178.0  386.0  53.0
16.347  178.0  386.0  53.0
16.365  226.0  411.0  52.0
16.384  281.0  445.0  51.0
16.402  336.0  492.0  51.0
16.44  457.0  612.0  51.0
16.458  519.0  681.0  51.0
16.458  519.0  681.0  51.0
16.477  573.0  747.0  51.0
16.496  626.0  809.0  52.0
16.515  673.0  871.0  52.0
16.515  673.0  871.0  52.0
16.533  714.0  927.0  52.0
16.552  745.0  971.0  52.0
16.572  771.0  998.0  52.0
16.592  788.0  1018.0  51.0
16.614  793.0  1023.0  51.0
16.614  793.0  1023.0  51.0
16.634  793.0  1021.0  51.0
16.655  793.0  1014.0  50.0
16.674  769.0  1000.0  51.0
16.694  729.0  978.0  50.0
16.694  729.0  978.0  50.0
16.731  634.0  917.0  50.0
16.75  580.0  866.0  49.0
16.769  520.0  798.0  49.0
16.787  458.0  723.0  49.0
16.787  458.0  723.0  49.0
16.805  397.0  645.0  50.0
16.825  339.0  572.0  48.0
16.843  284.0  509.0  48.0
16.862  234.0  456.0  47.0
16.862  234.0  456.0  47.0
16.9  142.0  371.0  48.0
16.918  103.0  342.0  48.0
16.936  71.0  319.0  47.0
16.936  71.0  319.0  47.0
16.956  44.0  302.0  47.0
16.974  24.0  293.0  47.0
16.993  10.0  287.0  47.0
17.012  3.0  283.0  47.0
17.012  3.0  283.0  47.0
17.031  1.0  280.0  46.0
17.049  1.0  268.0  45.0
17.087  7.0  238.0  45.0
17.105  30.0  236.0  44.0
17.105  30.0  236.0  44.0
17.124  58.0  244.0  44.0
17.142  91.0  269.0  44.0
17.162  129.0  303.0  44.0
17.18  173.0  349.0  44.0
17.18  173.0  349.0  44.0
17.199  218.0  402.0  45.0
17.218  271.0  461.0  45.0
17.255  388.0  595.0  46.0
17.273  448.0  665.0  46.0
17.273  448.0  665.0  46.0
17.293  509.0  731.0  46.0
17.311  565.0  790.0  45.0
17.33  616.0  836.0  44.0
17.349  664.0  872.0  43.0
17.349  664.0  872.0  43.0
17.368  706.0  899.0  43.0
17.386  742.0  917.0  43.0
17.405  770.0  941.0  43.0
17.426  787.0  959.0  43.0
17.426  787.0  959.0  43.0
17.445  793.0  968.0  43.0
17.485  793.0  972.0  41.0
17.505  776.0  959.0  41.0
17.523  743.0  933.0  40.0
17.523  743.0  933.0  40.0
17.542  701.0  898.0  40.0
17.561  653.0  862.0  39.0
17.58  600.0  824.0  39.0
17.598  543.0  781.0  39.0
17.598  543.0  781.0  39.0
17.617  479.0  733.0  39.0
17.636  419.0  688.0  39.0
17.673  305.0  598.0  39.0
17.673  305.0  598.0  39.0
17.692  252.0  552.0  40.0
17.711  202.0  498.0  39.0
17.729  155.0  439.0  39.0
17.748  112.0  379.0  38.0
17.748  112.0  379.0  38.0
17.767  77.0  325.0  38.0
17.785  53.0  277.0  38.0
17.804  30.0  242.0  38.0
17.842  4.0  210.0  37.0
17.842  4.0  210.0  37.0
17.86  2.0  213.0  37.0
17.88  1.0  221.0  37.0
17.898  0.0  229.0  36.0
17.916  2.0  243.0  36.0
17.916  2.0  243.0  36.0
17.935  22.0  270.0  36.0
17.954  48.0  302.0  36.0
17.973  78.0  334.0  36.0
17.991  115.0  369.0  36.0
17.991  115.0  369.0  36.0
18.029  203.0  424.0  35.0
18.048  252.0  452.0  35.0
18.066  306.0  483.0  34.0
18.085  369.0  526.0  34.0
18.085  369.0  526.0  34.0
18.104  428.0  580.0  34.0
18.122  489.0  638.0  34.0
18.141  547.0  700.0  33.0
18.16  601.0  765.0  33.0
18.16  601.0  765.0  33.0
18.197  696.0  883.0  35.0
18.216  734.0  935.0  35.0
18.235  764.0  981.0  35.0
18.255  781.0  1005.0  35.0
18.255  781.0  1005.0  35.0
18.277  793.0  1014.0  34.0
18.297  793.0  1008.0  34.0
18.318  793.0  1002.0  34.0
18.337  781.0  985.0  34.0
18.337  781.0  985.0  34.0
18.357  750.0  978.0  34.0
18.375  709.0  962.0  34.0
18.394  662.0  934.0  34.0
18.413  608.0  894.0  35.0
18.413  608.0  894.0  35.0
18.432  552.0  841.0  34.0
18.45  490.0  771.0  34.0
18.488  371.0  620.0  34.0
18.488  371.0  620.0  34.0
18.506  314.0  547.0  33.0
18.525  258.0  482.0  33.0
18.544  207.0  429.0  32.0
18.563  160.0  384.0  33.0
18.563  160.0  384.0  33.0
18.581  120.0  348.0  33.0
18.599  85.0  322.0  33.0
18.619  54.0  301.0  33.0
18.656  15.0  281.0  33.0
18.656  15.0  281.0  33.0
18.674  5.0  280.0  32.0
18.694  2.0  279.0  32.0
18.712  1.0  279.0  31.0
18.731  1.0  268.0  33.0
18.731  1.0  268.0  33.0
18.75  1.0  253.0  34.0
18.768  17.0  246.0  34.0
18.787  43.0  247.0  33.0
18.825  111.0  284.0  34.0
18.825  111.0  284.0  34.0
18.843  152.0  323.0  34.0
18.862  199.0  370.0  34.0
18.881  249.0  428.0  34.0
18.899  303.0  489.0  35.0
18.899  303.0  489.0  35.0
18.918  366.0  558.0  34.0
18.936  426.0  629.0  34.0
18.956  487.0  702.0  34.0
18.974  546.0  767.0  33.0
18.974  546.0  767.0  33.0
19.012  651.0  871.0  34.0
19.031  693.0  903.0  34.0
19.049  730.0  926.0  34.0
19.067  762.0  940.0  34.0
19.067  762.0  940.0  34.0
19.088  782.0  957.0  36.0
19.107  792.0  969.0  36.0
19.127  793.0  973.0  37.0
19.127  793.0  973.0  37.0
19.147  793.0  974.0  36.0
19.185  756.0  943.0  35.0
19.204  717.0  912.0  36.0
19.223  672.0  877.0  35.0
19.223  672.0  877.0  35.0
19.241  619.0  840.0  35.0
19.26  562.0  799.0  36.0
19.279  501.0  752.0  38.0
19.298  439.0  706.0  39.0
19.298  439.0  706.0  39.0
19.316  379.0  662.0  39.0
19.335  323.0  615.0  40.0
19.373  218.0  516.0  38.0
19.391  170.0  456.0  38.0
19.391  170.0  456.0  38.0
19.41  128.0  398.0  38.0
19.429  90.0  339.0  38.0
19.447  60.0  289.0  38.0
19.466  36.0  251.0  38.0
19.466  36.0  251.0  38.0
19.485  19.0  227.0  37.0
19.504  7.0  213.0  38.0
19.522  2.0  212.0  38.0
19.542  1.0  219.0  37.0
19.542  1.0  219.0  37.0
19.578  0.0  237.0  38.0
19.597  13.0  262.0  38.0
19.616  38.0  292.0  37.0
19.635  68.0  323.0  37.0
19.635  68.0  323.0  37.0
19.653  105.0  359.0  37.0
19.672  144.0  389.0  36.0
19.691  191.0  416.0  36.0
19.691  191.0  416.0  36.0
19.728  295.0  475.0  36.0
19.747  356.0  516.0  36.0
19.766  415.0  567.0  36.0
19.784  473.0  623.0  36.0
19.784  473.0  623.0  36.0
19.803  533.0  685.0  36.0
19.822  586.0  749.0  35.0
19.841  638.0  811.0  36.0
19.841  638.0  811.0  36.0
19.859  684.0  868.0  37.0
19.897  756.0  971.0  38.0
19.916  777.0  998.0  38.0
19.937  791.0  1016.0  37.0
19.937  791.0  1016.0  37.0
19.958  793.0  1017.0  38.0
19.979  793.0  1009.0  38.0
19.998  791.0  996.0  39.0
20.018  759.0  991.0  39.0
20.018  759.0  991.0  39.0
20.036  719.0  975.0  38.0
20.055  673.0  947.0  39.0
20.074  621.0  906.0  38.0
20.111  505.0  775.0  37.0
20.111  505.0  775.0  37.0
20.129  445.0  700.0  37.0
20.149  386.0  623.0  36.0
20.167  329.0  553.0  36.0
20.186  273.0  494.0  36.0
20.186  273.0  494.0  36.0
20.204  221.0  444.0  36.0
20.224  173.0  402.0  36.0
20.242  132.0  369.0  36.0
20.26  96.0  340.0  36.0
20.26  96.0  340.0  36.0
20.298  37.0  303.0  36.0
20.317  19.0  296.0  37.0
20.335  7.0  288.0  37.0
20.335  7.0  288.0  37.0
20.355  2.0  285.0  38.0
20.373  2.0  275.0  37.0
20.391  1.0  259.0  37.0
20.411  0.0  241.0  38.0
20.411  0.0  241.0  38.0
20.429  12.0  229.0  37.0
20.466  66.0  248.0  37.0
20.486  104.0  279.0  36.0
20.504  144.0  319.0  37.0
20.504  144.0  319.0  37.0
20.523  189.0  368.0  36.0
20.542  236.0  424.0  36.0
20.56  292.0  484.0  36.0
20.579  349.0  552.0  37.0
20.579  349.0  552.0  37.0
20.597  409.0  623.0  36.0
20.635  530.0  754.0  37.0
20.654  585.0  808.0  37.0
20.673  637.0  848.0  36.0
20.673  637.0  848.0  36.0
20.691  684.0  879.0  36.0
20.71  723.0  904.0  36.0
20.728  756.0  921.0  36.0
20.728  756.0  921.0  36.0
20.749  778.0  943.0  35.0
20.768  791.0  958.0  35.0
20.788  793.0  965.0  36.0
20.828  793.0  969.0  35.0
20.828  793.0  969.0  35.0
20.846  767.0  949.0  36.0
20.865  730.0  923.0  36.0
20.884  685.0  893.0  36.0
20.902  636.0  861.0  36.0
20.902  636.0  861.0  36.0
20.921  583.0  823.0  36.0
20.94  524.0  780.0  37.0
20.959  460.0  736.0  37.0
20.977  403.0  690.0  37.0
20.977  403.0  690.0  37.0
21.015  285.0  589.0  37.0
21.033  234.0  529.0  38.0
21.052  185.0  463.0  36.0
21.07  142.0  401.0  36.0
21.07  142.0  401.0  36.0
21.09  101.0  339.0  36.0
21.108  71.0  291.0  36.0
21.127  44.0  256.0  36.0
21.146  24.0  234.0  37.0
21.146  24.0  234.0  37.0
21.183  3.0  221.0  36.0
21.201  1.0  227.0  36.0
21.221  1.0  234.0  37.0
21.221  1.0  234.0  37.0
21.239  0.0  247.0  37.0
21.258  6.0  265.0  37.0
21.277  29.0  289.0  37.0
21.296  57.0  317.0  37.0
21.296  57.0  317.0  37.0
21.314  88.0  342.0  37.0
21.352  171.0  385.0  37.0
21.37  216.0  408.0  37.0
21.389  268.0  440.0  36.0
21.389  268.0  440.0  36.0
21.408  324.0  483.0  36.0
21.427  386.0  538.0  36.0
21.445  444.0  598.0  36.0
21.464  506.0  666.0  36.0
21.464  506.0  666.0  36.0
21.483  563.0  732.0  37.0
21.52  665.0  856.0  37.0
21.52  665.0  856.0  37.0
21.558  743.0  964.0  37.0
21.558  743.0  964.0  37.0
21.577  770.0  993.0  37.0
21.598  786.0  1014.0  37.0
21.619  793.0  1020.0  37.0
21.619  793.0  1020.0  37.0
21.64  793.0  1017.0  37.0
21.66  793.0  1009.0  37.0
21.681  774.0  988.0  37.0
21.699  738.0  979.0  37.0
21.718  695.0  958.0  38.0
21.718  695.0  958.0  38.0
21.737  645.0  924.0  37.0
21.755  591.0  878.0  37.0
21.774  533.0  815.0  37.0
21.792  469.0  742.0  37.0
21.792  469.0  742.0  37.0
21.83  351.0  589.0  36.0
21.849  293.0  518.0  36.0
21.867  242.0  462.0  36.0
21.867  242.0  462.0  36.0
21.886  191.0  413.0  37.0
21.905  147.0  373.0  36.0
21.923  106.0  343.0  36.0
21.943  75.0  321.0  36.0
21.943  75.0  321.0  36.0
21.98  29.0  291.0  37.0
21.998  11.0  286.0  38.0
22.018  3.0  282.0  38.0
22.036  1.0  282.0  37.0
22.036  1.0  282.0  37.0
22.054  1.0  274.0  37.0
22.074  0.0  257.0  37.0
22.092  2.0  242.0  37.0
22.129  49.0  240.0  37.0
22.129  49.0  240.0  37.0
22.149  79.0  259.0  37.0
22.167  116.0  292.0  37.0
22.185  160.0  335.0  36.0
22.185  160.0  335.0  36.0
22.205  205.0  386.0  37.0
22.223  258.0  444.0  38.0
22.242  311.0  506.0  37.0
22.26  372.0  574.0  37.0
22.26  372.0  574.0  37.0
22.298  490.0  711.0  37.0
22.317  547.0  772.0  38.0
22.336  600.0  825.0  38.0
22.354  651.0  863.0  38.0
22.354  651.0  863.0  38.0
22.373  695.0  892.0  37.0
22.391  733.0  913.0  38.0
22.411  761.0  928.0  37.0
22.411  761.0  928.0  37.0
22.43  780.0  947.0  37.0
22.47  793.0  966.0  37.0
22.49  793.0  970.0  37.0
22.509  791.0  965.0  37.0
22.509  791.0  965.0  37.0
22.528  757.0  943.0  38.0
22.547  717.0  912.0  37.0
22.565  673.0  882.0  37.0
22.584  620.0  848.0  38.0
22.584  620.0  848.0  38.0
22.603  564.0  807.0  38.0
22.622  506.0  763.0  38.0
22.659  385.0  674.0  38.0
22.678  328.0  625.0  38.0
22.678  328.0  625.0  38.0
22.696  273.0  574.0  37.0
22.715  222.0  515.0  38.0
22.733  173.0  451.0  38.0
22.753  132.0  390.0  38.0
22.753  132.0  390.0  38.0
22.771  94.0  332.0  37.0
22.79  69.0  285.0  37.0
22.809  41.0  251.0  37.0
22.828  20.0  230.0  38.0
22.846  7.0  219.0  38.0
22.864  1.0  220.0  38.0
22.884  1.0  227.0  38.0
22.902  1.0  235.0  38.0
22.902  1.0  235.0  38.0
22.921  0.0  247.0  38.0
22.94  9.0  268.0  38.0
22.959  35.0  295.0  38.0
22.977  63.0  324.0  39.0
22.977  63.0  324.0  39.0
23.015  138.0  373.0  38.0
23.033  185.0  397.0  38.0
23.052  231.0  422.0  38.0
23.071  286.0  455.0  38.0
23.071  286.0  455.0  38.0
23.09  343.0  499.0  38.0
23.108  401.0  554.0  38.0
23.127  460.0  613.0  38.0
23.146  521.0  680.0  38.0
23.146  521.0  680.0  38.0
23.183  629.0  810.0  38.0
23.202  679.0  871.0  38.0
23.221  720.0  928.0  39.0
23.239  751.0  973.0  39.0
23.239  751.0  973.0  39.0
23.26  774.0  1000.0  39.0
23.281  790.0  1013.0  39.0
23.302  793.0  1015.0  38.0
23.322  793.0  1008.0  38.0
23.322  793.0  1008.0  38.0
23.343  793.0  997.0  38.0
23.361  761.0  992.0  37.0
23.379  725.0  980.0  38.0
23.379  725.0  980.0  38.0
23.398  681.0  952.0  38.0
23.436  576.0  856.0  38.0
23.454  518.0  787.0  37.0
23.474  457.0  712.0  38.0
23.474  457.0  712.0  38.0
23.492  396.0  634.0  37.0
23.511  335.0  561.0  37.0
23.529  280.0  503.0  37.0
23.548  229.0  451.0  37.0
23.548  229.0  451.0  37.0
23.567  180.0  407.0  37.0
23.585  139.0  374.0  38.0
23.605  100.0  344.0  38.0
23.642  39.0  307.0  38.0
23.642  39.0  307.0  38.0
23.66  21.0  297.0  38.0
23.68  8.0  290.0  38.0
23.698  2.0  286.0  39.0
23.716  1.0  276.0  38.0
23.716  1.0  276.0  38.0
23.736  1.0  259.0  38.0
23.754  0.0  240.0  38.0
23.791  32.0  227.0  37.0
23.811  60.0  242.0  38.0
23.811  60.0  242.0  38.0
23.829  93.0  271.0  37.0
23.847  133.0  308.0  38.0
23.866  180.0  360.0  38.0
23.866  180.0  360.0  38.0
23.885  226.0  415.0  38.0
23.904  278.0  474.0  38.0
23.922  335.0  540.0  38.0
23.942  397.0  612.0  38.0
23.942  397.0  612.0  38.0
23.96  456.0  679.0  38.0
23.997  574.0  798.0  38.0
24.016  628.0  840.0  38.0
24.035  677.0  873.0  38.0
24.035  677.0  873.0  38.0
24.053  718.0  898.0  38.0
24.092  775.0  939.0  38.0
24.112  789.0  956.0  38.0
24.112  789.0  956.0  38.0
24.131  793.0  963.0  38.0
24.152  793.0  968.0  37.0
24.171  793.0  970.0  37.0
24.19  772.0  956.0  37.0
24.19  772.0  956.0  37.0
24.21  736.0  927.0  37.0
24.228  693.0  893.0  37.0
24.247  643.0  859.0  38.0
24.266  591.0  822.0  38.0
24.266  591.0  822.0  38.0
24.285  534.0  780.0  38.0
24.322  408.0  688.0  37.0
24.341  348.0  641.0  38.0
24.359  292.0  591.0  38.0
24.359  292.0  591.0  38.0
24.378  239.0  540.0  38.0
24.396  189.0  479.0  37.0
24.416  145.0  419.0  38.0
24.416  145.0  419.0  38.0
24.434  104.0  359.0  37.0
24.453  74.0  308.0  37.0
24.472  49.0  263.0  37.0
24.509  10.0  219.0  37.0
24.509  10.0  219.0  37.0
24.527  3.0  213.0  37.0
24.547  2.0  219.0  37.0
24.565  1.0  227.0  38.0
24.584  0.0  236.0  38.0
24.584  0.0  236.0  38.0
24.603  3.0  253.0  38.0
24.622  26.0  281.0  38.0
24.64  54.0  311.0  38.0
24.678  128.0  374.0  38.0
24.678  128.0  374.0  38.0
24.696  174.0  402.0  38.0
24.715  221.0  428.0  38.0
24.734  274.0  456.0  38.0
24.753  329.0  493.0  37.0
24.753  329.0  493.0  37.0
24.771  392.0  544.0  37.0
24.79  451.0  601.0  37.0
24.809  512.0  664.0  37.0
24.846  622.0  794.0  38.0
24.846  622.0  794.0  38.0
24.865  672.0  853.0  37.0
24.884  712.0  910.0  38.0
24.902  745.0  959.0  37.0
24.922  770.0  989.0  38.0
24.922  770.0  989.0  38.0
24.943  787.0  1011.0  37.0
24.964  793.0  1016.0  38.0
24.984  793.0  1009.0  37.0
24.984  793.0  1009.0  37.0
25.006  793.0  1002.0  38.0
25.024  769.0  988.0  38.0
25.042  733.0  978.0  38.0
25.061  688.0  955.0  38.0
25.061  688.0  955.0  38.0
25.099  584.0  871.0  37.0
25.099  584.0  871.0  37.0
25.137  462.0  732.0  37.0
25.155  400.0  654.0  36.0
25.155  400.0  654.0  36.0
25.174  342.0  579.0  36.0
25.192  286.0  511.0  35.0
25.211  234.0  457.0  37.0
25.23  185.0  408.0  36.0
25.248  144.0  370.0  37.0
25.248  144.0  370.0  37.0
25.268  104.0  341.0  37.0
25.305  45.0  298.0  37.0
25.323  24.0  290.0  37.0
25.323  24.0  290.0  37.0
25.342  10.0  284.0  38.0
25.361  2.0  280.0  37.0
25.379  1.0  280.0  37.0
25.399  1.0  270.0  37.0
25.399  1.0  270.0  37.0
25.417  1.0  254.0  38.0
25.436  7.0  242.0  37.0
25.454  30.0  239.0  37.0
25.492  91.0  270.0  37.0
25.492  91.0  270.0  37.0
25.51  131.0  305.0  38.0
25.529  175.0  350.0  37.0
25.548  219.0  401.0  38.0
25.567  272.0  459.0  38.0
25.567  272.0  459.0  38.0
25.585  325.0  521.0  38.0
25.623  445.0  660.0  37.0
25.623  445.0  660.0  37.0
25.623  445.0  660.0  37.0
25.66  563.0  787.0  32.0
25.679  617.0  837.0  31.0
25.698  666.0  874.0  29.0
25.716  706.0  901.0  30.0
25.736  742.0  921.0  29.0
25.736  742.0  921.0  29.0
25.755  770.0  944.0  29.0
25.775  787.0  961.0  29.0
25.794  793.0  970.0  29.0
25.794  793.0  970.0  29.0
25.834  793.0  974.0  32.0
25.853  775.0  960.0  32.0
25.873  741.0  931.0  32.0
25.873  741.0  931.0  32.0
25.891  699.0  896.0  31.0
25.91  652.0  859.0  30.0
25.928  600.0  822.0  32.0
25.948  544.0  781.0  33.0
25.948  544.0  781.0  33.0
25.966  479.0  732.0  32.0
26.004  360.0  642.0  32.0
26.022  305.0  595.0  30.0
26.041  249.0  547.0  30.0
26.041  249.0  547.0  30.0
26.059  199.0  496.0  30.0
26.079  153.0  439.0  32.0
26.097  112.0  380.0  33.0
26.116  77.0  327.0  32.0
26.116  77.0  327.0  32.0
26.135  52.0  280.0  31.0
26.172  12.0  220.0  31.0
26.19  4.0  210.0  30.0
26.21  1.0  211.0  29.0
26.21  1.0  211.0  29.0
26.228  1.0  220.0  30.0
26.247  0.0  228.0  29.0
26.266  1.0  240.0  30.0
26.285  22.0  268.0  31.0
26.285  22.0  268.0  31.0
26.303  47.0  301.0  31.0
26.341  117.0  369.0  31.0
26.359  160.0  400.0  32.0
26.359  160.0  400.0  32.0
26.378  203.0  425.0  32.0
26.397  253.0  454.0  31.0
26.416  306.0  485.0  30.0
26.434  367.0  526.0  31.0
26.434  367.0  526.0  31.0
26.452  426.0  578.0  31.0
26.472  486.0  637.0  30.0
26.509  602.0  766.0  31.0
26.527  654.0  828.0  31.0
26.527  654.0  828.0  31.0
26.547  698.0  884.0  30.0
26.565  734.0  936.0  31.0
26.584  763.0  980.0  32.0
26.605  781.0  1005.0  32.0
26.605  781.0  1005.0  32.0
26.626  793.0  1012.0  33.0
26.646  793.0  1009.0  32.0
26.668  793.0  1003.0  32.0
26.668  793.0  1003.0  32.0
26.687  780.0  986.0  31.0
26.705  748.0  977.0  32.0
26.724  706.0  961.0  31.0
26.762  607.0  893.0  32.0
26.762  607.0  893.0  32.0
26.78  552.0  840.0  31.0
26.8  487.0  769.0  29.0
26.818  429.0  694.0  30.0
26.818  429.0  694.0  30.0
26.836  367.0  617.0  29.0
26.855  310.0  543.0  29.0
26.874  253.0  478.0  29.0
26.893  204.0  426.0  28.0
26.931  119.0  347.0  28.0
26.931  119.0  347.0  28.0
26.949  83.0  321.0  28.0
26.968  53.0  300.0  28.0
26.986  30.0  287.0  28.0
27.005  14.0  281.0  29.0
27.005  14.0  281.0  29.0
27.024  4.0  279.0  29.0
27.042  2.0  278.0  30.0
27.062  1.0  278.0  30.0
27.062  1.0  278.0  30.0
27.099  1.0  251.0  30.0
27.117  17.0  245.0  29.0
27.137  44.0  246.0  30.0
27.155  75.0  258.0  29.0
27.155  75.0  258.0  29.0
27.173  114.0  287.0  29.0
27.192  157.0  328.0  29.0
27.211  202.0  374.0  30.0
27.23  251.0  432.0  30.0
27.23  251.0  432.0  30.0
27.268  366.0  561.0  29.0
27.286  425.0  631.0  29.0
27.304  489.0  704.0  30.0
27.323  550.0  770.0  30.0
27.323  550.0  770.0  30.0
27.342  605.0  829.0  30.0
27.361  655.0  873.0  30.0
27.379  697.0  904.0  30.0
27.399  733.0  926.0  30.0
27.399  733.0  926.0  30.0
27.417  764.0  939.0  30.0
27.437  782.0  956.0  30.0
27.456  792.0  966.0  30.0
27.456  792.0  966.0  30.0
27.496  793.0  973.0  30.0
27.515  787.0  964.0  30.0
27.535  754.0  940.0  30.0
27.553  713.0  909.0  30.0
27.553  713.0  909.0  30.0
27.572  669.0  875.0  30.0
27.59  617.0  839.0  31.0
27.61  559.0  797.0  30.0
27.646  434.0  703.0  30.0
27.646  434.0  703.0  30.0
27.666  372.0  658.0  30.0
27.684  315.0  609.0  30.0
27.703  261.0  560.0  31.0
27.721  213.0  508.0  31.0
27.721  213.0  508.0  31.0
27.741  165.0  449.0  31.0
27.759  124.0  389.0  31.0
27.778  85.0  332.0  30.0
27.815  35.0  247.0  30.0
27.815  35.0  247.0  30.0
27.834  16.0  224.0  30.0
27.852  5.0  212.0  30.0
27.872  1.0  212.0  30.0
27.872  1.0  212.0  30.0
27.89  1.0  220.0  30.0
27.909  0.0  228.0  30.0
27.928  0.0  239.0  31.0
27.947  16.0  265.0  31.0
27.947  16.0  265.0  31.0
27.983  74.0  329.0  31.0
28.003  112.0  365.0  31.0
28.021  153.0  395.0  31.0
28.04  200.0  421.0  31.0
28.04  200.0  421.0  31.0
28.058  252.0  451.0  30.0
28.078  304.0  482.0  30.0
28.096  364.0  523.0  30.0
28.114  424.0  576.0  30.0
28.114  424.0  576.0  30.0
28.134  485.0  635.0  31.0
28.171  597.0  763.0  30.0
28.189  650.0  825.0  31.0
28.189  650.0  825.0  31.0
28.209  694.0  880.0  31.0
28.227  731.0  933.0  31.0
28.246  760.0  978.0  31.0
28.267  779.0  1003.0  31.0
28.288  792.0  1013.0  31.0
28.288  792.0  1013.0  31.0
28.308  793.0  1009.0  31.0
28.329  793.0  1002.0  31.0
28.349  780.0  986.0  31.0
28.349  780.0  986.0  31.0
28.367  748.0  977.0  31.0
28.386  705.0  962.0  31.0
28.405  660.0  933.0  31.0
28.442  550.0  838.0  31.0
28.442  550.0  838.0  31.0
28.462  486.0  767.0  30.0
28.48  427.0  692.0  31.0
28.498  366.0  615.0  30.0
28.517  309.0  542.0  30.0
28.517  309.0  542.0  30.0
28.536  256.0  481.0  30.0
28.555  209.0  429.0  30.0
28.573  162.0  384.0  30.0
28.611  83.0  321.0  31.0
28.611  83.0  321.0  31.0
28.63  52.0  301.0  30.0
28.648  30.0  287.0  30.0
28.667  15.0  281.0  30.0
28.686  5.0  279.0  30.0
28.686  5.0  279.0  30.0
28.704  2.0  278.0  31.0
28.723  1.0  277.0  30.0
28.742  0.0  265.0  30.0
28.779  21.0  246.0  30.0
28.779  21.0  246.0  30.0
28.798  48.0  249.0  30.0
28.817  80.0  262.0  30.0
28.835  118.0  293.0  30.0
28.835  118.0  293.0  30.0
28.854  160.0  333.0  29.0
28.873  207.0  380.0  30.0
28.892  258.0  440.0  30.0
28.91  312.0  501.0  30.0
28.91  312.0  501.0  30.0
28.948  435.0  640.0  31.0
28.966  498.0  712.0  31.0
28.985  555.0  775.0  31.0
29.004  609.0  835.0  31.0
29.004  609.0  835.0  31.0
29.023  660.0  879.0  31.0
29.041  703.0  911.0  33.0
29.061  739.0  931.0  34.0
29.079  766.0  943.0  34.0
29.079  766.0  943.0  34.0
29.118  793.0  969.0  34.0
29.138  793.0  972.0  36.0
29.158  793.0  974.0  37.0
29.177  780.0  961.0  38.0
29.177  780.0  961.0  38.0
29.197  749.0  936.0  38.0
29.215  708.0  903.0  38.0
29.234  662.0  869.0  38.0
29.234  662.0  869.0  38.0
29.252  608.0  831.0  39.0
29.272  550.0  789.0  40.0
29.29  488.0  742.0  40.0
29.328  367.0  651.0  41.0
29.328  367.0  651.0  41.0
29.346  311.0  604.0  41.0
29.365  256.0  556.0  42.0
29.383  206.0  503.0  42.0
29.403  158.0  444.0  42.0
29.403  158.0  444.0  42.0
29.421  118.0  384.0  43.0
29.44  83.0  328.0  44.0
29.459  55.0  279.0  44.0
29.459  55.0  279.0  44.0
29.496  13.0  222.0  45.0
29.514  3.0  210.0  45.0
29.534  1.0  212.0  47.0
29.552  1.0  220.0  48.0
29.552  1.0  220.0  48.0
29.571  0.0  229.0  49.0
29.589  1.0  240.0  49.0
29.608  20.0  268.0  50.0
29.645  75.0  331.0  52.0
29.645  75.0  331.0  52.0
29.665  112.0  366.0  51.0
29.683  153.0  395.0  51.0
29.702  200.0  421.0  51.0
29.702  200.0  421.0  51.0
29.72  250.0  448.0  51.0
29.74  302.0  478.0  52.0
29.758  362.0  520.0  52.0
29.776  422.0  573.0  51.0
29.776  422.0  573.0  51.0
29.814  545.0  698.0  52.0
29.833  598.0  763.0  53.0
29.851  650.0  826.0  52.0
29.871  694.0  880.0  53.0
29.871  694.0  880.0  53.0
29.889  730.0  933.0  54.0
29.907  759.0  979.0  54.0
29.929  780.0  1005.0  53.0
29.949  792.0  1015.0  54.0
29.949  792.0  1015.0  54.0
29.97  793.0  1009.0  54.0
29.991  793.0  1004.0  54.0
30.011  784.0  987.0  53.0
30.011  784.0  987.0  53.0
30.048  710.0  966.0  54.0
30.067  666.0  938.0  53.0
30.086  611.0  897.0  54.0
30.104  555.0  843.0  54.0
30.104  555.0  843.0  54.0
30.124  491.0  771.0  54.0
30.142  430.0  695.0  55.0
30.16  367.0  616.0  54.0
30.179  312.0  545.0  54.0
30.179  312.0  545.0  54.0
30.198  259.0  483.0  54.0
30.235  163.0  386.0  53.0
30.254  123.0  351.0  54.0
30.273  86.0  325.0  54.0
30.273  86.0  325.0  54.0
30.291  55.0  304.0  55.0
30.31  34.0  291.0  55.0
30.329  17.0  285.0  55.0
30.348  6.0  282.0  55.0
30.348  6.0  282.0  55.0
30.366  2.0  280.0  56.0
30.404  0.0  265.0  55.0
30.423  0.0  249.0  55.0
30.423  0.0  249.0  55.0
30.441  16.0  242.0  55.0
30.46  41.0  242.0  54.0
30.479  69.0  253.0  54.0
30.497  107.0  281.0  54.0
30.497  107.0  281.0  54.0
30.535  193.0  367.0  55.0
30.554  239.0  424.0  55.0
30.572  294.0  483.0  55.0
30.592  352.0  549.0  55.0
30.592  352.0  549.0  55.0
30.61  414.0  621.0  55.0
30.628  474.0  692.0  55.0
30.647  535.0  755.0  55.0
30.666  588.0  813.0  55.0
30.666  588.0  813.0  55.0
30.685  639.0  857.0  54.0
30.723  723.0  913.0  54.0
30.741  756.0  929.0  54.0
30.741  756.0  929.0  54.0
30.76  778.0  949.0  54.0
30.78  791.0  963.0  54.0
30.8  793.0  968.0  54.0
30.82  793.0  972.0  54.0
30.82  793.0  972.0  54.0
30.839  793.0  968.0  54.0
30.859  763.0  947.0  54.0
30.877  727.0  919.0  55.0
30.896  683.0  887.0  55.0
30.896  683.0  887.0  55.0
30.934  575.0  812.0  55.0
30.952  515.0  767.0  55.0
30.97  451.0  721.0  56.0
30.99  391.0  676.0  56.0
30.99  391.0  676.0  56.0
31.008  335.0  629.0  56.0
31.027  281.0  580.0  56.0
31.045  230.0  526.0  56.0
31.083  137.0  403.0  55.0
31.083  137.0  403.0  55.0
31.101  97.0  344.0  55.0
31.12  69.0  296.0  54.0
31.12  69.0  296.0  54.0
31.139  43.0  255.0  54.0
31.158  22.0  231.0  54.0
31.176  8.0  217.0  54.0
31.196  2.0  215.0  55.0
31.196  2.0  215.0  55.0
31.214  2.0  222.0  55.0
31.251  0.0  241.0  55.0
31.27  7.0  261.0  55.0
31.289  34.0  290.0  55.0
31.289  34.0  290.0  55.0
31.307  64.0  321.0  55.0
31.327  96.0  353.0  55.0
31.345  136.0  378.0  55.0
31.364  184.0  404.0  55.0
31.364  184.0  404.0  55.0
31.382  228.0  429.0  55.0
31.42  338.0  498.0  54.0
31.438  400.0  552.0  54.0
31.458  459.0  610.0  54.0
31.458  459.0  610.0  54.0
31.476  520.0  674.0  54.0
31.495  575.0  740.0  54.0
31.513  628.0  804.0  54.0
31.533  677.0  863.0  55.0
31.533  677.0  863.0  55.0
31.551  718.0  919.0  55.0
31.569  749.0  968.0  55.0
31.59  775.0  997.0  56.0
31.631  793.0  1018.0  56.0
31.631  793.0  1018.0  56.0
31.651  793.0  1012.0  56.0
31.673  793.0  1003.0  55.0
31.691  761.0  987.0  55.0
31.691  761.0  987.0  55.0
31.71  724.0  974.0  55.0
31.729  679.0  949.0  56.0
31.748  627.0  911.0  55.0
31.766  572.0  858.0  55.0
31.766  572.0  858.0  55.0
31.784  513.0  789.0  55.0
31.804  450.0  711.0  55.0
31.841  332.0  565.0  54.0
31.86  276.0  502.0  54.0
31.86  276.0  502.0  54.0
31.879  224.0  449.0  54.0
31.897  176.0  402.0  54.0
31.916  133.0  365.0  54.0
31.935  93.0  333.0  54.0
31.935  93.0  333.0  54.0
31.953  62.0  310.0  55.0
31.972  36.0  292.0  55.0
32.01  7.0  277.0  55.0
32.028  1.0  274.0  55.0
32.028  1.0  274.0  55.0
32.047  1.0  272.0  55.0
32.066  0.0  261.0  55.0
32.084  0.0  247.0  55.0
32.084  0.0  247.0  55.0
32.103  13.0  241.0  55.0
32.122  37.0  243.0  55.0
32.141  65.0  255.0  56.0
32.178  140.0  320.0  56.0
32.178  140.0  320.0  56.0
32.197  188.0  366.0  56.0
32.216  233.0  419.0  56.0
32.234  288.0  477.0  56.0
32.252  347.0  540.0  56.0
32.252  347.0  540.0  56.0
32.272  409.0  610.0  57.0
32.309  531.0  744.0  57.0
32.328  585.0  804.0  58.0
32.328  585.0  804.0  58.0
32.347  637.0  851.0  57.0
32.365  684.0  888.0  57.0
32.384  725.0  916.0  57.0
32.403  758.0  935.0  57.0
32.403  758.0  935.0  57.0
32.422  778.0  955.0  57.0
32.442  791.0  969.0  56.0
32.462  793.0  975.0  56.0
32.462  793.0  975.0  56.0
32.482  793.0  978.0  56.0
32.521  767.0  956.0  55.0
32.539  730.0  928.0  55.0
32.558  685.0  895.0  56.0
32.558  685.0  895.0  56.0
32.576  632.0  857.0  55.0
32.595  579.0  814.0  55.0
32.614  518.0  766.0  55.0
32.632  454.0  719.0  55.0
32.632  454.0  719.0  55.0
32.67  337.0  622.0  55.0
32.689  280.0  572.0  55.0
32.707  228.0  519.0  55.0
32.727  177.0  460.0  55.0
32.727  177.0  460.0  55.0
32.745  134.0  404.0  55.0
32.763  96.0  347.0  55.0
32.782  69.0  300.0  54.0
32.782  69.0  300.0  54.0
32.801  40.0  261.0  54.0
32.82  20.0  237.0  53.0
32.858  2.0  218.0  54.0
32.876  1.0  222.0  55.0
32.876  1.0  222.0  55.0
32.894  1.0  227.0  54.0
32.913  0.0  236.0  54.0
32.932  9.0  256.0  55.0
32.951  34.0  282.0  55.0
32.951  34.0  282.0  55.0
32.969  64.0  313.0  55.0
32.989  100.0  348.0  56.0
33.026  188.0  409.0  55.0
33.044  235.0  440.0  54.0
33.044  235.0  440.0  54.0
33.063  292.0  474.0  54.0
33.082  350.0  517.0  54.0
33.1  412.0  571.0  55.0
33.1  412.0  571.0  55.0
33.12  471.0  629.0  53.0
33.138  533.0  691.0  53.0
33.157  587.0  753.0  54.0
33.195  684.0  865.0  53.0
33.195  684.0  865.0  53.0
33.213  723.0  920.0  53.0
33.231  754.0  965.0  54.0
33.252  778.0  993.0  54.0
33.272  791.0  1011.0  53.0
33.272  791.0  1011.0  53.0
33.293  793.0  1015.0  54.0
33.313  793.0  1013.0  53.0
33.335  792.0  1004.0  53.0
33.335  792.0  1004.0  53.0
33.353  757.0  987.0  53.0
33.391  672.0  937.0  53.0
33.41  619.0  898.0  53.0
33.428  563.0  845.0  53.0
33.428  563.0  845.0  53.0
33.446  500.0  777.0  53.0
33.466  439.0  706.0  53.0
33.484  378.0  632.0  52.0
33.484  378.0  632.0  52.0
33.503  323.0  562.0  52.0
33.522  267.0  498.0  51.0
33.541  218.0  445.0  51.0
33.577  125.0  359.0  50.0
33.577  125.0  359.0  50.0
33.597  88.0  328.0  50.0
33.615  61.0  305.0  49.0
33.634  36.0  288.0  50.0
33.653  17.0  279.0  50.0
33.653  17.0  279.0  50.0
33.672  5.0  273.0  50.0
33.69  1.0  272.0  51.0
33.709  1.0  270.0  51.0
33.746  0.0  249.0  50.0
33.746  0.0  249.0  50.0
33.765  15.0  245.0  50.0
33.784  41.0  249.0  50.0
33.803  69.0  262.0  50.0
33.821  107.0  290.0  50.0
33.821  107.0  290.0  50.0
33.84  147.0  327.0  50.0
33.859  193.0  372.0  50.0
33.878  240.0  426.0  51.0
33.878  240.0  426.0  51.0
33.914  354.0  546.0  51.0
33.934  413.0  613.0  51.0
33.952  471.0  681.0  51.0
33.971  532.0  745.0  51.0
33.971  532.0  745.0  51.0
33.99  585.0  805.0  51.0
34.009  637.0  852.0  51.0
34.027  685.0  888.0  51.0
34.045  725.0  916.0  51.0
34.045  725.0  916.0  51.0
34.065  756.0  935.0  51.0
34.104  791.0  970.0  51.0
34.124  793.0  976.0  51.0
34.144  793.0  978.0  51.0
34.144  793.0  978.0  51.0
34.163  793.0  976.0  51.0
34.182  764.0  954.0  51.0
34.201  726.0  925.0  51.0
34.22  682.0  891.0  51.0
34.22  682.0  891.0  51.0
34.238  630.0  853.0  51.0
34.276  515.0  764.0  52.0
34.294  455.0  718.0  52.0
34.294  455.0  718.0  52.0
34.313  398.0  672.0  52.0
34.332  339.0  624.0  52.0
34.351  280.0  575.0  52.0
34.369  228.0  522.0  52.0
34.369  228.0  522.0  52.0
34.388  179.0  463.0  52.0
34.407  137.0  405.0  52.0
34.425  99.0  349.0  52.0
34.463  41.0  262.0  52.0
34.463  41.0  262.0  52.0
34.482  20.0  239.0  52.0
34.5  8.0  223.0  52.0
34.52  2.0  219.0  52.0
34.538  2.0  223.0  52.0
34.538  2.0  223.0  52.0
34.556  1.0  227.0  52.0
34.575  0.0  236.0  53.0
34.594  8.0  255.0  53.0
34.631  61.0  311.0  53.0
34.631  61.0  311.0  53.0
34.651  94.0  343.0  54.0
34.669  134.0  370.0  53.0
34.688  177.0  399.0  53.0
34.706  222.0  427.0  53.0
34.706  222.0  427.0  53.0
34.725  277.0  460.0  53.0
34.744  333.0  501.0  52.0
34.762  394.0  554.0  52.0
34.8  514.0  674.0  53.0
34.8  514.0  674.0  53.0
34.819  571.0  737.0  53.0
34.837  625.0  798.0  53.0
34.856  674.0  854.0  53.0
34.856  674.0  854.0  53.0
34.875  715.0  911.0  53.0
34.893  747.0  958.0  53.0
34.913  774.0  988.0  53.0
34.934  789.0  1009.0  52.0
34.955  793.0  1014.0  52.0
34.955  793.0  1014.0  52.0
34.975  793.0  1013.0  53.0
34.997  793.0  1007.0  52.0
35.015  766.0  992.0  52.0
35.034  730.0  977.0  53.0
35.034  730.0  977.0  53.0
35.053  686.0  950.0  52.0
35.09  582.0  861.0  52.0
35.108  523.0  797.0  53.0
35.108  523.0  797.0  53.0
35.128  460.0  726.0  52.0
35.146  399.0  651.0  52.0
35.165  342.0  581.0  52.0
35.184  284.0  518.0  52.0
35.203  234.0  463.0  52.0
35.203  234.0  463.0  52.0
35.239  139.0  373.0  52.0
35.259  98.0  341.0  52.0
35.277  69.0  316.0  52.0
35.277  69.0  316.0  52.0
35.296  44.0  297.0  52.0
35.315  24.0  286.0  52.0
35.334  8.0  278.0  52.0
35.352  2.0  275.0  52.0
35.352  2.0  275.0  52.0
35.39  1.0  262.0  52.0
35.408  0.0  249.0  52.0
35.427  6.0  239.0  52.0
35.427  6.0  239.0  52.0
35.445  30.0  240.0  51.0
35.465  59.0  252.0  51.0
35.483  92.0  278.0  52.0
35.502  132.0  312.0  51.0
35.502  132.0  312.0  51.0
35.521  178.0  358.0  52.0
35.558  282.0  469.0  52.0
35.576  336.0  530.0  52.0
35.596  399.0  600.0  52.0
35.596  399.0  600.0  52.0
35.614  458.0  668.0  52.0
35.633  521.0  734.0  52.0
