5.706  793.0  115.0  28.0
5.706  793.0  115.0  28.0
5.706  793.0  115.0  28.0
5.706  793.0  115.0  28.0
5.706  793.0  115.0  28.0
5.706  793.0  115.0  28.0
5.706  793.0  115.0  28.0
5.706  793.0  115.0  28.0
5.706  793.0  115.0  28.0
5.706  793.0  115.0  28.0
5.706  793.0  115.0  28.0
5.706  793.0  115.0  28.0
5.706  793.0  115.0  28.0
5.706  793.0  115.0  28.0
5.706  793.0  115.0  28.0
5.706  793.0  115.0  28.0
5.706  793.0  115.0  28.0
5.706  793.0  115.0  28.0
5.706  793.0  115.0  28.0
5.706  793.0  115.0  28.0
5.706  793.0  115.0  28.0
5.706  793.0  115.0  28.0
5.706  793.0  115.0  28.0
5.706  793.0  115.0  28.0
5.706  793.0  115.0  28.0
5.706  793.0  115.0  28.0
5.706  793.0  115.0  28.0
5.706  793.0  115.0  28.0
5.706  793.0  115.0  28.0
5.706  793.0  115.0  28.0
5.706  793.0  115.0  28.0
5.706  793.0  115.0  28.0
5.706  793.0  115.0  28.0
5.706  793.0  115.0  28.0
5.706  793.0  115.0  28.0
5.706  793.0  115.0  28.0
5.706  793.0  115.0  28.0
5.706  793.0  115.0  28.0
5.706  793.0  115.0  28.0
5.706  793.0  115.0  28.0
5.706  793.0  115.0  28.0
5.706  793.0  115.0  28.0
5.706  793.0  115.0  28.0
5.706  793.0  115.0  28.0
0.0010  793.0  115.0  29.0
0.0020  793.0  115.0  30.0
0.0020  793.0  115.0  30.0
0.0030  793.0  114.0  29.0
0.0070  793.0  114.0  28.0
0.022  793.0  115.0  30.0
0.056  793.0  113.0  28.0
0.056  793.0  113.0  28.0
0.072  793.0  114.0  28.0
0.089  793.0  115.0  28.0
0.106  793.0  116.0  30.0
0.106  793.0  116.0  30.0
0.141  793.0  114.0  30.0
0.158  793.0  114.0  30.0
0.177  793.0  112.0  29.0
0.177  793.0  112.0  29.0
0.194  793.0  112.0  28.0
0.229  793.0  114.0  27.0
0.247  793.0  115.0  29.0
0.265  793.0  115.0  30.0
0.265  793.0  115.0  30.0
0.282  793.0  114.0  30.0
0.3  793.0  113.0  30.0
0.335  793.0  110.0  29.0
0.335  793.0  110.0  29.0
0.353  793.0  112.0  28.0
0.371  793.0  113.0  28.0
0.389  793.0  114.0  29.0
0.423  793.0  115.0  29.0
0.423  793.0  115.0  29.0
0.442  793.0  114.0  30.0
0.459  793.0  112.0  30.0
0.477  793.0  112.0  30.0
0.477  793.0  112.0  30.0
0.513  793.0  114.0  28.0
0.53  793.0  113.0  28.0
0.547  793.0  116.0  29.0
0.547  793.0  116.0  29.0
0.565  793.0  115.0  29.0
0.583  793.0  116.0  30.0
0.618  793.0  114.0  30.0
0.618  793.0  114.0  30.0
0.636  793.0  112.0  30.0
0.654  793.0  114.0  28.0
0.671  793.0  116.0  28.0
0.689  793.0  115.0  28.0
0.689  793.0  115.0  28.0
0.724  793.0  117.0  30.0
0.742  793.0  116.0  30.0
0.759  793.0  116.0  30.0
0.759  793.0  116.0  30.0
0.795  793.0  114.0  30.0
0.813  793.0  112.0  28.0
0.83  793.0  114.0  28.0
0.83  793.0  114.0  28.0
0.848  793.0  113.0  28.0
0.866  793.0  114.0  29.0
0.902  793.0  113.0  30.0
0.902  793.0  113.0  30.0
0.954  793.0  112.0  29.0
0.99  793.0  112.0  28.0
0.99  793.0  112.0  28.0
1.007  793.0  114.0  29.0
1.026  793.0  114.0  29.0
1.045  793.0  114.0  29.0
1.063  793.0  112.0  30.0
1.063  793.0  112.0  30.0
1.082  793.0  114.0  30.0
1.101  793.0  112.0  30.0
1.138  793.0  112.0  30.0
1.157  793.0  112.0  30.0
1.157  793.0  112.0  30.0
1.176  793.0  111.0  30.0
1.195  793.0  110.0  29.0
1.213  793.0  110.0  28.0
1.213  793.0  110.0  28.0
1.231  793.0  110.0  28.0
1.251  793.0  111.0  28.0
1.269  793.0  112.0  28.0
1.288  793.0  113.0  28.0
1.288  793.0  113.0  28.0
1.326  793.0  112.0  29.0
1.344  793.0  112.0  30.0
1.362  793.0  112.0  30.0
1.362  793.0  112.0  30.0
1.382  793.0  114.0  29.0
1.4  793.0  112.0  30.0
1.419  793.0  112.0  31.0
1.457  793.0  111.0  30.0
1.457  793.0  111.0  30.0
1.475  793.0  112.0  30.0
1.494  793.0  112.0  29.0
1.513  793.0  112.0  28.0
1.531  793.0  113.0  28.0
1.531  793.0  113.0  28.0
1.55  793.0  112.0  27.0
1.569  793.0  111.0  28.0
1.588  793.0  110.0  26.0
1.625  793.0  108.0  27.0
1.625  793.0  108.0  27.0
1.644  793.0  109.0  25.0
1.662  793.0  112.0  27.0
1.681  793.0  112.0  26.0
1.7  793.0  109.0  27.0
1.7  793.0  109.0  27.0
1.719  793.0  110.0  27.0
1.737  793.0  107.0  28.0
1.756  793.0  106.0  29.0
1.756  793.0  106.0  29.0
1.793  793.0  96.0  29.0
1.81  793.0  93.0  29.0
1.827  793.0  57.0  28.0
1.846  793.0  57.0  30.0
1.846  793.0  57.0  30.0
1.863  793.0  48.0  32.0
1.899  793.0  46.0  35.0
1.916  793.0  53.0  32.0
1.934  793.0  56.0  33.0
1.934  793.0  56.0  33.0
1.951  793.0  56.0  30.0
1.97  793.0  56.0  30.0
2.004  793.0  50.0  32.0
2.004  793.0  50.0  32.0
2.022  793.0  50.0  32.0
2.04  793.0  50.0  32.0
2.058  793.0  35.0  32.0
2.058  793.0  35.0  32.0
2.075  793.0  50.0  32.0
2.111  793.0  54.0  30.0
2.128  793.0  58.0  30.0
2.146  793.0  58.0  31.0
2.146  793.0  58.0  31.0
2.163  793.0  61.0  30.0
2.199  793.0  57.0  32.0
2.216  793.0  67.0  32.0
2.235  793.0  66.0  32.0
2.235  793.0  66.0  32.0
2.252  793.0  77.0  30.0
2.27  793.0  78.0  28.0
2.306  793.0  80.0  29.0
2.324  793.0  104.0  30.0
2.324  793.0  104.0  30.0
2.342  793.0  105.0  28.0
2.36  793.0  92.0  28.0
2.378  793.0  80.0  28.0
2.378  793.0  80.0  28.0
2.396  793.0  90.0  30.0
2.414  793.0  102.0  28.0
2.452  793.0  108.0  27.0
2.47  793.0  102.0  28.0
2.47  793.0  102.0  28.0
2.47  793.0  102.0  28.0
2.507  793.0  98.0  26.0
2.525  793.0  99.0  28.0
2.543  793.0  104.0  27.0
2.579  793.0  96.0  28.0
2.579  793.0  96.0  28.0
2.596  793.0  86.0  28.0
2.614  793.0  63.0  30.0
2.632  793.0  66.0  29.0
2.65  793.0  75.0  28.0
2.65  793.0  75.0  28.0
2.684  793.0  77.0  26.0
2.703  793.0  56.0  26.0
2.72  793.0  59.0  28.0
2.72  793.0  59.0  28.0
2.738  793.0  61.0  30.0
2.755  793.0  62.0  30.0
2.791  793.0  60.0  29.0
2.808  793.0  59.0  28.0
2.808  793.0  59.0  28.0
2.826  793.0  58.0  28.0
2.844  793.0  56.0  30.0
2.862  793.0  56.0  31.0
2.879  793.0  50.0  32.0
2.879  793.0  50.0  32.0
2.915  793.0  38.0  32.0
2.932  793.0  53.0  31.0
2.95  793.0  35.0  30.0
2.968  793.0  34.0  30.0
2.968  793.0  34.0  30.0
2.985  793.0  50.0  30.0
3.02  793.0  65.0  26.0
3.039  793.0  62.0  28.0
3.056  793.0  61.0  26.0
3.056  793.0  61.0  26.0
3.074  793.0  65.0  28.0
3.091  793.0  68.0  25.0
3.127  793.0  78.0  25.0
3.144  793.0  82.0  26.0
3.144  793.0  82.0  26.0
3.162  793.0  84.0  25.0
3.18  793.0  88.0  26.0
3.197  793.0  80.0  25.0
3.197  793.0  80.0  25.0
3.233  793.0  79.0  29.0
3.251  793.0  73.0  26.0
3.268  793.0  80.0  26.0
3.286  793.0  83.0  25.0
3.286  793.0  83.0  25.0
3.304  793.0  81.0  26.0
3.321  793.0  86.0  26.0
3.356  793.0  82.0  29.0
3.375  793.0  82.0  27.0
3.375  793.0  82.0  27.0
3.392  793.0  80.0  26.0
3.409  793.0  77.0  24.0
3.427  793.0  80.0  25.0
3.463  793.0  76.0  27.0
3.463  793.0  76.0  27.0
3.48  793.0  74.0  28.0
3.499  793.0  65.0  29.0
3.516  793.0  63.0  30.0
3.516  793.0  63.0  30.0
3.551  793.0  65.0  29.0
3.569  793.0  58.0  28.0
3.587  793.0  64.0  28.0
3.604  793.0  66.0  29.0
3.604  793.0  66.0  29.0
3.621  793.0  59.0  30.0
3.657  793.0  53.0  31.0
3.675  793.0  54.0  32.0
3.675  793.0  54.0  32.0
3.692  793.0  54.0  32.0
3.71  793.0  52.0  29.0
3.728  793.0  52.0  28.0
3.764  793.0  58.0  30.0
3.764  793.0  58.0  30.0
3.781  793.0  46.0  30.0
3.799  793.0  54.0  31.0
3.816  793.0  56.0  32.0
3.834  793.0  60.0  32.0
3.834  793.0  60.0  32.0
3.869  793.0  64.0  28.0
3.887  793.0  71.0  28.0
3.905  793.0  72.0  28.0
3.922  793.0  92.0  28.0
3.922  793.0  92.0  28.0
3.94  793.0  84.0  28.0
3.957  793.0  90.0  26.0
3.993  793.0  90.0  26.0
4.011  793.0  82.0  26.0
4.011  793.0  82.0  26.0
4.029  793.0  77.0  25.0
4.046  793.0  79.0  25.0
4.064  793.0  81.0  26.0
4.064  793.0  81.0  26.0
4.1  793.0  82.0  27.0
4.117  793.0  85.0  27.0
4.134  793.0  88.0  28.0
4.152  793.0  85.0  27.0
4.152  793.0  85.0  27.0
4.17  793.0  84.0  25.0
4.205  793.0  91.0  25.0
4.222  793.0  86.0  25.0
4.241  793.0  82.0  26.0
4.241  793.0  82.0  26.0
4.258  793.0  83.0  28.0
4.276  793.0  82.0  28.0
4.312  793.0  66.0  27.0
4.329  793.0  55.0  28.0
4.329  793.0  55.0  28.0
4.346  793.0  64.0  28.0
4.365  793.0  62.0  29.0
4.382  793.0  63.0  28.0
4.382  793.0  63.0  28.0
4.417  793.0  56.0  30.0
4.435  793.0  54.0  30.0
4.453  793.0  61.0  32.0
4.47  793.0  60.0  30.0
4.47  793.0  60.0  30.0
4.488  793.0  58.0  30.0
4.506  793.0  57.0  28.0
4.541  793.0  62.0  31.0
4.558  793.0  57.0  32.0
4.558  793.0  57.0  32.0
4.577  793.0  56.0  32.0
4.594  793.0  40.0  34.0
4.612  793.0  50.0  32.0
4.647  793.0  49.0  29.0
4.647  793.0  49.0  29.0
4.665  793.0  51.0  29.0
4.682  793.0  52.0  31.0
4.701  793.0  58.0  28.0
4.701  793.0  58.0  28.0
4.736  793.0  64.0  29.0
4.753  793.0  59.0  28.0
4.771  793.0  64.0  29.0
4.789  793.0  72.0  27.0
4.789  793.0  72.0  27.0
4.806  793.0  70.0  26.0
4.824  793.0  66.0  27.0
4.859  793.0  89.0  28.0
4.859  793.0  89.0  28.0
4.877  793.0  92.0  28.0
4.895  793.0  88.0  29.0
4.913  793.0  85.0  28.0
4.947  793.0  93.0  26.0
4.947  793.0  93.0  26.0
4.966  793.0  95.0  25.0
4.983  793.0  94.0  28.0
5.001  793.0  94.0  27.0
5.018  793.0  94.0  28.0
5.018  793.0  94.0  28.0
5.054  793.0  94.0  28.0
5.071  793.0  88.0  28.0
5.089  793.0  89.0  27.0
5.089  793.0  89.0  27.0
5.107  793.0  88.0  26.0
5.125  793.0  84.0  28.0
5.16  793.0  85.0  28.0
5.178  793.0  81.0  26.0
5.178  793.0  81.0  26.0
5.195  793.0  74.0  26.0
5.213  793.0  62.0  27.0
5.231  793.0  66.0  28.0
5.266  793.0  63.0  26.0
5.266  793.0  63.0  26.0
5.283  793.0  66.0  24.0
5.302  793.0  71.0  27.0
5.319  793.0  64.0  28.0
5.337  793.0  67.0  28.0
5.337  793.0  67.0  28.0
5.372  793.0  64.0  30.0
5.39  793.0  61.0  29.0
5.407  793.0  60.0  29.0
5.407  793.0  60.0  29.0
5.425  793.0  54.0  28.0
5.443  793.0  52.0  28.0
5.46  793.0  43.0  29.0
5.496  793.0  49.0  32.0
5.496  793.0  49.0  32.0
5.514  793.0  51.0  32.0
5.531  793.0  54.0  28.0
5.549  793.0  52.0  26.0
5.549  793.0  52.0  26.0
5.584  793.0  51.0  28.0
5.602  793.0  58.0  25.0
5.619  793.0  77.0  26.0
5.638  793.0  76.0  27.0
5.638  793.0  76.0  27.0
5.672  793.0  74.0  28.0
5.69  793.0  84.0  26.0
5.708  793.0  80.0  25.0
5.708  793.0  80.0  25.0
5.726  793.0  82.0  26.0
5.743  793.0  91.0  25.0
5.762  793.0  96.0  26.0
5.796  793.0  97.0  27.0
5.796  793.0  97.0  27.0
5.814  793.0  94.0  27.0
5.832  793.0  92.0  27.0
5.85  793.0  86.0  26.0
5.867  793.0  92.0  26.0
5.867  793.0  92.0  26.0
5.884  793.0  94.0  25.0
5.92  793.0  91.0  26.0
5.938  793.0  88.0  27.0
5.955  793.0  88.0  26.0
5.955  793.0  88.0  26.0
5.974  793.0  90.0  28.0
6.008  793.0  65.0  25.0
6.027  793.0  64.0  25.0
6.044  793.0  60.0  25.0
6.044  793.0  60.0  25.0
6.062  793.0  66.0  26.0
6.079  793.0  67.0  25.0
6.097  793.0  71.0  26.0
6.097  793.0  71.0  26.0
6.132  793.0  61.0  27.0
6.15  793.0  64.0  26.0
6.168  793.0  63.0  25.0
6.185  793.0  62.0  26.0
6.203  793.0  58.0  26.0
6.203  793.0  58.0  26.0
6.22  793.0  57.0  28.0
6.256  793.0  52.0  28.0
6.274  793.0  42.0  29.0
6.292  793.0  41.0  28.0
6.292  793.0  41.0  28.0
6.309  793.0  40.0  27.0
6.344  793.0  52.0  25.0
6.363  793.0  53.0  26.0
6.363  793.0  53.0  26.0
6.38  793.0  53.0  26.0
6.397  793.0  63.0  26.0
6.415  793.0  69.0  27.0
6.433  793.0  64.0  28.0
6.433  793.0  64.0  28.0
6.468  793.0  72.0  26.0
6.486  793.0  75.0  25.0
6.504  793.0  76.0  24.0
6.504  793.0  76.0  24.0
6.521  793.0  74.0  26.0
6.556  793.0  78.0  28.0
6.575  793.0  81.0  27.0
6.592  793.0  72.0  27.0
6.592  793.0  72.0  27.0
6.609  793.0  70.0  26.0
6.628  793.0  70.0  26.0
6.645  793.0  77.0  24.0
6.68  793.0  88.0  26.0
6.68  793.0  88.0  26.0
6.699  793.0  89.0  26.0
6.716  793.0  89.0  27.0
6.733  793.0  89.0  28.0
6.751  793.0  88.0  27.0
6.751  793.0  88.0  27.0
6.787  793.0  81.0  26.0
6.804  793.0  74.0  25.0
6.821  793.0  64.0  25.0
6.84  793.0  63.0  28.0
6.84  793.0  63.0  28.0
6.857  793.0  74.0  26.0
6.875  793.0  78.0  28.0
6.91  793.0  61.0  28.0
6.928  793.0  53.0  27.0
6.928  793.0  53.0  27.0
6.945  793.0  52.0  26.0
6.964  793.0  58.0  26.0
6.981  793.0  56.0  28.0
7.016  793.0  54.0  28.0
7.016  793.0  54.0  28.0
7.034  793.0  54.0  29.0
7.052  793.0  56.0  30.0
7.069  793.0  51.0  28.0
7.087  793.0  42.0  27.0
7.087  793.0  42.0  27.0
7.122  793.0  52.0  27.0
7.14  793.0  52.0  28.0
7.158  793.0  56.0  28.0
7.158  793.0  56.0  28.0
7.176  793.0  54.0  28.0
7.193  793.0  53.0  28.0
7.211  793.0  60.0  28.0
7.246  793.0  56.0  26.0
7.246  793.0  56.0  26.0
7.264  793.0  55.0  26.0
7.281  793.0  60.0  25.0
7.3  793.0  71.0  27.0
7.317  793.0  70.0  27.0
7.317  793.0  70.0  27.0
7.352  793.0  80.0  28.0
7.37  793.0  80.0  28.0
7.388  793.0  74.0  27.0
7.405  793.0  74.0  25.0
7.405  793.0  74.0  25.0
7.424  793.0  64.0  25.0
7.458  793.0  68.0  26.0
7.476  793.0  78.0  27.0
7.494  793.0  86.0  27.0
7.494  793.0  86.0  27.0
7.512  793.0  87.0  28.0
7.529  793.0  86.0  28.0
7.546  793.0  79.0  26.0
7.546  793.0  79.0  26.0
7.582  793.0  80.0  26.0
7.6  793.0  81.0  26.0
7.617  793.0  82.0  26.0
7.635  793.0  78.0  26.0
7.635  793.0  78.0  26.0
7.67  793.0  76.0  28.0
7.688  793.0  62.0  26.0
7.706  793.0  62.0  26.0
7.724  793.0  57.0  26.0
7.724  793.0  57.0  26.0
7.741  793.0  56.0  25.0
7.759  793.0  53.0  27.0
7.794  793.0  54.0  28.0
7.812  793.0  54.0  28.0
7.812  793.0  54.0  28.0
7.83  793.0  53.0  28.0
7.847  793.0  51.0  28.0
7.865  793.0  42.0  27.0
7.901  793.0  53.0  26.0
7.901  793.0  53.0  26.0
7.918  793.0  52.0  28.0
7.936  793.0  52.0  28.0
7.953  793.0  55.0  28.0
7.971  793.0  50.0  29.0
7.971  793.0  50.0  29.0
8.006  793.0  52.0  27.0
8.025  793.0  52.0  26.0
8.025  793.0  52.0  26.0
8.042  793.0  56.0  25.0
8.059  793.0  55.0  26.0
8.077  793.0  59.0  26.0
8.113  793.0  63.0  26.0
8.113  793.0  63.0  26.0
8.13  793.0  62.0  28.0
8.147  793.0  58.0  26.0
8.166  793.0  60.0  25.0
8.183  793.0  63.0  24.0
8.183  793.0  63.0  24.0
8.218  793.0  63.0  26.0
8.237  793.0  62.0  26.0
8.254  793.0  72.0  26.0
8.271  793.0  72.0  28.0
8.271  793.0  72.0  28.0
8.29  793.0  77.0  26.0
8.307  793.0  84.0  25.0
8.342  793.0  84.0  24.0
8.36  793.0  86.0  24.0
8.36  793.0  86.0  24.0
8.378  793.0  86.0  26.0
8.395  793.0  85.0  26.0
8.413  793.0  88.0  27.0
8.431  793.0  83.0  27.0
8.449  793.0  76.0  26.0
8.466  793.0  77.0  25.0
8.483  793.0  73.0  25.0
8.502  793.0  64.0  24.0
8.502  793.0  64.0  24.0
8.519  793.0  53.0  26.0
8.555  793.0  58.0  27.0
8.572  793.0  55.0  28.0
8.59  793.0  56.0  28.0
8.59  793.0  56.0  28.0
8.607  793.0  52.0  26.0
8.626  793.0  52.0  26.0
8.66  793.0  53.0  26.0
8.678  793.0  53.0  28.0
8.678  793.0  53.0  28.0
8.696  793.0  53.0  27.0
8.714  793.0  54.0  27.0
8.749  793.0  53.0  28.0
8.749  793.0  53.0  28.0
8.767  793.0  53.0  28.0
8.784  793.0  42.0  26.0
8.802  793.0  43.0  25.0
8.819  793.0  42.0  25.0
8.819  793.0  42.0  25.0
8.838  793.0  42.0  27.0
8.872  793.0  54.0  28.0
8.891  793.0  54.0  28.0
8.908  793.0  55.0  28.0
8.908  793.0  55.0  28.0
8.926  793.0  60.0  28.0
8.943  793.0  58.0  26.0
8.962  793.0  60.0  25.0
8.996  793.0  63.0  28.0
8.996  793.0  63.0  28.0
9.014  793.0  61.0  28.0
9.032  793.0  61.0  28.0
9.05  793.0  61.0  28.0
9.084  793.0  67.0  26.0
9.084  793.0  67.0  26.0
9.103  793.0  67.0  25.0
9.12  793.0  73.0  26.0
9.138  793.0  73.0  26.0
9.156  793.0  76.0  28.0
9.156  793.0  76.0  28.0
9.174  793.0  72.0  28.0
9.191  793.0  69.0  28.0
9.227  793.0  67.0  28.0
9.244  793.0  70.0  26.0
9.244  793.0  70.0  26.0
9.262  793.0  61.0  25.0
9.279  793.0  61.0  26.0
9.297  793.0  60.0  26.0
9.297  793.0  60.0  26.0
9.332  793.0  62.0  28.0
9.35  793.0  61.0  28.0
9.368  793.0  60.0  28.0
9.385  793.0  58.0  26.0
9.385  793.0  58.0  26.0
9.421  793.0  57.0  26.0
9.439  793.0  52.0  26.0
9.456  793.0  53.0  26.0
9.474  793.0  56.0  28.0
9.474  793.0  56.0  28.0
9.492  793.0  57.0  28.0
9.527  793.0  54.0  29.0
9.544  793.0  52.0  28.0
9.544  793.0  52.0  28.0
9.563  793.0  51.0  28.0
9.58  793.0  52.0  28.0
9.597  793.0  52.0  29.0
9.615  793.0  43.0  29.0
9.615  793.0  43.0  29.0
9.633  793.0  43.0  30.0
9.668  793.0  50.0  30.0
9.687  793.0  50.0  30.0
9.704  793.0  50.0  28.0
9.704  793.0  50.0  28.0
9.721  793.0  56.0  28.0
9.757  793.0  58.0  28.0
9.775  793.0  57.0  28.0
9.792  793.0  59.0  30.0
9.792  793.0  59.0  30.0
9.809  793.0  63.0  29.0
9.828  793.0  60.0  30.0
9.863  793.0  61.0  27.0
9.88  793.0  65.0  26.0
9.88  793.0  65.0  26.0
9.899  793.0  61.0  28.0
9.916  793.0  58.0  28.0
9.933  793.0  60.0  29.0
9.933  793.0  60.0  29.0
9.969  793.0  62.0  30.0
9.987  793.0  70.0  30.0
10.004  793.0  70.0  28.0
10.023  793.0  68.0  28.0
10.023  793.0  68.0  28.0
10.042  793.0  69.0  27.0
10.06  793.0  69.0  27.0
10.079  793.0  72.0  27.0
10.098  793.0  68.0  28.0
10.098  793.0  68.0  28.0
10.135  793.0  64.0  28.0
10.155  793.0  62.0  29.0
10.173  793.0  62.0  29.0
10.191  793.0  59.0  30.0
10.191  793.0  59.0  30.0
10.21  793.0  60.0  30.0
10.229  793.0  54.0  30.0
10.248  793.0  56.0  29.0
10.266  793.0  59.0  29.0
10.266  793.0  59.0  29.0
10.304  793.0  52.0  28.0
10.322  793.0  52.0  28.0
10.341  793.0  52.0  27.0
10.341  793.0  52.0  27.0
10.36  793.0  50.0  28.0
10.379  793.0  51.0  28.0
10.397  793.0  52.0  28.0
10.416  793.0  52.0  28.0
10.416  793.0  52.0  28.0
10.435  793.0  52.0  26.0
10.472  793.0  52.0  29.0
10.491  793.0  51.0  28.0
10.491  793.0  51.0  28.0
10.51  793.0  50.0  28.0
10.528  793.0  51.0  28.0
10.547  793.0  50.0  28.0
10.547  793.0  50.0  28.0
10.566  793.0  51.0  28.0
10.603  793.0  57.0  26.0
10.622  793.0  57.0  26.0
10.641  793.0  59.0  25.0
10.641  793.0  59.0  25.0
10.659  793.0  61.0  24.0
10.678  793.0  69.0  24.0
10.697  793.0  80.0  26.0
10.716  793.0  73.0  26.0
10.716  793.0  73.0  26.0
10.734  793.0  59.0  26.0
10.772  793.0  62.0  27.0
10.79  793.0  67.0  26.0
10.809  793.0  64.0  28.0
10.809  793.0  64.0  28.0
10.828  793.0  68.0  28.0
10.847  793.0  66.0  28.0
10.865  793.0  65.0  28.0
10.865  793.0  65.0  28.0
10.903  793.0  67.0  27.0
10.921  793.0  70.0  26.0
10.94  793.0  67.0  26.0
10.959  793.0  67.0  26.0
10.959  793.0  67.0  26.0
10.978  793.0  64.0  27.0
10.996  793.0  64.0  27.0
11.015  793.0  62.0  27.0
11.034  793.0  55.0  28.0
11.034  793.0  55.0  28.0
11.053  793.0  50.0  29.0
11.09  793.0  52.0  29.0
11.109  793.0  52.0  30.0
11.127  793.0  52.0  30.0
11.127  793.0  52.0  30.0
11.146  793.0  51.0  28.0
11.165  793.0  51.0  28.0
11.184  793.0  51.0  28.0
11.202  793.0  53.0  28.0
11.202  793.0  53.0  28.0
11.222  793.0  51.0  28.0
11.258  793.0  51.0  27.0
11.277  793.0  52.0  27.0
11.277  793.0  52.0  27.0
11.296  793.0  50.0  28.0
11.315  793.0  52.0  28.0
11.333  793.0  53.0  29.0
11.353  793.0  53.0  29.0
11.353  793.0  53.0  29.0
11.389  793.0  52.0  29.0
11.408  793.0  54.0  30.0
11.427  793.0  59.0  30.0
11.427  793.0  59.0  30.0
11.446  793.0  54.0  29.0
11.464  793.0  58.0  28.0
11.484  793.0  57.0  27.0
11.502  793.0  59.0  26.0
11.502  793.0  59.0  26.0
11.521  793.0  66.0  26.0
11.558  793.0  69.0  26.0
11.577  793.0  61.0  26.0
11.577  793.0  61.0  26.0
11.595  793.0  59.0  27.0
11.614  793.0  57.0  27.0
11.633  793.0  58.0  27.0
11.652  793.0  62.0  28.0
11.652  793.0  62.0  28.0
11.689  793.0  68.0  27.0
11.708  793.0  70.0  28.0
11.726  793.0  70.0  29.0
11.726  793.0  70.0  29.0
11.745  793.0  69.0  28.0
11.764  793.0  69.0  28.0
11.783  793.0  62.0  28.0
11.801  793.0  60.0  26.0
11.801  793.0  60.0  26.0
11.821  793.0  62.0  26.0
11.857  793.0  62.0  26.0
11.876  793.0  60.0  27.0
11.876  793.0  60.0  27.0
11.895  793.0  61.0  28.0
11.914  793.0  57.0  28.0
11.932  793.0  51.0  28.0
11.952  793.0  50.0  30.0
11.952  793.0  50.0  30.0
11.97  793.0  51.0  29.0
12.007  793.0  56.0  29.0
12.026  793.0  51.0  30.0
12.045  793.0  52.0  29.0
12.045  793.0  52.0  29.0
12.063  793.0  50.0  29.0
12.083  793.0  50.0  28.0
12.101  793.0  49.0  27.0
12.101  793.0  50.0  27.0
12.12  793.0  50.0  27.0
12.138  793.0  52.0  28.0
12.176  793.0  52.0  28.0
12.194  793.0  52.0  28.0
12.194  793.0  52.0  28.0
12.213  793.0  52.0  28.0
12.232  793.0  56.0  28.0
12.251  793.0  52.0  28.0
12.269  793.0  54.0  28.0
12.269  793.0  54.0  28.0
12.289  793.0  54.0  28.0
12.307  793.0  57.0  30.0
12.344  793.0  57.0  28.0
12.363  793.0  58.0  28.0
12.363  793.0  58.0  28.0
12.382  793.0  57.0  27.0
12.4  793.0  61.0  27.0
12.42  793.0  54.0  26.0
12.438  793.0  60.0  25.0
12.438  793.0  60.0  25.0
12.456  793.0  56.0  26.0
12.475  793.0  57.0  27.0
12.513  793.0  66.0  27.0
12.531  793.0  70.0  28.0
12.531  793.0  70.0  28.0
12.551  793.0  70.0  29.0
12.569  793.0  68.0  29.0
12.588  793.0  69.0  28.0
12.588  793.0  69.0  28.0
12.606  793.0  66.0  29.0
12.625  793.0  60.0  29.0
12.644  793.0  58.0  28.0
12.662  793.0  57.0  28.0
12.662  793.0  57.0  28.0
12.7  793.0  61.0  26.0
12.719  793.0  61.0  26.0
12.737  793.0  60.0  26.0
12.756  793.0  55.0  26.0
12.756  793.0  55.0  26.0
12.775  793.0  52.0  26.0
12.793  793.0  51.0  27.0
12.812  793.0  50.0  27.0
12.85  793.0  52.0  27.0
12.85  793.0  52.0  27.0
12.868  793.0  54.0  28.0
12.888  793.0  52.0  28.0
12.906  793.0  50.0  29.0
12.906  793.0  50.0  29.0
12.924  793.0  48.0  28.0
12.943  793.0  46.0  28.0
12.962  793.0  48.0  28.0
12.999  793.0  48.0  26.0
12.999  793.0  48.0  26.0
13.019  793.0  49.0  27.0
13.037  793.0  48.0  26.0
13.056  793.0  48.0  26.0
13.074  793.0  52.0  27.0
13.074  793.0  52.0  27.0
13.093  793.0  56.0  27.0
13.112  793.0  57.0  26.0
13.13  793.0  54.0  28.0
13.15  793.0  58.0  28.0
13.168  793.0  62.0  28.0
13.187  793.0  57.0  28.0
13.205  793.0  57.0  28.0
13.224  793.0  56.0  28.0
13.224  793.0  56.0  28.0
13.243  793.0  56.0  27.0
13.261  793.0  54.0  26.0
13.281  793.0  53.0  26.0
13.299  793.0  56.0  25.0
13.318  793.0  56.0  26.0
13.318  793.0  56.0  26.0
13.356  793.0  62.0  26.0
13.374  793.0  64.0  26.0
13.392  793.0  67.0  26.0
13.392  793.0  67.0  26.0
13.411  793.0  64.0  25.0
13.43  793.0  66.0  27.0
13.449  793.0  63.0  26.0
13.467  793.0  61.0  27.0
13.467  793.0  61.0  27.0
13.487  793.0  61.0  29.0
13.523  793.0  58.0  28.0
13.542  793.0  56.0  28.0
13.561  793.0  56.0  27.0
13.561  793.0  56.0  27.0
13.58  793.0  56.0  26.0
13.598  793.0  52.0  26.0
13.618  793.0  53.0  26.0
13.636  793.0  52.0  26.0
13.636  793.0  52.0  26.0
13.655  793.0  49.0  26.0
13.692  793.0  50.0  26.0
13.711  793.0  50.0  28.0
13.711  793.0  50.0  28.0
13.729  793.0  50.0  28.0
13.749  793.0  50.0  28.0
13.767  793.0  50.0  29.0
13.786  793.0  48.0  29.0
13.786  793.0  48.0  29.0
13.824  793.0  46.0  28.0
13.842  793.0  48.0  28.0
13.86  793.0  48.0  27.0
13.86  793.0  48.0  27.0
13.88  793.0  48.0  26.0
13.898  793.0  48.0  25.0
13.917  793.0  50.0  26.0
13.935  793.0  50.0  25.0
13.935  793.0  50.0  25.0
13.955  793.0  56.0  27.0
13.973  793.0  52.0  26.0
14.01  793.0  54.0  26.0
14.01  793.0  54.0  26.0
14.029  793.0  57.0  26.0
14.048  793.0  53.0  28.0
14.066  793.0  55.0  26.0
14.086  793.0  52.0  28.0
14.086  793.0  52.0  28.0
14.104  793.0  74.0  26.0
14.141  793.0  73.0  30.0
14.16  793.0  74.0  28.0
14.179  793.0  59.0  26.0
14.179  793.0  59.0  26.0
14.197  793.0  66.0  24.0
14.217  793.0  68.0  24.0
14.235  793.0  62.0  24.0
14.235  793.0  62.0  24.0
14.254  793.0  53.0  24.0
14.272  793.0  62.0  26.0
14.31  793.0  70.0  28.0
14.328  793.0  60.0  27.0
14.348  793.0  56.0  27.0
14.348  793.0  56.0  27.0
14.366  793.0  55.0  28.0
14.385  793.0  51.0  28.0
14.403  793.0  52.0  26.0
14.423  793.0  47.0  26.0
14.441  793.0  47.0  27.0
14.441  793.0  47.0  27.0
14.479  793.0  46.0  25.0
14.497  793.0  44.0  24.0
14.516  793.0  44.0  24.0
14.516  793.0  44.0  24.0
14.534  793.0  44.0  25.0
14.554  793.0  44.0  27.0
14.572  793.0  45.0  26.0
14.59  793.0  44.0  27.0
14.59  793.0  44.0  27.0
14.609  793.0  44.0  28.0
14.647  793.0  33.0  28.0
14.665  793.0  32.0  28.0
14.685  793.0  32.0  29.0
14.685  793.0  32.0  29.0
14.703  793.0  40.0  29.0
14.722  793.0  40.0  29.0
14.74  793.0  42.0  28.0
14.759  793.0  44.0  27.0
14.759  793.0  44.0  27.0
14.778  793.0  48.0  25.0
14.796  793.0  46.0  25.0
14.834  793.0  49.0  26.0
14.853  793.0  49.0  26.0
14.853  793.0  49.0  26.0
14.871  793.0  49.0  27.0
14.891  793.0  52.0  27.0
14.909  793.0  62.0  27.0
14.909  793.0  62.0  27.0
14.927  793.0  53.0  26.0
14.965  793.0  46.0  27.0
14.984  793.0  48.0  28.0
15.002  793.0  48.0  27.0
15.002  793.0  48.0  27.0
15.022  793.0  46.0  26.0
15.04  793.0  48.0  27.0
15.058  793.0  56.0  26.0
15.078  793.0  57.0  26.0
15.078  793.0  57.0  26.0
15.096  793.0  54.0  26.0
15.115  793.0  53.0  26.0
15.133  793.0  49.0  26.0
15.171  793.0  48.0  28.0
15.171  793.0  48.0  28.0
15.19  793.0  48.0  28.0
15.208  793.0  50.0  28.0
15.227  793.0  45.0  28.0
15.246  793.0  45.0  28.0
15.246  793.0  45.0  28.0
15.264  793.0  44.0  29.0
15.302  793.0  44.0  28.0
15.321  793.0  43.0  29.0
15.321  793.0  43.0  29.0
15.339  793.0  42.0  28.0
15.358  793.0  42.0  27.0
15.377  793.0  42.0  26.0
15.395  793.0  42.0  26.0
15.395  793.0  42.0  26.0
15.415  793.0  44.0  26.0
15.433  793.0  44.0  26.0
15.452  793.0  44.0  26.0
15.49  793.0  46.0  28.0
15.49  793.0  46.0  28.0
15.508  793.0  45.0  28.0
15.526  793.0  44.0  28.0
15.526  793.0  44.0  28.0
15.546  793.0  44.0  28.0
15.564  793.0  44.0  28.0
15.583  793.0  46.0  28.0
15.621  793.0  49.0  27.0
15.621  793.0  49.0  27.0
15.639  793.0  46.0  26.0
15.657  793.0  48.0  25.0
15.677  793.0  51.0  26.0
15.695  793.0  52.0  25.0
15.695  793.0  52.0  25.0
15.714  793.0  46.0  25.0
15.732  793.0  52.0  25.0
15.752  793.0  51.0  26.0
15.789  793.0  56.0  26.0
15.789  793.0  56.0  26.0
15.807  793.0  50.0  26.0
15.826  793.0  50.0  26.0
15.845  793.0  51.0  27.0
15.845  793.0  51.0  27.0
15.863  793.0  52.0  27.0
15.883  793.0  60.0  26.0
15.901  793.0  53.0  26.0
15.938  793.0  60.0  26.0
15.938  793.0  60.0  26.0
15.958  793.0  53.0  25.0
15.976  793.0  54.0  25.0
15.994  793.0  52.0  25.0
16.014  793.0  52.0  26.0
16.014  793.0  52.0  26.0
16.032  793.0  53.0  25.0
16.051  793.0  52.0  27.0
16.069  793.0  52.0  27.0
16.107  793.0  52.0  26.0
16.107  793.0  52.0  26.0
16.125  793.0  49.0  26.0
16.145  793.0  48.0  28.0
16.163  793.0  46.0  28.0
16.182  793.0  44.0  30.0
16.182  793.0  44.0  30.0
16.2  793.0  43.0  29.0
16.22  793.0  43.0  29.0
16.238  793.0  43.0  28.0
16.238  793.0  43.0  28.0
16.276  793.0  42.0  27.0
16.294  793.0  43.0  27.0
16.313  793.0  41.0  28.0
16.331  793.0  42.0  28.0
16.331  793.0  42.0  28.0
16.351  793.0  47.0  28.0
16.369  793.0  51.0  28.0
16.388  793.0  45.0  28.0
16.406  793.0  68.0  28.0
16.406  793.0  68.0  28.0
16.427  793.0  111.0  28.0
16.446  793.0  129.0  28.0
16.486  793.0  111.0  28.0
16.505  793.0  112.0  26.0
16.505  793.0  112.0  26.0
16.525  793.0  132.0  28.0
16.545  793.0  161.0  27.0
16.565  793.0  156.0  25.0
16.565  793.0  156.0  25.0
16.584  793.0  200.0  26.0
16.604  793.0  149.0  25.0
16.624  793.0  136.0  26.0
16.644  793.0  161.0  25.0
16.644  793.0  161.0  25.0
16.663  793.0  144.0  26.0
16.684  793.0  150.0  28.0
16.703  793.0  203.0  28.0
16.722  793.0  160.0  28.0
16.722  793.0  160.0  28.0
16.762  793.0  150.0  29.0
16.782  793.0  152.0  29.0
16.801  793.0  154.0  29.0
16.801  793.0  154.0  29.0
16.822  793.0  144.0  29.0
16.841  793.0  140.0  30.0
16.861  793.0  130.0  29.0
16.881  793.0  138.0  28.0
16.881  793.0  138.0  28.0
16.901  793.0  142.0  29.0
16.92  793.0  136.0  28.0
16.94  793.0  107.0  29.0
16.96  793.0  102.0  27.0
16.96  793.0  102.0  27.0
16.979  793.0  121.0  27.0
16.999  793.0  120.0  28.0
17.019  793.0  111.0  28.0
17.058  793.0  114.0  26.0
17.058  793.0  114.0  26.0
17.079  793.0  112.0  26.0
17.098  793.0  111.0  27.0
17.118  793.0  108.0  26.0
17.136  793.0  75.0  26.0
17.136  793.0  75.0  26.0
17.156  793.0  72.0  25.0
17.174  793.0  68.0  24.0
17.192  793.0  84.0  24.0
17.212  793.0  84.0  24.0
17.212  793.0  84.0  24.0
17.23  793.0  89.0  25.0
17.25  793.0  115.0  25.0
17.269  793.0  129.0  27.0
17.269  793.0  129.0  27.0
17.309  793.0  115.0  25.0
17.329  793.0  112.0  26.0
17.349  793.0  145.0  25.0
17.369  793.0  171.0  25.0
17.369  793.0  171.0  25.0
17.388  793.0  198.0  26.0
17.409  793.0  148.0  24.0
17.428  793.0  143.0  25.0
17.447  793.0  138.0  26.0
17.447  793.0  138.0  26.0
17.467  793.0  137.0  25.0
17.487  793.0  152.0  24.0
17.507  793.0  176.0  25.0
17.526  793.0  166.0  26.0
17.526  793.0  166.0  26.0
17.547  793.0  139.0  26.0
17.566  793.0  142.0  25.0
17.586  793.0  140.0  25.0
17.605  793.0  141.0  26.0
17.605  793.0  141.0  26.0
17.645  793.0  129.0  26.0
17.665  793.0  133.0  26.0
17.685  793.0  136.0  26.0
17.685  793.0  136.0  26.0
17.704  793.0  130.0  28.0
17.724  793.0  122.0  26.0
17.744  793.0  120.0  28.0
17.764  793.0  121.0  27.0
17.764  793.0  121.0  27.0
17.783  793.0  104.0  26.0
17.802  793.0  98.0  32.0
17.822  793.0  113.0  30.0
17.842  793.0  133.0  26.0
17.842  793.0  133.0  26.0
17.861  793.0  132.0  34.0
17.882  793.0  112.0  42.0
17.918  793.0  95.0  44.0
17.937  793.0  83.0  43.0
17.937  793.0  83.0  43.0
17.956  793.0  90.0  41.0
17.976  793.0  136.0  47.0
17.995  793.0  153.0  45.0
17.995  793.0  153.0  45.0
18.016  793.0  168.0  46.0
18.035  793.0  178.0  46.0
18.055  793.0  162.0  41.0
18.075  793.0  178.0  42.0
18.075  793.0  178.0  42.0
18.095  793.0  180.0  38.0
18.114  793.0  151.0  41.0
18.134  793.0  124.0  42.0
18.173  793.0  162.0  41.0
18.173  793.0  162.0  41.0
18.193  793.0  236.0  38.0
18.213  793.0  305.0  38.0
18.233  793.0  300.0  40.0
18.252  793.0  350.0  40.0
18.252  793.0  350.0  40.0
18.273  793.0  398.0  40.0
18.292  793.0  464.0  39.0
18.312  793.0  607.0  41.0
18.331  793.0  667.0  44.0
18.331  793.0  667.0  44.0
18.352  793.0  703.0  43.0
18.371  793.0  739.0  43.0
18.391  793.0  755.0  42.0
18.411  793.0  751.0  44.0
18.411  793.0  751.0  44.0
18.43  793.0  676.0  44.0
18.45  793.0  568.0  44.0
18.469  793.0  537.0  44.0
18.509  793.0  482.0  45.0
18.509  793.0  482.0  45.0
18.529  793.0  449.0  45.0
18.549  793.0  488.0  46.0
18.569  793.0  538.0  46.0
18.588  793.0  626.0  46.0
18.588  793.0  626.0  46.0
18.609  793.0  741.0  45.0
18.628  793.0  995.0  42.0
18.649  793.0  1023.0  40.0
18.669  793.0  1023.0  41.0
18.669  793.0  1023.0  41.0
18.691  793.0  1023.0  43.0
18.711  793.0  1023.0  38.0
18.732  793.0  1023.0  38.0
18.732  793.0  1023.0  38.0
18.753  793.0  1023.0  38.0
18.774  793.0  1023.0  37.0
18.794  793.0  1023.0  37.0
18.816  793.0  1023.0  37.0
18.816  793.0  1023.0  37.0
18.836  793.0  1023.0  40.0
18.856  793.0  1023.0  42.0
18.878  793.0  1023.0  42.0
18.898  793.0  1023.0  40.0
18.898  793.0  1023.0  40.0
18.919  793.0  1023.0  37.0
18.94  793.0  1023.0  34.0
18.961  793.0  1023.0  31.0
18.981  793.0  1023.0  30.0
18.981  793.0  1023.0  30.0
19.002  793.0  1023.0  28.0
19.023  793.0  1023.0  29.0
19.044  793.0  1023.0  28.0
19.064  793.0  1023.0  22.0
19.064  793.0  1023.0  22.0
19.086  793.0  1023.0  24.0
19.106  793.0  1023.0  22.0
19.127  793.0  1023.0  20.0
19.127  793.0  1023.0  20.0
19.148  793.0  1023.0  19.0
19.169  793.0  1023.0  16.0
19.189  793.0  1023.0  15.0
19.211  793.0  1023.0  13.0
19.231  793.0  1023.0  11.0
19.231  793.0  1023.0  11.0
19.251  793.0  1023.0  9.0
19.272  793.0  1023.0  12.0
19.293  793.0  1023.0  12.0
19.293  793.0  1023.0  12.0
19.313  793.0  1023.0  13.0
19.334  793.0  1023.0  14.0
19.355  793.0  1023.0  14.0
19.376  793.0  1023.0  16.0
19.376  793.0  1023.0  16.0
19.396  793.0  1023.0  16.0
19.418  793.0  1023.0  16.0
19.438  793.0  1023.0  15.0
19.459  793.0  1023.0  17.0
19.459  793.0  1023.0  17.0
19.48  793.0  1023.0  18.0
19.501  793.0  1023.0  15.0
19.521  793.0  1023.0  16.0
19.543  793.0  1023.0  16.0
19.543  793.0  1023.0  16.0
19.563  793.0  1023.0  17.0
19.584  793.0  1023.0  16.0
19.605  793.0  1023.0  14.0
19.605  793.0  1023.0  14.0
19.625  793.0  1023.0  15.0
19.666  793.0  1023.0  14.0
19.688  793.0  1023.0  14.0
19.708  793.0  1023.0  14.0
19.708  793.0  1023.0  14.0
19.729  793.0  1023.0  14.0
19.75  793.0  1023.0  12.0
19.771  793.0  1023.0  12.0
19.791  793.0  1023.0  12.0
19.791  793.0  1023.0  12.0
19.791  793.0  1023.0  12.0
19.832  793.0  1023.0  9.0
19.853  793.0  1023.0  10.0
19.853  793.0  1023.0  10.0
19.874  793.0  1023.0  10.0
19.895  793.0  1023.0  14.0
19.915  793.0  1023.0  15.0
19.937  793.0  1023.0  14.0
19.937  793.0  1023.0  14.0
19.957  793.0  1023.0  11.0
19.978  793.0  1023.0  10.0
19.998  793.0  1023.0  12.0
20.02  793.0  1023.0  11.0
20.02  793.0  1023.0  11.0
20.04  793.0  1023.0  11.0
20.061  793.0  1023.0  11.0
20.082  793.0  1023.0  10.0
20.102  793.0  1023.0  8.0
20.102  793.0  1023.0  8.0
20.121  793.0  1023.0  8.0
20.142  793.0  1023.0  8.0
20.161  793.0  1023.0  8.0
20.161  793.0  1023.0  8.0
20.18  793.0  1023.0  8.0
20.2  793.0  1023.0  8.0
20.221  793.0  1023.0  10.0
20.242  793.0  1023.0  12.0
20.242  793.0  1023.0  12.0
20.262  793.0  1023.0  12.0
20.284  793.0  1023.0  13.0
20.304  793.0  1023.0  12.0
20.325  793.0  1023.0  10.0
20.325  793.0  1023.0  10.0
20.346  793.0  1023.0  11.0
20.367  793.0  1023.0  10.0
20.387  793.0  1023.0  10.0
20.409  793.0  1023.0  10.0
20.409  793.0  1023.0  10.0
20.428  793.0  1023.0  9.0
20.449  793.0  1023.0  10.0
20.47  793.0  1023.0  10.0
20.51  793.0  1023.0  10.0
20.51  793.0  1023.0  10.0
20.53  793.0  1023.0  9.0
20.551  793.0  1023.0  10.0
20.571  793.0  1023.0  8.0
20.571  793.0  1023.0  8.0
20.59  793.0  1023.0  8.0
20.611  793.0  1023.0  8.0
20.63  793.0  1023.0  6.0
20.649  793.0  1023.0  8.0
20.649  793.0  1023.0  8.0
20.67  793.0  1023.0  6.0
20.689  793.0  1023.0  7.0
20.709  793.0  1023.0  6.0
20.728  793.0  1023.0  4.0
20.728  793.0  1023.0  4.0
20.749  793.0  1023.0  4.0
20.768  793.0  1023.0  5.0
20.788  793.0  1023.0  5.0
20.808  793.0  1023.0  4.0
20.808  793.0  1023.0  4.0
20.847  793.0  1023.0  5.0
20.867  793.0  1023.0  6.0
20.887  793.0  1023.0  6.0
20.887  793.0  1023.0  6.0
20.907  793.0  1023.0  5.0
20.926  793.0  1023.0  5.0
20.946  793.0  1023.0  5.0
20.966  793.0  1023.0  6.0
20.985  793.0  1023.0  7.0
20.985  793.0  1023.0  7.0
21.006  793.0  1023.0  8.0
21.025  793.0  1023.0  8.0
21.045  793.0  1023.0  8.0
21.045  793.0  1023.0  8.0
21.064  793.0  1023.0  8.0
21.085  793.0  1023.0  8.0
21.104  793.0  1023.0  8.0
21.124  793.0  1023.0  8.0
21.124  793.0  1023.0  8.0
21.164  793.0  1023.0  8.0
21.183  793.0  1023.0  9.0
21.203  793.0  1023.0  8.0
21.223  793.0  1023.0  9.0
21.223  793.0  1023.0  9.0
21.242  793.0  1023.0  9.0
21.263  793.0  1023.0  12.0
21.284  793.0  1023.0  12.0
21.304  793.0  1023.0  9.0
21.304  793.0  1023.0  9.0
21.324  793.0  1023.0  12.0
21.346  793.0  1023.0  12.0
21.366  793.0  1023.0  12.0
21.366  793.0  1023.0  12.0
21.387  793.0  1023.0  11.0
21.408  793.0  1023.0  11.0
21.429  793.0  1023.0  10.0
21.449  793.0  1023.0  10.0
21.449  793.0  1023.0  10.0
21.471  793.0  1023.0  10.0
21.491  793.0  1023.0  10.0
21.512  793.0  1023.0  10.0
21.531  793.0  1023.0  8.0
21.531  793.0  1023.0  8.0
21.552  793.0  1023.0  8.0
21.571  793.0  1023.0  8.0
21.591  793.0  1023.0  8.0
21.611  793.0  1023.0  8.0
21.611  793.0  1023.0  8.0
21.63  793.0  1023.0  8.0
21.65  793.0  1023.0  8.0
21.67  793.0  1023.0  8.0
21.69  793.0  1023.0  8.0
21.69  793.0  1023.0  8.0
21.729  793.0  1023.0  5.0
21.749  793.0  1023.0  4.0
21.769  793.0  1023.0  4.0
21.788  793.0  1023.0  4.0
21.788  793.0  1023.0  4.0
21.809  793.0  1023.0  4.0
21.828  793.0  1023.0  8.0
21.848  793.0  759.0  10.0
21.848  793.0  759.0  10.0
21.868  793.0  617.0  13.0
21.888  793.0  490.0  16.0
21.907  793.0  415.0  20.0
21.926  793.0  384.0  21.0
21.947  793.0  342.0  26.0
21.947  793.0  342.0  26.0
21.966  793.0  313.0  27.0
21.986  793.0  277.0  30.0
22.006  793.0  253.0  31.0
22.006  793.0  253.0  31.0
22.026  793.0  231.0  32.0
22.065  793.0  196.0  32.0
22.085  793.0  132.0  34.0
22.105  793.0  127.0  36.0
22.105  793.0  127.0  36.0
22.124  793.0  127.0  36.0
22.145  793.0  123.0  36.0
22.164  793.0  105.0  37.0
22.182  793.0  96.0  38.0
22.182  793.0  96.0  38.0
22.202  793.0  77.0  39.0
22.22  793.0  79.0  40.0
22.257  793.0  77.0  36.0
22.257  793.0  77.0  36.0
22.277  793.0  85.0  37.0
22.295  793.0  95.0  37.0
22.313  793.0  82.0  36.0
22.333  793.0  84.0  37.0
22.333  793.0  84.0  37.0
22.351  793.0  86.0  36.0
22.371  793.0  104.0  34.0
22.39  793.0  110.0  34.0
22.41  793.0  94.0  34.0
22.41  793.0  94.0  34.0
22.429  793.0  102.0  34.0
22.469  793.0  129.0  34.0
22.469  793.0  129.0  34.0
22.508  793.0  116.0  36.0
22.508  793.0  116.0  36.0
22.528  793.0  124.0  34.0
22.548  793.0  133.0  35.0
22.567  793.0  168.0  36.0
22.567  793.0  168.0  36.0
22.587  793.0  162.0  35.0
22.607  793.0  168.0  34.0
22.627  793.0  145.0  35.0
22.646  793.0  152.0  36.0
22.646  793.0  152.0  36.0
22.667  793.0  142.0  36.0
22.686  793.0  126.0  35.0
22.706  793.0  104.0  36.0
22.744  793.0  65.0  36.0
22.744  793.0  65.0  36.0
22.763  793.0  106.0  38.0
22.782  793.0  108.0  37.0
22.802  793.0  87.0  37.0
22.821  793.0  137.0  38.0
22.821  793.0  137.0  38.0
22.841  793.0  163.0  37.0
22.86  793.0  154.0  38.0
22.881  793.0  152.0  38.0
22.9  793.0  135.0  37.0
22.9  793.0  135.0  37.0
22.92  793.0  130.0  38.0
22.94  793.0  134.0  39.0
22.96  793.0  111.0  40.0
22.96  793.0  111.0  40.0
22.979  793.0  124.0  40.0
23.0  793.0  116.0  40.0
23.019  793.0  117.0  40.0
23.038  793.0  118.0  40.0
23.038  793.0  118.0  40.0
23.058  793.0  113.0  40.0
23.098  793.0  153.0  37.0
23.117  793.0  156.0  37.0
23.138  793.0  155.0  38.0
23.138  793.0  155.0  38.0
23.157  793.0  160.0  38.0
23.177  793.0  163.0  37.0
23.196  793.0  156.0  38.0
23.217  793.0  167.0  38.0
23.217  793.0  167.0  38.0
23.236  793.0  172.0  39.0
23.256  793.0  179.0  38.0
23.276  793.0  179.0  38.0
23.296  793.0  180.0  39.0
23.296  793.0  180.0  39.0
23.315  793.0  171.0  40.0
23.335  793.0  179.0  39.0
23.355  793.0  201.0  39.0
23.394  793.0  190.0  38.0
23.394  793.0  190.0  38.0
23.414  793.0  173.0  38.0
23.434  793.0  178.0  38.0
23.453  793.0  176.0  40.0
23.453  793.0  176.0  40.0
23.474  793.0  154.0  38.0
23.493  793.0  157.0  38.0
23.513  793.0  158.0  38.0
23.533  793.0  160.0  38.0
23.533  793.0  160.0  38.0
23.553  793.0  157.0  38.0
23.572  793.0  133.0  38.0
23.591  793.0  128.0  38.0
23.591  793.0  128.0  38.0
23.612  793.0  124.0  38.0
23.631  793.0  122.0  39.0
23.671  793.0  112.0  37.0
23.691  793.0  112.0  37.0
23.691  793.0  112.0  37.0
23.71  793.0  121.0  37.0
23.731  793.0  128.0  38.0
23.75  793.0  120.0  39.0
23.77  793.0  114.0  38.0
23.77  793.0  114.0  38.0
23.789  793.0  112.0  39.0
23.81  793.0  112.0  39.0
23.829  793.0  102.0  40.0
23.847  793.0  98.0  39.0
23.847  793.0  98.0  39.0
23.868  793.0  107.0  40.0
23.887  793.0  111.0  38.0
23.907  793.0  112.0  39.0
23.926  793.0  127.0  37.0
23.926  793.0  127.0  37.0
23.947  793.0  127.0  36.0
23.986  793.0  139.0  36.0
24.006  793.0  158.0  36.0
24.026  793.0  160.0  36.0
24.026  793.0  160.0  36.0
24.045  793.0  184.0  37.0
24.066  793.0  179.0  37.0
24.085  793.0  182.0  36.0
24.085  793.0  182.0  36.0
24.104  793.0  164.0  36.0
24.124  793.0  177.0  36.0
24.144  793.0  197.0  36.0
24.164  793.0  193.0  36.0
24.164  793.0  193.0  36.0
24.183  793.0  193.0  36.0
24.204  793.0  189.0  37.0
24.223  793.0  183.0  38.0
24.243  793.0  185.0  36.0
24.243  793.0  185.0  36.0
24.263  793.0  187.0  37.0
24.283  793.0  185.0  38.0
24.322  793.0  184.0  38.0
24.342  793.0  182.0  37.0
24.342  793.0  182.0  37.0
24.361  793.0  183.0  38.0
24.381  793.0  184.0  38.0
24.401  793.0  176.0  38.0
24.401  793.0  176.0  38.0
24.421  793.0  172.0  38.0
24.44  793.0  168.0  38.0
24.46  793.0  160.0  37.0
24.48  793.0  106.0  38.0
24.48  793.0  106.0  38.0
24.5  793.0  129.0  38.0
24.519  793.0  147.0  39.0
24.54  793.0  150.0  40.0
24.559  793.0  127.0  40.0
24.559  793.0  127.0  40.0
24.579  793.0  130.0  40.0
24.599  793.0  131.0  40.0
24.619  793.0  137.0  41.0
24.657  793.0  120.0  41.0
24.678  793.0  120.0  41.0
24.678  793.0  120.0  41.0
24.697  793.0  118.0  41.0
24.717  793.0  112.0  41.0
24.737  793.0  122.0  41.0
24.737  793.0  122.0  41.0
24.757  793.0  133.0  38.0
24.776  793.0  136.0  40.0
24.797  793.0  134.0  39.0
24.797  793.0  134.0  39.0
24.816  793.0  133.0  38.0
24.836  793.0  136.0  38.0
24.855  793.0  137.0  39.0
24.876  793.0  152.0  38.0
24.876  793.0  152.0  38.0
24.895  793.0  134.0  38.0
24.914  793.0  143.0  40.0
24.935  793.0  136.0  39.0
24.974  793.0  148.0  40.0
24.974  793.0  148.0  40.0
24.993  793.0  145.0  40.0
25.014  793.0  148.0  39.0
25.033  793.0  158.0  39.0
25.053  793.0  169.0  40.0
25.053  793.0  169.0  40.0
25.073  793.0  162.0  40.0
25.093  793.0  144.0  40.0
25.112  793.0  142.0  40.0
25.112  793.0  146.0  40.0
25.133  793.0  146.0  40.0
25.152  793.0  148.0  39.0
25.171  793.0  148.0  40.0
25.191  793.0  140.0  39.0
25.191  793.0  140.0  39.0
25.231  793.0  107.0  39.0
25.231  793.0  107.0  39.0
25.27  793.0  96.0  40.0
25.289  793.0  102.0  38.0
25.289  793.0  102.0  38.0
25.309  793.0  106.0  38.0
25.329  793.0  123.0  39.0
25.349  793.0  121.0  40.0
25.349  793.0  121.0  40.0
25.368  793.0  104.0  40.0
25.388  793.0  102.0  40.0
25.408  793.0  100.0  38.0
25.426  793.0  96.0  38.0
25.426  793.0  96.0  38.0
25.464  793.0  72.0  40.0
25.483  793.0  72.0  40.0
25.501  793.0  72.0  40.0
25.52  793.0  82.0  40.0
25.52  793.0  82.0  40.0
25.539  793.0  80.0  40.0
25.558  793.0  86.0  41.0
25.576  793.0  81.0  40.0
25.596  793.0  104.0  40.0
25.596  793.0  104.0  40.0
25.615  793.0  97.0  38.0
25.634  793.0  106.0  39.0
25.674  793.0  111.0  40.0
25.694  793.0  114.0  40.0
25.694  793.0  114.0  40.0
25.713  793.0  127.0  40.0
25.734  793.0  125.0  39.0
25.753  793.0  138.0  39.0
25.753  793.0  138.0  39.0
25.773  793.0  122.0  38.0
25.792  793.0  137.0  39.0
25.812  793.0  142.0  39.0
25.832  793.0  150.0  40.0
25.832  793.0  150.0  40.0
25.851  793.0  153.0  38.0
25.872  793.0  151.0  38.0
25.891  793.0  157.0  39.0
25.911  793.0  152.0  39.0
25.911  793.0  152.0  39.0
25.931  793.0  147.0  38.0
25.951  793.0  146.0  38.0
25.97  793.0  482.0  38.0
26.01  793.0  139.0  40.0
26.01  793.0  139.0  40.0
26.03  793.0  141.0  38.0
26.049  793.0  109.0  38.0
26.07  793.0  106.0  40.0
26.089  793.0  106.0  40.0
26.089  793.0  106.0  40.0
26.108  793.0  102.0  38.0
26.128  793.0  96.0  37.0
26.146  793.0  94.0  37.0
26.146  793.0  94.0  37.0
26.166  793.0  100.0  36.0
26.185  793.0  113.0  36.0
26.206  793.0  111.0  38.0
26.225  793.0  100.0  37.0
26.225  793.0  100.0  37.0
26.263  793.0  93.0  38.0
26.281  793.0  88.0  40.0
26.3  793.0  88.0  40.0
26.318  793.0  90.0  40.0
26.318  793.0  90.0  40.0
26.338  793.0  85.0  40.0
26.356  793.0  88.0  41.0
26.375  793.0  87.0  42.0
26.394  793.0  90.0  40.0
26.394  793.0  90.0  40.0
26.413  793.0  88.0  41.0
26.451  793.0  104.0  40.0
26.472  793.0  104.0  40.0
26.491  793.0  102.0  40.0
26.491  793.0  102.0  40.0
26.511  793.0  102.0  40.0
26.531  793.0  102.0  38.0
26.551  793.0  120.0  38.0
26.57  793.0  122.0  39.0
26.57  793.0  122.0  39.0
26.59  793.0  124.0  39.0
26.61  793.0  122.0  37.0
26.63  793.0  129.0  38.0
26.63  793.0  129.0  38.0
26.649  793.0  138.0  37.0
26.67  793.0  167.0  37.0
26.689  793.0  172.0  38.0
26.708  793.0  139.0  38.0
26.708  793.0  139.0  38.0
26.729  793.0  124.0  38.0
26.768  793.0  124.0  38.0
26.787  793.0  123.0  37.0
26.787  793.0  123.0  37.0
26.808  793.0  122.0  36.0
26.827  793.0  123.0  37.0
26.847  793.0  121.0  36.0
26.867  793.0  120.0  37.0
26.867  793.0  120.0  37.0
26.887  793.0  126.0  36.0
26.906  793.0  117.0  37.0
26.927  793.0  109.0  37.0
26.946  793.0  116.0  37.0
26.946  793.0  116.0  37.0
26.966  793.0  106.0  36.0
26.984  793.0  92.0  35.0
27.003  793.0  89.0  36.0
27.041  793.0  108.0  37.0
27.041  793.0  108.0  37.0
27.061  793.0  90.0  40.0
27.079  793.0  96.0  40.0
27.098  793.0  91.0  40.0
27.116  793.0  84.0  40.0
27.116  793.0  84.0  40.0
27.136  793.0  91.0  40.0
27.154  793.0  92.0  41.0
27.172  793.0  90.0  41.0
27.21  793.0  87.0  40.0
27.21  793.0  87.0  40.0
27.229  793.0  84.0  40.0
27.247  793.0  86.0  40.0
27.268  793.0  101.0  37.0
27.268  793.0  101.0  37.0
27.287  793.0  106.0  37.0
27.307  793.0  118.0  37.0
27.327  793.0  110.0  36.0
27.327  793.0  110.0  36.0
27.346  793.0  108.0  36.0
27.385  793.0  118.0  36.0
27.406  793.0  140.0  36.0
27.406  793.0  140.0  36.0
27.425  793.0  138.0  37.0
27.445  793.0  144.0  36.0
27.465  793.0  145.0  36.0
27.485  793.0  143.0  35.0
27.485  793.0  147.0  36.0
27.504  793.0  147.0  36.0
27.525  793.0  156.0  35.0
27.544  793.0  152.0  36.0
27.564  793.0  145.0  36.0
27.564  793.0  145.0  36.0
27.583  793.0  148.0  36.0
27.603  793.0  147.0  36.0
27.623  793.0  145.0  36.0
27.642  793.0  163.0  36.0
27.642  793.0  163.0  36.0
27.663  793.0  155.0  36.0
27.702  793.0  118.0  36.0
27.721  793.0  102.0  36.0
27.741  793.0  95.0  36.0
27.741  793.0  95.0  36.0
27.76  793.0  104.0  36.0
27.78  793.0  100.0  38.0
27.8  793.0  103.0  40.0
27.8  793.0  103.0  40.0
27.819  793.0  90.0  40.0
27.837  793.0  96.0  38.0
27.855  793.0  94.0  39.0
27.876  793.0  101.0  39.0
27.876  793.0  101.0  39.0
27.895  793.0  107.0  40.0
27.934  793.0  94.0  40.0
27.953  793.0  78.0  41.0
27.971  793.0  76.0  41.0
27.971  793.0  76.0  41.0
27.991  793.0  70.0  41.0
28.009  793.0  66.0  40.0
28.027  793.0  68.0  40.0
28.046  793.0  66.0  39.0
28.046  793.0  66.0  39.0
28.065  793.0  63.0  38.0
28.102  793.0  92.0  36.0
28.121  793.0  93.0  36.0
28.121  793.0  93.0  36.0
28.141  793.0  104.0  36.0
28.161  793.0  113.0  36.0
28.18  793.0  124.0  36.0
28.2  793.0  118.0  36.0
28.2  793.0  118.0  36.0
28.22  793.0  125.0  36.0
28.239  793.0  134.0  36.0
28.26  793.0  132.0  37.0
28.279  793.0  148.0  37.0
28.279  793.0  148.0  37.0
28.299  793.0  157.0  37.0
28.318  793.0  147.0  38.0
28.339  793.0  140.0  38.0
28.339  793.0  140.0  38.0
28.378  793.0  141.0  37.0
28.398  793.0  145.0  38.0
28.418  793.0  143.0  37.0
28.437  793.0  125.0  37.0
28.437  793.0  125.0  37.0
28.457  793.0  106.0  37.0
28.476  793.0  92.0  37.0
28.494  793.0  86.0  38.0
28.513  793.0  86.0  38.0
28.513  793.0  86.0  38.0
28.532  793.0  76.0  38.0
28.552  793.0  100.0  38.0
28.59  793.0  54.0  38.0
28.608  793.0  48.0  38.0
28.608  793.0  48.0  38.0
28.626  793.0  26.0  37.0
28.645  793.0  31.0  36.0
28.664  793.0  33.0  36.0
28.664  793.0  33.0  36.0
28.683  793.0  36.0  35.0
28.701  793.0  40.0  35.0
28.739  793.0  41.0  37.0
28.758  793.0  50.0  37.0
28.758  793.0  50.0  37.0
28.776  793.0  66.0  37.0
28.795  793.0  42.0  37.0
28.814  793.0  37.0  38.0
28.814  793.0  37.0  38.0
28.832  793.0  31.0  38.0
28.851  793.0  27.0  38.0
28.87  793.0  28.0  38.0
28.907  793.0  24.0  38.0
28.926  793.0  48.0  38.0
28.926  793.0  48.0  38.0
28.945  793.0  56.0  36.0
28.963  793.0  46.0  35.0
28.982  793.0  48.0  35.0
28.982  793.0  48.0  35.0
29.001  793.0  49.0  35.0
29.02  793.0  44.0  35.0
29.058  793.0  53.0  36.0
29.076  793.0  53.0  36.0
29.076  793.0  53.0  36.0
29.094  793.0  54.0  37.0
29.113  793.0  57.0  36.0
29.132  793.0  74.0  36.0
29.151  793.0  64.0  33.0
29.151  793.0  64.0  33.0
29.169  793.0  97.0  38.0
29.19  793.0  106.0  39.0
29.208  793.0  81.0  36.0
29.245  793.0  69.0  32.0
29.245  793.0  69.0  32.0
29.264  793.0  78.0  32.0
29.283  793.0  86.0  34.0
29.301  793.0  92.0  34.0
29.301  793.0  92.0  34.0
29.322  793.0  110.0  35.0
29.341  793.0  117.0  35.0
29.361  793.0  117.0  36.0
29.38  793.0  130.0  34.0
29.38  793.0  130.0  34.0
29.401  793.0  110.0  35.0
29.42  793.0  106.0  35.0
29.438  793.0  94.0  36.0
29.459  793.0  100.0  36.0
29.459  793.0  100.0  36.0
29.496  793.0  52.0  37.0
29.514  793.0  45.0  37.0
29.534  793.0  42.0  37.0
29.552  793.0  52.0  37.0
29.552  793.0  52.0  37.0
29.571  793.0  38.0  37.0
29.59  793.0  33.0  38.0
29.608  793.0  36.0  38.0
29.627  793.0  34.0  38.0
29.627  793.0  34.0  38.0
29.665  793.0  20.0  36.0
29.683  793.0  14.0  35.0
29.702  793.0  10.0  35.0
29.721  793.0  18.0  34.0
29.721  793.0  18.0  34.0
29.74  793.0  20.0  35.0
29.758  793.0  15.0  36.0
29.776  793.0  20.0  36.0
29.776  793.0  20.0  36.0
29.814  793.0  20.0  37.0
29.833  793.0  21.0  37.0
29.851  793.0  24.0  37.0
29.871  793.0  21.0  36.0
29.871  793.0  21.0  36.0
29.889  793.0  18.0  36.0
29.907  793.0  36.0  35.0
29.927  793.0  48.0  32.0
29.945  793.0  38.0  30.0
29.945  793.0  38.0  30.0
29.982  793.0  36.0  28.0
30.002  793.0  12.0  28.0
30.02  793.0  26.0  27.0
30.039  793.0  25.0  24.0
30.039  793.0  25.0  24.0
30.058  793.0  37.0  26.0
30.076  793.0  34.0  29.0
30.095  793.0  34.0  29.0
30.095  793.0  34.0  29.0
30.113  793.0  38.0  30.0
30.151  793.0  66.0  35.0
30.17  793.0  62.0  36.0
30.189  793.0  55.0  36.0
30.189  793.0  55.0  36.0
30.208  793.0  46.0  35.0
30.226  793.0  42.0  36.0
30.244  793.0  43.0  34.0
30.264  793.0  32.0  34.0
30.264  793.0  32.0  34.0
30.282  793.0  24.0  33.0
30.301  793.0  34.0  32.0
30.339  793.0  25.0  33.0
30.356  793.0  9.0  35.0
30.356  793.0  9.0  35.0
30.374  793.0  15.0  35.0
30.394  793.0  19.0  36.0
30.412  793.0  17.0  36.0
30.431  793.0  30.0  37.0
30.431  793.0  30.0  37.0
30.449  793.0  18.0  36.0
30.485  793.0  8.0  36.0
30.503  793.0  11.0  32.0
30.523  793.0  21.0  35.0
30.523  793.0  21.0  35.0
30.541  793.0  36.0  34.0
30.56  793.0  36.0  44.0
30.578  793.0  40.0  34.0
30.578  793.0  40.0  34.0
30.616  793.0  70.0  36.0
30.616  793.0  70.0  36.0
30.654  793.0  98.0  36.0
30.673  793.0  106.0  36.0
30.673  793.0  106.0  36.0
30.692  793.0  94.0  37.0
30.71  793.0  76.0  36.0
30.73  793.0  62.0  36.0
30.748  793.0  72.0  36.0
30.748  793.0  72.0  36.0
30.767  793.0  82.0  36.0
30.787  793.0  106.0  36.0
30.807  793.0  104.0  36.0
30.826  793.0  101.0  36.0
30.826  793.0  101.0  36.0
30.845  793.0  104.0  36.0
30.883  793.0  142.0  0.0
30.903  793.0  180.0  35.0
30.923  793.0  171.0  35.0
30.923  793.0  171.0  35.0
30.942  793.0  94.0  34.0
30.961  793.0  120.0  33.0
30.982  793.0  67.0  1023.0
31.003  793.0  32.0  1023.0
31.003  793.0  32.0  1023.0
31.023  793.0  3.0  1023.0
31.043  793.0  26.0  1023.0
31.065  793.0  17.0  1023.0
31.084  793.0  8.0  1023.0
31.084  793.0  8.0  1023.0
31.104  793.0  0.0  1023.0
31.124  793.0  0.0  1023.0
31.143  793.0  0.0  1023.0
31.163  793.0  0.0  1023.0
31.163  793.0  0.0  1023.0
31.182  793.0  0.0  1023.0
31.203  793.0  2.0  1023.0
31.222  793.0  1.0  1023.0
31.242  793.0  0.0  1023.0
31.242  793.0  0.0  1023.0
31.282  793.0  0.0  1023.0
31.301  793.0  1.0  1023.0
31.322  793.0  0.0  1023.0
31.341  793.0  4.0  1023.0
31.341  793.0  4.0  1023.0
31.361  793.0  2.0  1023.0
31.38  793.0  7.0  1023.0
31.4  793.0  5.0  1023.0
31.42  793.0  6.0  1023.0
31.42  793.0  6.0  1023.0
31.44  793.0  10.0  1023.0
31.462  793.0  10.0  1023.0
31.481  793.0  7.0  1023.0
31.481  793.0  7.0  1023.0
31.501  793.0  7.0  1023.0
31.521  793.0  8.0  1023.0
31.542  793.0  11.0  1023.0
31.542  793.0  11.0  1023.0
31.562  793.0  10.0  1023.0
31.583  793.0  16.0  1023.0
31.624  793.0  6.0  1023.0
31.644  793.0  12.0  1023.0
31.644  793.0  12.0  1023.0
31.665  793.0  9.0  1023.0
31.684  793.0  9.0  1023.0
31.704  793.0  8.0  1023.0
31.704  793.0  8.0  1023.0
31.725  793.0  14.0  1023.0
31.746  793.0  24.0  1023.0
31.763  793.0  30.0  0.0
31.784  793.0  47.0  1023.0
31.784  793.0  47.0  1023.0
31.805  793.0  58.0  1023.0
31.824  793.0  69.0  873.0
31.845  793.0  42.0  1023.0
31.863  793.0  40.0  0.0
31.863  793.0  40.0  0.0
31.884  793.0  44.0  1023.0
31.904  793.0  41.0  1023.0
31.926  793.0  41.0  1023.0
31.943  793.0  44.0  0.0
31.943  793.0  44.0  0.0
31.964  793.0  60.0  1023.0
31.985  793.0  48.0  1023.0
32.005  793.0  26.0  771.0
32.045  793.0  0.0  1023.0
32.045  793.0  0.0  1023.0
32.065  793.0  4.0  1023.0
32.084  793.0  0.0  1023.0
32.104  793.0  6.0  1023.0
32.125  793.0  12.0  1023.0
32.125  793.0  12.0  1023.0
32.145  793.0  8.0  1023.0
32.164  793.0  0.0  1023.0
32.185  793.0  2.0  1023.0
32.185  793.0  2.0  1023.0
32.204  793.0  0.0  1023.0
32.224  793.0  2.0  1023.0
32.243  793.0  2.0  1023.0
32.264  793.0  7.0  1023.0
32.264  793.0  7.0  1023.0
32.284  793.0  14.0  1023.0
32.305  793.0  33.0  1023.0
32.323  793.0  26.0  0.0
32.344  793.0  32.0  1023.0
32.344  793.0  32.0  1023.0
32.364  793.0  34.0  1023.0
32.385  793.0  56.0  905.0
32.422  793.0  69.0  0.0
32.443  793.0  40.0  1023.0
32.443  793.0  40.0  1023.0
32.464  793.0  19.0  1023.0
32.484  793.0  19.0  913.0
32.504  793.0  24.0  1023.0
32.523  793.0  62.0  0.0
32.523  793.0  62.0  0.0
32.543  793.0  32.0  1023.0
32.564  793.0  29.0  1023.0
32.585  793.0  39.0  1023.0
32.604  793.0  38.0  80.0
32.604  793.0  38.0  80.0
32.624  793.0  42.0  1023.0
32.644  793.0  41.0  777.0
32.664  793.0  82.0  866.0
32.685  793.0  100.0  428.0
32.685  793.0  100.0  428.0
32.703  793.0  90.0  30.0
32.722  793.0  80.0  28.0
32.76  793.0  100.0  30.0
32.76  793.0  100.0  30.0
32.78  793.0  160.0  32.0
32.8  793.0  220.0  33.0
32.82  793.0  229.0  35.0
32.839  793.0  304.0  40.0
32.839  793.0  304.0  40.0
32.86  793.0  381.0  39.0
32.879  793.0  430.0  40.0
32.899  793.0  468.0  43.0
32.919  793.0  549.0  49.0
32.919  793.0  549.0  49.0
32.939  793.0  646.0  55.0
32.958  793.0  761.0  56.0
32.977  793.0  807.0  57.0
32.998  793.0  842.0  60.0
32.998  793.0  842.0  60.0
33.017  793.0  878.0  62.0
33.037  793.0  922.0  65.0
33.057  793.0  911.0  64.0
33.096  793.0  979.0  65.0
33.117  793.0  983.0  65.0
33.117  793.0  983.0  65.0
33.137  793.0  1023.0  62.0
33.158  793.0  1023.0  62.0
33.158  793.0  1023.0  62.0
33.158  793.0  1023.0  62.0
33.2  793.0  1023.0  61.0
33.22  793.0  1015.0  60.0
33.241  793.0  1023.0  61.0
33.262  793.0  1023.0  63.0
33.262  793.0  1023.0  63.0
33.283  793.0  1023.0  63.0
33.303  793.0  1023.0  63.0
33.325  793.0  1015.0  64.0
33.325  793.0  1015.0  64.0
33.344  793.0  987.0  62.0
33.364  793.0  1006.0  61.0
33.386  793.0  1023.0  62.0
33.386  793.0  1023.0  62.0
33.405  793.0  977.0  61.0
33.425  793.0  971.0  63.0
33.444  793.0  975.0  61.0
33.465  793.0  984.0  60.0
33.465  793.0  984.0  60.0
33.484  793.0  999.0  60.0
33.504  793.0  987.0  60.0
33.524  793.0  993.0  60.0
33.544  793.0  999.0  60.0
33.544  793.0  999.0  60.0
33.564  793.0  1009.0  60.0
33.586  793.0  1020.0  61.0
33.606  793.0  1023.0  61.0
33.627  793.0  1023.0  62.0
33.627  793.0  1023.0  62.0
33.669  793.0  1023.0  62.0
33.689  793.0  1023.0  62.0
33.71  793.0  1023.0  61.0
33.71  793.0  1023.0  61.0
33.731  793.0  1023.0  60.0
33.752  793.0  1023.0  60.0
33.752  793.0  1023.0  60.0
33.794  793.0  1023.0  60.0
33.794  793.0  1023.0  60.0
33.794  793.0  1023.0  60.0
33.835  793.0  1023.0  59.0
33.856  793.0  1023.0  59.0
33.876  793.0  1023.0  57.0
33.876  793.0  1023.0  57.0
33.897  793.0  1023.0  58.0
33.918  793.0  1023.0  56.0
33.939  793.0  1023.0  52.0
33.959  793.0  1023.0  48.0
33.959  793.0  1023.0  48.0
33.981  793.0  1023.0  50.0
34.001  793.0  1023.0  50.0
34.022  793.0  1023.0  49.0
34.042  793.0  1023.0  44.0
34.042  793.0  1023.0  44.0
34.064  793.0  1023.0  38.0
34.083  793.0  922.0  37.0
34.104  793.0  1023.0  33.0
34.104  793.0  1023.0  33.0
34.124  793.0  651.0  30.0
34.144  793.0  558.0  29.0
34.163  793.0  509.0  29.0
34.184  793.0  388.0  29.0
34.184  793.0  388.0  29.0
34.203  793.0  380.0  27.0
34.223  793.0  362.0  26.0
34.242  793.0  323.0  28.0
34.263  793.0  312.0  29.0
34.263  793.0  312.0  29.0
34.282  793.0  312.0  28.0
34.301  793.0  249.0  28.0
34.341  793.0  266.0  28.0
34.361  793.0  246.0  28.0
34.361  793.0  246.0  28.0
34.381  793.0  243.0  28.0
34.401  793.0  246.0  27.0
34.42  793.0  266.0  28.0
34.42  793.0  266.0  28.0
34.44  793.0  247.0  26.0
34.46  793.0  267.0  26.0
34.48  793.0  269.0  29.0
34.499  793.0  308.0  32.0
34.499  793.0  308.0  32.0
34.52  793.0  330.0  33.0
34.539  793.0  394.0  34.0
34.558  793.0  422.0  34.0
34.578  793.0  426.0  33.0
34.578  793.0  426.0  33.0
34.599  793.0  1023.0  34.0
34.619  793.0  494.0  35.0
34.638  793.0  542.0  37.0
34.659  793.0  553.0  36.0
34.659  793.0  553.0  36.0
34.698  793.0  571.0  36.0
34.718  793.0  584.0  37.0
34.738  793.0  577.0  36.0
34.757  793.0  594.0  36.0
34.757  793.0  594.0  36.0
34.777  793.0  622.0  34.0
34.797  793.0  619.0  35.0
34.817  793.0  623.0  34.0
34.838  793.0  608.0  1023.0
34.838  793.0  608.0  1023.0
34.861  793.0  600.0  1023.0
34.882  793.0  602.0  1023.0
34.903  793.0  616.0  124.0
34.924  793.0  645.0  112.0
34.924  793.0  645.0  112.0
34.945  793.0  701.0  168.0
34.966  793.0  1023.0  224.0
34.987  793.0  670.0  55.0
34.987  793.0  670.0  55.0
35.007  793.0  727.0  144.0
35.028  793.0  1023.0  264.0
35.051  793.0  1023.0  532.0
35.074  793.0  1023.0  1023.0
35.074  793.0  1023.0  1023.0
35.096  793.0  1023.0  1023.0
35.12  793.0  1009.0  1023.0
35.12  793.0  1009.0  1023.0
35.164  793.0  1023.0  288.0
35.164  793.0  1023.0  288.0
35.164  793.0  1023.0  288.0
35.206  793.0  1023.0  40.0
35.226  793.0  1023.0  40.0
35.226  793.0  1023.0  40.0
35.226  793.0  1023.0  40.0
35.248  793.0  1023.0  41.0
35.268  793.0  1023.0  40.0
35.289  793.0  1023.0  42.0
35.331  793.0  1023.0  43.0
35.331  793.0  1023.0  43.0
35.351  793.0  1023.0  44.0
35.372  793.0  1023.0  44.0
35.393  793.0  1023.0  45.0
35.393  793.0  1023.0  45.0
35.414  793.0  1023.0  46.0
35.434  793.0  1023.0  48.0
35.456  793.0  1023.0  48.0
35.476  793.0  1023.0  48.0
35.476  793.0  1023.0  48.0
35.496  793.0  1023.0  49.0
35.518  793.0  1023.0  50.0
35.538  793.0  1023.0  49.0
35.559  793.0  1023.0  51.0
35.559  793.0  1023.0  51.0
35.58  793.0  1023.0  53.0
35.601  793.0  1023.0  54.0
35.621  793.0  1023.0  53.0
35.642  793.0  1023.0  54.0
35.642  793.0  1023.0  54.0
35.663  793.0  1023.0  55.0
35.684  793.0  1023.0  56.0
35.704  793.0  1023.0  56.0
35.726  793.0  1023.0  57.0
35.726  793.0  1023.0  57.0
35.746  793.0  1023.0  57.0
35.767  793.0  1023.0  56.0
35.788  793.0  1023.0  56.0
35.809  793.0  1023.0  56.0
35.809  793.0  1023.0  56.0
35.829  793.0  1023.0  56.0
35.851  793.0  1023.0  54.0
35.871  793.0  1023.0  54.0
35.871  793.0  1023.0  54.0
35.892  793.0  1023.0  54.0
35.913  793.0  1023.0  53.0
35.934  793.0  1023.0  52.0
35.954  793.0  1023.0  52.0
35.954  793.0  1023.0  52.0
35.975  793.0  1023.0  50.0
35.996  793.0  1023.0  50.0
36.017  793.0  1023.0  50.0
36.037  793.0  1023.0  50.0
36.037  793.0  1023.0  50.0
36.059  793.0  1023.0  50.0
36.079  793.0  1023.0  50.0
36.1  793.0  1023.0  50.0
36.121  793.0  1023.0  51.0
36.121  793.0  1023.0  51.0
36.142  793.0  1023.0  52.0
36.162  793.0  1023.0  52.0
36.184  793.0  1023.0  52.0
36.184  793.0  1023.0  52.0
36.204  793.0  1023.0  52.0
36.225  793.0  1023.0  52.0
36.246  793.0  1023.0  52.0
36.267  793.0  1023.0  51.0
36.267  793.0  1023.0  51.0
36.287  793.0  1023.0  52.0
36.307  793.0  1023.0  52.0
36.329  793.0  1023.0  52.0
36.349  793.0  1023.0  52.0
36.349  793.0  1023.0  52.0
36.37  793.0  1023.0  52.0
36.391  793.0  1023.0  52.0
36.412  793.0  1023.0  52.0
36.412  793.0  1023.0  52.0
36.432  793.0  1023.0  50.0
36.454  793.0  1023.0  48.0
36.474  793.0  1023.0  44.0
36.495  793.0  1023.0  45.0
36.495  793.0  1023.0  45.0
36.516  793.0  1023.0  44.0
36.537  793.0  1023.0  44.0
36.557  793.0  1023.0  44.0
36.579  793.0  1023.0  44.0
36.599  793.0  1023.0  46.0
36.599  793.0  1023.0  46.0
36.62  793.0  1023.0  46.0
36.64  793.0  1023.0  44.0
36.662  793.0  1023.0  45.0
36.662  793.0  1023.0  45.0
36.682  793.0  1023.0  46.0
36.703  793.0  1023.0  46.0
36.724  793.0  1023.0  46.0
36.745  793.0  1023.0  46.0
36.745  793.0  1023.0  46.0
36.765  793.0  1023.0  46.0
36.787  793.0  1023.0  46.0
36.828  793.0  1023.0  46.0
36.828  793.0  1023.0  46.0
36.828  793.0  1023.0  46.0
36.849  793.0  1023.0  44.0
36.87  793.0  1023.0  45.0
36.89  793.0  1023.0  45.0
36.912  793.0  1023.0  46.0
36.912  793.0  1023.0  46.0
36.953  793.0  1023.0  44.0
36.953  793.0  1023.0  44.0
36.995  793.0  1023.0  42.0
36.995  793.0  1023.0  42.0
37.015  793.0  1023.0  42.0
37.036  793.0  1023.0  43.0
37.057  793.0  1023.0  44.0
37.078  793.0  1023.0  44.0
37.078  793.0  1023.0  44.0
37.098  793.0  1023.0  45.0
37.098  793.0  1023.0  45.0
37.12  793.0  1023.0  46.0
37.16  793.0  1023.0  46.0
37.16  793.0  1023.0  46.0
37.182  793.0  1023.0  48.0
37.202  793.0  1023.0  48.0
37.223  793.0  1023.0  48.0
37.244  793.0  1023.0  48.0
37.244  793.0  1023.0  48.0
37.265  793.0  1023.0  48.0
37.285  793.0  1023.0  48.0
37.306  793.0  1023.0  46.0
37.327  793.0  1023.0  46.0
37.327  793.0  1023.0  46.0
37.348  793.0  1023.0  46.0
37.368  793.0  1023.0  45.0
37.39  793.0  1023.0  46.0
37.39  793.0  1023.0  46.0
37.41  793.0  1023.0  45.0
37.431  793.0  1023.0  45.0
37.452  793.0  1023.0  44.0
37.473  793.0  1023.0  44.0
37.473  793.0  1023.0  44.0
37.493  793.0  1023.0  42.0
37.515  793.0  1023.0  42.0
37.535  793.0  1023.0  42.0
37.556  793.0  1023.0  43.0
37.556  793.0  1023.0  43.0
37.577  793.0  1023.0  44.0
37.598  793.0  1023.0  43.0
37.618  793.0  1023.0  45.0
37.639  793.0  1023.0  45.0
37.639  793.0  1023.0  45.0
37.66  793.0  1023.0  45.0
37.681  793.0  1023.0  44.0
37.701  793.0  1023.0  46.0
37.723  793.0  1023.0  46.0
37.723  793.0  1023.0  46.0
37.743  793.0  1023.0  46.0
37.764  793.0  1023.0  46.0
37.785  793.0  1023.0  46.0
37.785  793.0  1023.0  46.0
37.806  793.0  1023.0  46.0
37.826  793.0  1023.0  46.0
37.848  793.0  1023.0  46.0
37.868  793.0  1023.0  46.0
37.889  793.0  1023.0  46.0
37.889  793.0  1023.0  46.0
37.91  793.0  1023.0  46.0
37.931  793.0  1023.0  46.0
37.951  793.0  1023.0  45.0
37.971  793.0  1023.0  45.0
37.971  793.0  1023.0  45.0
37.993  793.0  1023.0  44.0
38.013  793.0  1023.0  44.0
38.034  793.0  1023.0  44.0
38.034  793.0  1023.0  44.0
38.055  793.0  1023.0  44.0
38.076  793.0  1023.0  44.0
38.096  793.0  1023.0  45.0
38.118  793.0  1023.0  44.0
38.138  793.0  1023.0  44.0
38.138  793.0  1023.0  44.0
38.159  793.0  1023.0  45.0
38.18  793.0  1023.0  45.0
38.201  793.0  1023.0  48.0
38.201  793.0  1023.0  48.0
38.221  793.0  1023.0  46.0
38.243  793.0  1023.0  46.0
38.263  793.0  1023.0  45.0
38.284  793.0  1023.0  45.0
38.284  793.0  1023.0  45.0
38.304  793.0  1023.0  44.0
38.326  793.0  1023.0  44.0
38.346  793.0  1023.0  44.0
38.367  793.0  1023.0  44.0
38.367  793.0  1023.0  44.0
38.387  793.0  991.0  43.0
38.407  793.0  949.0  41.0
38.426  793.0  939.0  41.0
38.447  793.0  930.0  40.0
38.447  793.0  930.0  40.0
38.466  793.0  906.0  40.0
38.486  793.0  867.0  40.0
38.525  793.0  765.0  37.0
38.545  793.0  706.0  38.0
38.545  793.0  706.0  38.0
38.564  793.0  639.0  40.0
38.585  793.0  618.0  38.0
38.604  793.0  586.0  40.0
38.604  793.0  586.0  40.0
38.624  793.0  449.0  38.0
38.644  793.0  433.0  40.0
38.664  793.0  404.0  38.0
38.683  793.0  437.0  38.0
38.683  793.0  437.0  38.0
38.703  793.0  394.0  38.0
38.723  793.0  418.0  38.0
38.743  793.0  418.0  38.0
38.762  793.0  397.0  37.0
38.762  793.0  397.0  37.0
38.782  793.0  370.0  38.0
38.802  793.0  390.0  39.0
38.842  793.0  396.0  40.0
38.861  793.0  394.0  40.0
38.861  793.0  394.0  40.0
38.881  793.0  413.0  38.0
38.9  793.0  413.0  40.0
38.921  793.0  431.0  40.0
38.94  793.0  442.0  38.0
38.96  793.0  502.0  38.0
38.96  793.0  502.0  38.0
38.98  793.0  518.0  38.0
39.0  793.0  526.0  38.0
39.019  793.0  527.0  37.0
39.04  793.0  542.0  36.0
39.04  793.0  542.0  36.0
39.059  793.0  566.0  36.0
39.078  793.0  566.0  36.0
39.098  793.0  415.0  33.0
39.098  793.0  415.0  33.0
39.118  793.0  287.0  30.0
39.138  793.0  261.0  28.0
39.157  793.0  297.0  25.0
39.197  793.0  300.0  28.0
39.197  793.0  300.0  28.0
39.217  793.0  242.0  28.0
39.236  793.0  275.0  24.0
39.257  793.0  277.0  25.0
39.276  793.0  264.0  24.0
39.276  793.0  264.0  24.0
39.296  793.0  252.0  24.0
39.316  793.0  276.0  25.0
39.335  793.0  280.0  26.0
39.355  793.0  279.0  27.0
39.355  793.0  279.0  27.0
39.375  793.0  289.0  28.0
39.395  793.0  308.0  28.0
39.414  793.0  305.0  28.0
39.434  793.0  301.0  27.0
39.434  793.0  301.0  27.0
39.454  793.0  310.0  28.0
39.474  793.0  309.0  29.0
39.493  793.0  309.0  30.0
39.514  793.0  297.0  30.0
39.514  793.0  297.0  30.0
39.553  793.0  312.0  33.0
39.573  793.0  284.0  34.0
39.592  793.0  255.0  33.0
39.612  793.0  245.0  32.0
39.612  793.0  245.0  32.0
39.631  793.0  228.0  33.0
39.652  793.0  240.0  33.0
39.671  793.0  240.0  34.0
39.671  793.0  240.0  34.0
39.691  793.0  220.0  33.0
39.711  793.0  261.0  34.0
39.731  793.0  286.0  35.0
39.75  793.0  315.0  33.0
39.75  793.0  315.0  33.0
39.77  793.0  331.0  32.0
39.79  793.0  341.0  33.0
39.81  793.0  381.0  30.0
39.829  793.0  388.0  28.0
39.829  793.0  388.0  28.0
39.849  793.0  403.0  28.0
39.869  793.0  391.0  29.0
39.909  793.0  388.0  29.0
39.928  793.0  394.0  28.0
39.928  793.0  394.0  28.0
39.948  793.0  395.0  28.0
39.967  793.0  424.0  28.0
39.988  793.0  402.0  28.0
40.007  793.0  404.0  29.0
40.007  793.0  404.0  29.0
40.027  793.0  401.0  28.0
40.047  793.0  406.0  28.0
40.067  793.0  466.0  28.0
40.086  793.0  465.0  28.0
40.086  793.0  465.0  28.0
40.107  793.0  448.0  29.0
40.126  793.0  441.0  28.0
40.145  793.0  787.0  28.0
40.165  793.0  895.0  29.0
40.165  793.0  895.0  29.0
40.185  793.0  939.0  30.0
40.205  793.0  957.0  30.0
40.245  793.0  769.0  29.0
40.245  793.0  769.0  29.0
40.265  793.0  1023.0  29.0
40.286  793.0  1023.0  28.0
40.307  793.0  1023.0  28.0
40.328  793.0  1023.0  28.0
40.328  793.0  1023.0  28.0
40.348  793.0  1023.0  29.0
40.369  793.0  1023.0  27.0
40.39  793.0  1023.0  26.0
40.411  793.0  1023.0  27.0
40.411  793.0  1023.0  27.0
40.431  793.0  1023.0  30.0
40.453  793.0  1023.0  32.0
40.473  793.0  1023.0  32.0
40.494  793.0  1023.0  32.0
40.494  793.0  1023.0  32.0
40.515  793.0  1023.0  33.0
40.536  793.0  1023.0  34.0
40.556  793.0  1023.0  35.0
40.578  793.0  1023.0  35.0
40.578  793.0  1023.0  35.0
40.598  793.0  1023.0  35.0
40.619  793.0  1023.0  34.0
40.64  793.0  1023.0  32.0
40.66  793.0  1023.0  30.0
40.681  793.0  1023.0  29.0
40.681  793.0  1023.0  29.0
40.701  793.0  1023.0  29.0
40.723  793.0  1023.0  29.0
40.743  793.0  1023.0  29.0
40.743  793.0  1023.0  29.0
40.764  793.0  1023.0  28.0
40.785  793.0  1023.0  29.0
40.806  793.0  1023.0  28.0
40.806  793.0  1023.0  28.0
40.826  793.0  1023.0  28.0
40.848  793.0  1023.0  28.0
40.868  793.0  1023.0  33.0
40.889  793.0  1023.0  32.0
40.889  793.0  1023.0  32.0
40.91  793.0  1023.0  32.0
40.931  793.0  1023.0  32.0
40.951  793.0  1023.0  32.0
40.973  793.0  1023.0  33.0
40.973  793.0  1023.0  33.0
40.992  793.0  979.0  32.0
41.012  793.0  947.0  32.0
41.031  793.0  931.0  32.0
41.052  793.0  925.0  33.0
41.052  793.0  925.0  33.0
41.071  793.0  960.0  32.0
41.092  793.0  1023.0  33.0
41.113  793.0  1023.0  33.0
41.134  793.0  1023.0  33.0
41.134  793.0  1023.0  33.0
41.154  793.0  1023.0  36.0
41.176  793.0  1023.0  34.0
41.196  793.0  1023.0  36.0
41.217  793.0  1023.0  35.0
41.217  793.0  1023.0  35.0
41.238  793.0  1023.0  36.0
41.259  793.0  1023.0  37.0
41.279  793.0  1023.0  36.0
41.299  793.0  1023.0  36.0
41.299  793.0  1023.0  36.0
41.321  793.0  1023.0  38.0
41.341  793.0  1023.0  40.0
41.362  793.0  1023.0  38.0
41.383  793.0  1023.0  38.0
41.383  793.0  1023.0  38.0
41.404  793.0  1023.0  39.0
41.424  793.0  1023.0  40.0
41.446  793.0  1023.0  36.0
41.466  793.0  1023.0  34.0
41.466  793.0  1023.0  34.0
41.487  793.0  1023.0  35.0
41.508  793.0  1023.0  34.0
41.529  793.0  1023.0  34.0
41.549  793.0  1023.0  33.0
41.549  793.0  1023.0  33.0
41.571  793.0  1023.0  33.0
41.591  793.0  1023.0  33.0
41.612  793.0  1023.0  33.0
41.612  793.0  1023.0  33.0
41.654  793.0  1023.0  33.0
41.654  793.0  1023.0  33.0
41.674  793.0  1023.0  34.0
41.695  793.0  1023.0  35.0
41.695  793.0  1023.0  35.0
41.716  793.0  1023.0  34.0
41.737  793.0  1023.0  34.0
41.779  793.0  1023.0  36.0
41.779  793.0  1023.0  36.0
41.799  793.0  1023.0  36.0
41.82  793.0  1023.0  34.0
41.841  793.0  1023.0  35.0
41.862  793.0  1023.0  35.0
41.862  793.0  1023.0  35.0
41.882  793.0  1023.0  36.0
41.904  793.0  1023.0  36.0
41.924  793.0  1023.0  35.0
41.945  793.0  1023.0  36.0
41.945  793.0  1023.0  36.0
41.965  793.0  1023.0  34.0
41.987  793.0  1023.0  36.0
42.007  793.0  1023.0  34.0
42.028  793.0  1023.0  36.0
42.028  793.0  1023.0  36.0
42.049  793.0  1023.0  37.0
42.07  793.0  1023.0  36.0
42.09  793.0  1023.0  34.0
42.112  793.0  1023.0  33.0
42.112  793.0  1023.0  33.0
42.132  793.0  1023.0  34.0
42.152  793.0  1023.0  34.0
42.174  793.0  1023.0  36.0
42.194  793.0  1023.0  37.0
42.194  793.0  1023.0  37.0
42.215  793.0  1023.0  37.0
42.236  793.0  1023.0  36.0
42.257  793.0  1023.0  38.0
42.277  793.0  1023.0  38.0
42.277  793.0  1023.0  38.0
42.298  793.0  1023.0  36.0
42.319  793.0  1023.0  36.0
42.34  793.0  1023.0  35.0
42.36  793.0  1023.0  37.0
42.36  793.0  1023.0  37.0
42.382  793.0  1023.0  34.0
42.402  793.0  1023.0  34.0
42.423  793.0  1023.0  33.0
42.444  793.0  1023.0  32.0
42.444  793.0  1023.0  32.0
42.465  793.0  1023.0  32.0
42.485  793.0  1023.0  32.0
42.507  793.0  1023.0  31.0
42.527  793.0  1023.0  29.0
42.527  793.0  1023.0  29.0
42.548  793.0  1023.0  30.0
42.569  793.0  1023.0  30.0
42.59  793.0  1023.0  29.0
42.59  793.0  1023.0  29.0
42.61  793.0  1023.0  30.0
42.631  793.0  1023.0  31.0
42.652  793.0  1006.0  31.0
42.672  793.0  981.0  31.0
42.672  793.0  981.0  31.0
42.691  793.0  953.0  32.0
42.712  793.0  935.0  33.0
42.731  793.0  939.0  33.0
42.752  793.0  1005.0  34.0
42.752  793.0  1005.0  34.0
42.773  793.0  1023.0  34.0
42.793  793.0  1023.0  35.0
42.814  793.0  1023.0  36.0
42.814  793.0  1023.0  36.0
42.835  793.0  1023.0  36.0
42.856  793.0  1023.0  36.0
42.876  793.0  1023.0  36.0
42.897  793.0  1023.0  36.0
42.897  793.0  1023.0  36.0
42.918  793.0  1023.0  36.0
42.939  793.0  1023.0  35.0
42.959  793.0  1023.0  36.0
42.981  793.0  1023.0  36.0
42.981  793.0  1023.0  36.0
43.001  793.0  1023.0  35.0
43.022  793.0  1023.0  36.0
43.043  793.0  1023.0  34.0
43.064  793.0  1023.0  35.0
43.064  793.0  1023.0  35.0
43.084  793.0  1023.0  34.0
43.106  793.0  1023.0  35.0
43.126  793.0  1023.0  35.0
43.147  793.0  1023.0  34.0
43.147  793.0  1023.0  34.0
43.189  793.0  1023.0  32.0
43.189  793.0  1023.0  32.0
43.23  793.0  1023.0  32.0
43.251  793.0  1023.0  32.0
43.251  793.0  1023.0  32.0
43.251  793.0  1023.0  32.0
43.272  793.0  1023.0  33.0
43.292  793.0  1023.0  33.0
