472.962  847.0  400.0  4680.0
472.962  847.0  400.0  4680.0
472.962  847.0  400.0  4680.0
472.962  847.0  400.0  4680.0
472.962  847.0  400.0  4680.0
472.962  847.0  400.0  4680.0
472.962  847.0  400.0  4680.0
472.962  847.0  400.0  4680.0
472.962  847.0  400.0  4680.0
472.962  847.0  400.0  4680.0
472.962  847.0  400.0  4680.0
472.962  847.0  400.0  4680.0
472.962  847.0  400.0  4680.0
472.962  847.0  400.0  4680.0
472.962  847.0  400.0  4680.0
472.962  847.0  400.0  4680.0
472.962  847.0  400.0  4680.0
472.962  847.0  400.0  4680.0
472.962  847.0  400.0  4680.0
472.962  847.0  400.0  4680.0
472.962  847.0  400.0  4680.0
472.962  847.0  400.0  4680.0
472.962  847.0  400.0  4680.0
472.962  847.0  400.0  4680.0
472.962  847.0  400.0  4680.0
472.962  847.0  400.0  4680.0
472.962  847.0  400.0  4680.0
472.962  847.0  400.0  4680.0
472.962  847.0  400.0  4680.0
472.962  847.0  400.0  4680.0
472.962  847.0  400.0  4680.0
472.962  847.0  400.0  4680.0
472.962  847.0  400.0  4680.0
472.962  847.0  400.0  4680.0
472.962  847.0  400.0  4680.0
472.962  847.0  400.0  4680.0
472.962  847.0  400.0  4680.0
472.962  847.0  400.0  4680.0
472.962  847.0  400.0  4680.0
472.962  847.0  400.0  4680.0
472.962  847.0  400.0  4680.0
472.962  847.0  400.0  4680.0
472.962  847.0  400.0  4680.0
472.962  847.0  400.0  4680.0
0.117  847.0  433880.0  400.0
0.0020  847.0  400.0  4680.0
0.0020  847.0  400.0  4680.0
0.0030  847.0  400.0  4680.0
0.015  847.0  400.0  4680.0
0.03  847.0  400.0  4680.0
0.03  847.0  400.0  4680.0
0.062  847.0  400.0  4680.0
0.077  847.0  440.0  4680.0
0.093  847.0  400.0  4680.0
0.093  847.0  400.0  4680.0
0.125  847.0  440.0  4680.0
0.142  847.0  440.0  4720.0
0.158  847.0  440.0  4680.0
0.176  847.0  440.0  4720.0
0.176  847.0  440.0  4720.0
0.208  847.0  400.0  4680.0
0.225  847.0  400.0  4680.0
0.242  847.0  440.0  4680.0
0.259  847.0  440.0  4720.0
0.259  847.0  440.0  4720.0
0.291  847.0  400.0  4720.0
0.309  847.0  400.0  4680.0
0.325  847.0  400.0  4680.0
0.325  847.0  400.0  4680.0
0.358  847.0  440.0  4680.0
0.375  847.0  440.0  4720.0
0.392  847.0  400.0  4720.0
0.392  847.0  400.0  4720.0
0.424  847.0  400.0  4680.0
0.442  847.0  440.0  4720.0
0.458  847.0  440.0  4720.0
0.491  847.0  400.0  4680.0
0.491  847.0  400.0  4680.0
0.508  847.0  400.0  4680.0
0.525  847.0  400.0  4680.0
0.541  847.0  440.0  4720.0
0.541  847.0  440.0  4720.0
0.575  847.0  440.0  4720.0
0.591  847.0  400.0  4720.0
0.608  847.0  400.0  4680.0
0.624  847.0  400.0  4720.0
0.642  846.0  440.0  4720.0
0.658  847.0  440.0  4720.0
0.674  847.0  400.0  4680.0
0.691  847.0  400.0  4680.0
0.691  847.0  400.0  4680.0
0.724  847.0  400.0  4680.0
0.741  847.0  440.0  4680.0
0.757  847.0  440.0  4680.0
0.757  847.0  440.0  4680.0
0.791  847.0  400.0  4720.0
0.807  847.0  400.0  4680.0
0.824  848.0  400.0  4680.0
0.858  847.0  440.0  4720.0
0.858  847.0  440.0  4720.0
0.874  847.0  440.0  4720.0
0.89  847.0  400.0  4680.0
0.991  847.0  400.0  4680.0
0.991  847.0  400.0  4680.0
1.007  847.0  400.0  4680.0
1.025  847.0  440.0  4680.0
1.025  847.0  440.0  4680.0
1.043  847.0  440.0  4720.0
1.06  822.0  440.0  4720.0
1.095  700.0  440.0  4720.0
1.095  700.0  440.0  4720.0
1.114  638.0  400.0  4720.0
1.131  574.0  400.0  4720.0
1.148  511.0  400.0  4720.0
1.166  453.0  400.0  4720.0
1.166  453.0  400.0  4720.0
1.202  349.0  400.0  4760.0
1.219  308.0  440.0  4760.0
1.238  274.0  440.0  4760.0
1.238  274.0  440.0  4760.0
1.255  246.0  400.0  4760.0
1.272  228.0  400.0  4760.0
1.307  218.0  360.0  4760.0
1.307  218.0  360.0  4760.0
1.325  217.0  400.0  4720.0
1.342  216.0  400.0  4720.0
1.359  217.0  400.0  4760.0
1.395  269.0  400.0  4720.0
1.395  269.0  400.0  4720.0
1.413  310.0  400.0  4720.0
1.43  353.0  400.0  4720.0
1.448  406.0  400.0  4680.0
1.466  456.0  400.0  4680.0
1.466  456.0  400.0  4680.0
1.501  590.0  400.0  4680.0
1.519  658.0  440.0  4720.0
1.537  728.0  440.0  4680.0
1.554  790.0  440.0  4720.0
1.554  790.0  440.0  4720.0
1.572  849.0  400.0  4680.0
1.607  947.0  400.0  4680.0
1.625  979.0  440.0  4680.0
1.625  979.0  440.0  4680.0
1.644  1001.0  440.0  4680.0
1.662  1010.0  440.0  4680.0
1.681  1010.0  440.0  4720.0
1.699  1010.0  440.0  4720.0
1.699  1010.0  440.0  4720.0
1.735  929.0  440.0  4720.0
1.753  877.0  400.0  4720.0
1.771  816.0  400.0  4720.0
1.788  751.0  400.0  4720.0
1.788  751.0  400.0  4720.0
1.806  682.0  400.0  4720.0
1.842  544.0  400.0  4720.0
1.859  478.0  440.0  4760.0
1.859  478.0  440.0  4760.0
1.876  424.0  440.0  4720.0
1.894  370.0  440.0  4760.0
1.912  323.0  400.0  4760.0
1.946  257.0  400.0  4720.0
1.946  257.0  400.0  4720.0
1.964  235.0  400.0  4760.0
1.982  221.0  400.0  4760.0
1.999  217.0  400.0  4760.0
2.017  215.0  440.0  4760.0
2.017  215.0  440.0  4760.0
2.053  215.0  400.0  4760.0
2.069  233.0  360.0  4720.0
2.086  252.0  400.0  4720.0
2.086  252.0  400.0  4720.0
2.105  294.0  400.0  4720.0
2.14  385.0  440.0  4720.0
2.157  433.0  440.0  4680.0
2.176  499.0  440.0  4680.0
2.176  499.0  440.0  4680.0
2.193  559.0  400.0  4720.0
2.21  634.0  400.0  4680.0
2.227  699.0  360.0  4680.0
2.263  820.0  440.0  4680.0
2.263  820.0  440.0  4680.0
2.28  877.0  440.0  4720.0
2.297  926.0  440.0  4720.0
2.316  966.0  480.0  4680.0
2.333  992.0  400.0  4680.0
2.333  992.0  400.0  4680.0
2.371  1010.0  400.0  4680.0
2.39  1010.0  400.0  4680.0
2.407  998.0  400.0  4720.0
2.407  998.0  400.0  4720.0
2.424  957.0  400.0  4680.0
2.443  904.0  440.0  4720.0
2.46  847.0  440.0  4760.0
2.495  715.0  440.0  4760.0
2.495  715.0  440.0  4760.0
2.513  649.0  400.0  4760.0
2.531  578.0  400.0  4720.0
2.566  453.0  400.0  4720.0
2.584  396.0  400.0  4760.0
2.584  396.0  400.0  4760.0
2.601  348.0  400.0  4760.0
2.637  272.0  440.0  4760.0
2.655  244.0  400.0  4760.0
2.655  244.0  400.0  4760.0
2.671  226.0  360.0  4760.0
2.689  220.0  400.0  4760.0
2.707  218.0  400.0  4720.0
2.724  217.0  400.0  4720.0
2.724  217.0  400.0  4720.0
2.759  219.0  400.0  4720.0
2.778  245.0  440.0  4720.0
2.795  274.0  400.0  4720.0
2.812  311.0  400.0  4680.0
2.812  311.0  400.0  4680.0
2.83  356.0  400.0  4680.0
2.866  461.0  400.0  4640.0
2.883  513.0  440.0  4640.0
2.902  573.0  440.0  4640.0
2.902  573.0  440.0  4640.0
2.919  630.0  440.0  4640.0
2.936  692.0  440.0  4600.0
2.972  807.0  400.0  4600.0
2.99  859.0  400.0  4520.0
2.99  859.0  400.0  4520.0
3.007  905.0  400.0  4520.0
3.024  943.0  440.0  4600.0
3.043  977.0  440.0  4600.0
3.043  977.0  440.0  4600.0
3.079  1006.0  440.0  4640.0
3.097  1007.0  440.0  4640.0
3.117  1007.0  440.0  4640.0
3.134  981.0  440.0  4760.0
3.134  981.0  440.0  4760.0
3.151  933.0  400.0  4720.0
3.17  880.0  400.0  4720.0
3.205  758.0  400.0  4760.0
3.222  689.0  400.0  4840.0
3.222  689.0  400.0  4840.0
3.24  622.0  440.0  4800.0
3.258  554.0  440.0  4760.0
3.275  488.0  400.0  4800.0
3.293  429.0  440.0  4800.0
3.293  429.0  440.0  4800.0
3.329  331.0  400.0  4800.0
3.346  292.0  400.0  4800.0
3.363  259.0  400.0  4840.0
3.382  238.0  400.0  4840.0
3.382  238.0  400.0  4840.0
3.399  227.0  440.0  4840.0
3.435  224.0  400.0  4800.0
3.452  224.0  400.0  4760.0
3.469  225.0  360.0  4720.0
3.469  225.0  360.0  4720.0
3.486  243.0  400.0  4680.0
3.505  264.0  400.0  4680.0
3.539  350.0  400.0  4720.0
3.539  350.0  400.0  4720.0
3.557  407.0  440.0  4680.0
3.575  464.0  440.0  4720.0
3.593  526.0  400.0  4680.0
3.628  651.0  400.0  4600.0
3.628  651.0  400.0  4600.0
3.646  712.0  400.0  4600.0
3.663  770.0  440.0  4640.0
3.681  826.0  440.0  4600.0
3.699  878.0  440.0  4560.0
3.699  878.0  440.0  4560.0
3.734  957.0  440.0  4600.0
3.751  987.0  400.0  4600.0
3.771  1003.0  400.0  4600.0
3.771  1003.0  400.0  4600.0
3.789  1006.0  400.0  4600.0
3.808  1007.0  400.0  4600.0
3.826  1005.0  400.0  4680.0
3.845  964.0  400.0  4680.0
3.845  964.0  400.0  4680.0
3.879  860.0  440.0  4680.0
3.897  799.0  440.0  4720.0
3.915  734.0  440.0  4720.0
3.933  666.0  400.0  4720.0
3.933  666.0  400.0  4720.0
3.95  596.0  400.0  4720.0
3.968  535.0  360.0  4680.0
4.002  418.0  400.0  4760.0
4.02  366.0  440.0  4720.0
4.02  366.0  440.0  4720.0
4.038  321.0  440.0  4760.0
4.056  288.0  440.0  4760.0
4.09  234.0  400.0  4760.0
4.108  222.0  360.0  4720.0
4.108  222.0  360.0  4720.0
4.125  217.0  400.0  4720.0
4.143  216.0  400.0  4720.0
4.16  216.0  400.0  4720.0
4.16  216.0  400.0  4720.0
4.178  215.0  440.0  4720.0
4.213  256.0  400.0  4720.0
4.232  296.0  400.0  4720.0
4.249  337.0  400.0  4680.0
4.249  337.0  400.0  4680.0
4.267  394.0  400.0  4680.0
4.284  439.0  400.0  4680.0
4.32  566.0  400.0  4720.0
4.337  641.0  440.0  4720.0
4.337  641.0  440.0  4720.0
4.355  707.0  440.0  4680.0
4.373  772.0  400.0  4680.0
4.39  832.0  400.0  4680.0
4.425  935.0  400.0  4680.0
4.425  935.0  400.0  4680.0
4.444  971.0  440.0  4640.0
4.461  995.0  440.0  4680.0
4.48  1008.0  440.0  4680.0
4.499  1010.0  440.0  4680.0
4.499  1010.0  440.0  4680.0
4.517  1010.0  440.0  4680.0
4.552  946.0  400.0  4720.0
4.571  895.0  400.0  4720.0
4.588  835.0  400.0  4720.0
4.588  835.0  400.0  4720.0
4.605  773.0  400.0  4720.0
4.623  705.0  400.0  4720.0
4.641  637.0  400.0  4760.0
4.641  637.0  400.0  4760.0
4.676  499.0  400.0  4760.0
4.694  441.0  400.0  4720.0
4.711  384.0  360.0  4760.0
4.728  342.0  400.0  4720.0
4.746  304.0  400.0  4720.0
4.746  304.0  400.0  4720.0
4.782  242.0  400.0  4760.0
4.799  224.0  400.0  4760.0
4.816  217.0  440.0  4800.0
4.816  217.0  440.0  4800.0
4.835  216.0  400.0  4760.0
4.869  215.0  360.0  4720.0
4.886  220.0  400.0  4720.0
4.904  245.0  400.0  4720.0
4.904  245.0  400.0  4720.0
4.922  280.0  440.0  4680.0
4.939  319.0  440.0  4720.0
4.957  368.0  440.0  4720.0
4.993  481.0  400.0  4680.0
4.993  481.0  400.0  4680.0
5.01  543.0  400.0  4680.0
5.027  614.0  400.0  4720.0
5.046  678.0  400.0  4720.0
5.063  747.0  400.0  4720.0
5.063  747.0  400.0  4720.0
5.099  865.0  440.0  4720.0
5.116  915.0  440.0  4720.0
5.134  957.0  440.0  4680.0
5.151  987.0  400.0  4680.0
5.151  987.0  400.0  4680.0
5.171  1005.0  400.0  4680.0
5.189  1010.0  400.0  4680.0
5.225  1007.0  400.0  4680.0
5.225  1007.0  400.0  4680.0
5.243  967.0  440.0  4680.0
5.261  914.0  440.0  4680.0
5.278  859.0  440.0  4720.0
5.297  799.0  440.0  4720.0
5.297  799.0  440.0  4720.0
5.33  664.0  360.0  4720.0
5.348  599.0  400.0  4720.0
5.366  533.0  400.0  4720.0
5.384  472.0  400.0  4720.0
5.384  472.0  400.0  4720.0
5.401  415.0  440.0  4760.0
5.437  320.0  440.0  4760.0
5.454  281.0  400.0  4760.0
5.471  255.0  360.0  4720.0
5.471  255.0  360.0  4720.0
5.488  239.0  400.0  4720.0
5.507  225.0  400.0  4720.0
5.524  219.0  400.0  4760.0
5.559  216.0  440.0  4760.0
5.559  216.0  440.0  4760.0
5.577  216.0  440.0  4760.0
5.595  216.0  400.0  4760.0
5.612  215.0  400.0  4720.0
5.612  215.0  400.0  4720.0
5.63  215.0  400.0  4720.0
5.665  215.0  400.0  4720.0
5.683  216.0  400.0  4720.0
5.701  217.0  400.0  4720.0
5.701  217.0  400.0  4720.0
5.719  218.0  440.0  4760.0
