13.121  232.0  200.0  2400.0
13.121  232.0  200.0  2400.0
13.121  232.0  200.0  2400.0
13.121  232.0  200.0  2400.0
13.121  232.0  200.0  2400.0
13.121  232.0  200.0  2400.0
13.121  232.0  200.0  2400.0
13.121  232.0  200.0  2400.0
13.121  232.0  200.0  2400.0
13.121  232.0  200.0  2400.0
13.121  232.0  200.0  2400.0
13.121  232.0  200.0  2400.0
13.121  232.0  200.0  2400.0
13.121  232.0  200.0  2400.0
13.121  232.0  200.0  2400.0
13.121  232.0  200.0  2400.0
13.121  232.0  200.0  2400.0
13.121  232.0  200.0  2400.0
13.121  232.0  200.0  2400.0
13.121  232.0  200.0  2400.0
13.121  232.0  200.0  2400.0
13.121  232.0  200.0  2400.0
13.121  232.0  200.0  2400.0
13.121  232.0  200.0  2400.0
13.121  232.0  200.0  2400.0
13.121  232.0  200.0  2400.0
13.121  232.0  200.0  2400.0
13.121  232.0  200.0  2400.0
13.121  232.0  200.0  2400.0
13.121  232.0  200.0  2400.0
13.121  232.0  200.0  2400.0
13.121  232.0  200.0  2400.0
13.121  232.0  200.0  2400.0
13.121  232.0  200.0  2400.0
13.121  232.0  200.0  2400.0
13.121  232.0  200.0  2400.0
13.121  232.0  200.0  2400.0
13.121  232.0  200.0  2400.0
13.121  232.0  200.0  2400.0
13.121  232.0  200.0  2400.0
13.121  232.0  200.0  2400.0
13.121  232.0  200.0  2400.0
13.121  232.0  200.0  2400.0
13.121  232.0  200.0  2400.0
13.121  232.0  200.0  2400.0
1313.218  233.0  200.0  2400.0
0.0010  218.0  200.0  2420.0
0.0030  218.0  200.0  2420.0
0.0030  218.0  200.0  2420.0
0.0040  218.0  200.0  2420.0
0.031  217.0  200.0  2440.0
0.048  217.0  200.0  2420.0
0.063  217.0  200.0  2440.0
0.063  217.0  200.0  2440.0
0.094  216.0  220.0  2440.0
0.11  216.0  200.0  2420.0
0.126  215.0  200.0  2420.0
0.126  215.0  200.0  2420.0
0.159  215.0  200.0  2420.0
0.177  215.0  220.0  2440.0
0.193  215.0  220.0  2440.0
0.209  215.0  200.0  2400.0
0.209  215.0  200.0  2400.0
0.243  215.0  200.0  2420.0
0.26  215.0  220.0  2420.0
0.276  215.0  220.0  2400.0
0.292  216.0  200.0  2440.0
0.326  216.0  200.0  2380.0
0.343  217.0  200.0  2340.0
0.343  217.0  200.0  2340.0
0.359  216.0  220.0  2340.0
0.376  216.0  200.0  2340.0
0.409  217.0  200.0  2320.0
0.409  217.0  200.0  2320.0
0.425  217.0  200.0  2340.0
0.443  217.0  200.0  2360.0
0.459  217.0  220.0  2360.0
0.492  217.0  200.0  2360.0
0.492  217.0  200.0  2360.0
0.509  218.0  200.0  2360.0
0.526  218.0  200.0  2360.0
0.559  217.0  220.0  2380.0
0.576  217.0  220.0  2380.0
0.576  217.0  220.0  2380.0
0.592  217.0  200.0  2380.0
0.609  218.0  200.0  2380.0
0.643  218.0  220.0  2360.0
0.643  218.0  220.0  2360.0
0.659  218.0  220.0  2360.0
0.675  218.0  220.0  2360.0
0.692  218.0  200.0  2340.0
0.726  218.0  200.0  2300.0
0.726  218.0  200.0  2300.0
0.742  218.0  200.0  2300.0
0.776  218.0  220.0  2300.0
0.776  218.0  220.0  2300.0
0.792  218.0  220.0  2300.0
0.808  218.0  200.0  2300.0
0.842  217.0  220.0  2320.0
0.859  216.0  220.0  2340.0
0.909  216.0  200.0  2340.0
0.925  216.0  200.0  2360.0
0.925  216.0  200.0  2360.0
0.942  216.0  220.0  2380.0
0.975  216.0  220.0  2440.0
0.975  216.0  220.0  2440.0
0.992  216.0  200.0  2460.0
1.008  216.0  200.0  2480.0
1.026  216.0  200.0  2460.0
1.044  216.0  220.0  2480.0
1.061  216.0  200.0  2480.0
1.079  217.0  220.0  2460.0
1.096  217.0  220.0  2460.0
1.115  217.0  220.0  2480.0
1.115  217.0  220.0  2480.0
1.132  218.0  200.0  2460.0
1.166  219.0  180.0  2420.0
1.184  219.0  200.0  2420.0
1.202  219.0  220.0  2440.0
1.202  219.0  220.0  2440.0
1.219  220.0  220.0  2440.0
1.255  220.0  220.0  2460.0
1.272  221.0  200.0  2440.0
1.29  222.0  200.0  2360.0
1.29  222.0  200.0  2360.0
1.308  222.0  200.0  2340.0
1.326  222.0  220.0  2360.0
1.36  222.0  220.0  2400.0
1.36  222.0  220.0  2400.0
1.379  222.0  220.0  2380.0
1.396  221.0  220.0  2380.0
1.414  222.0  200.0  2360.0
1.431  222.0  200.0  2380.0
1.431  222.0  200.0  2380.0
1.467  222.0  200.0  2380.0
1.484  222.0  220.0  2440.0
1.503  222.0  220.0  2460.0
1.503  222.0  220.0  2460.0
1.52  222.0  200.0  2500.0
1.538  222.0  220.0  2540.0
1.573  222.0  200.0  2560.0
1.591  222.0  200.0  2560.0
1.591  222.0  200.0  2560.0
1.608  222.0  200.0  2560.0
1.626  222.0  200.0  2580.0
1.644  222.0  200.0  2560.0
1.661  222.0  220.0  2560.0
1.661  222.0  220.0  2560.0
1.696  221.0  220.0  2560.0
1.715  221.0  220.0  2580.0
1.732  221.0  200.0  2560.0
1.732  221.0  200.0  2560.0
1.75  221.0  200.0  2560.0
1.767  221.0  200.0  2560.0
1.803  218.0  200.0  2560.0
1.82  215.0  220.0  2520.0
1.82  215.0  220.0  2520.0
1.839  213.0  220.0  2520.0
1.856  213.0  220.0  2540.0
1.873  212.0  200.0  2540.0
1.891  212.0  200.0  2540.0
1.909  212.0  200.0  2540.0
1.927  212.0  200.0  2560.0
1.944  212.0  200.0  2560.0
1.961  212.0  220.0  2560.0
1.961  212.0  220.0  2560.0
1.98  212.0  220.0  2560.0
2.015  212.0  200.0  2560.0
2.032  212.0  200.0  2560.0
2.051  212.0  200.0  2560.0
2.051  212.0  200.0  2560.0
2.068  212.0  200.0  2560.0
2.085  212.0  200.0  2560.0
2.121  212.0  200.0  2560.0
2.139  211.0  200.0  2560.0
2.139  211.0  200.0  2560.0
2.156  212.0  220.0  2560.0
2.174  212.0  220.0  2560.0
2.192  212.0  220.0  2560.0
2.227  212.0  200.0  2560.0
2.227  212.0  200.0  2560.0
2.245  212.0  200.0  2560.0
2.263  212.0  220.0  2560.0
2.28  212.0  220.0  2560.0
2.28  212.0  220.0  2560.0
2.297  212.0  220.0  2560.0
2.333  212.0  200.0  2560.0
2.351  212.0  200.0  2580.0
2.369  212.0  200.0  2560.0
2.369  212.0  200.0  2560.0
2.386  212.0  200.0  2560.0
2.404  212.0  200.0  2560.0
2.421  212.0  200.0  2560.0
2.457  212.0  220.0  2560.0
2.475  212.0  220.0  2560.0
2.475  212.0  220.0  2560.0
2.492  212.0  200.0  2540.0
2.51  213.0  200.0  2540.0
2.545  214.0  200.0  2500.0
2.545  214.0  200.0  2500.0
2.563  215.0  220.0  2500.0
2.581  215.0  200.0  2520.0
2.598  215.0  220.0  2540.0
2.616  215.0  220.0  2540.0
2.633  216.0  220.0  2560.0
2.633  216.0  220.0  2560.0
2.669  216.0  200.0  2500.0
2.686  218.0  220.0  2380.0
2.705  219.0  200.0  2520.0
2.705  219.0  200.0  2520.0
2.722  219.0  220.0  2520.0
2.74  222.0  200.0  2400.0
2.757  227.0  220.0  2440.0
2.793  230.0  200.0  2460.0
2.793  230.0  200.0  2460.0
2.81  233.0  200.0  2460.0
2.828  234.0  200.0  2460.0
2.846  235.0  200.0  2460.0
2.881  236.0  200.0  2460.0
2.881  236.0  200.0  2460.0
2.898  236.0  220.0  2480.0
2.917  237.0  220.0  2460.0
2.934  238.0  200.0  2480.0
2.934  238.0  200.0  2480.0
2.952  240.0  200.0  2460.0
2.987  243.0  200.0  2460.0
3.004  244.0  200.0  2460.0
3.021  245.0  200.0  2480.0
3.021  245.0  200.0  2480.0
3.04  245.0  200.0  2480.0
3.057  246.0  220.0  2480.0
3.075  246.0  200.0  2480.0
3.11  247.0  200.0  2480.0
3.11  247.0  200.0  2480.0
3.128  248.0  200.0  2460.0
3.145  250.0  200.0  2480.0
3.163  251.0  200.0  2480.0
3.181  252.0  200.0  2480.0
3.181  252.0  200.0  2480.0
3.216  254.0  220.0  2500.0
3.234  256.0  200.0  2500.0
3.252  257.0  200.0  2480.0
3.269  259.0  200.0  2480.0
3.269  259.0  200.0  2480.0
3.287  261.0  200.0  2480.0
3.322  266.0  200.0  2480.0
3.34  268.0  220.0  2500.0
3.357  269.0  220.0  2480.0
3.357  269.0  220.0  2480.0
3.376  273.0  220.0  2500.0
3.393  275.0  220.0  2480.0
3.428  279.0  200.0  2480.0
3.428  279.0  200.0  2480.0
3.446  280.0  200.0  2480.0
3.464  281.0  200.0  2480.0
3.481  281.0  200.0  2480.0
3.5  281.0  200.0  2480.0
3.5  281.0  200.0  2480.0
3.534  282.0  220.0  2480.0
3.552  283.0  200.0  2480.0
3.57  283.0  200.0  2480.0
3.587  283.0  180.0  2480.0
3.587  283.0  180.0  2480.0
3.604  283.0  200.0  2480.0
3.621  283.0  200.0  2480.0
3.657  283.0  220.0  2480.0
3.675  283.0  220.0  2480.0
3.675  283.0  220.0  2480.0
3.692  283.0  200.0  2480.0
3.71  283.0  200.0  2480.0
3.728  283.0  200.0  2480.0
3.745  283.0  200.0  2480.0
3.745  283.0  200.0  2480.0
3.781  283.0  220.0  2480.0
3.799  283.0  220.0  2480.0
3.816  283.0  220.0  2480.0
3.834  284.0  200.0  2480.0
3.834  284.0  200.0  2480.0
3.852  284.0  200.0  2480.0
3.887  284.0  200.0  2460.0
3.905  284.0  200.0  2460.0
3.905  284.0  200.0  2460.0
3.922  284.0  200.0  2460.0
3.94  284.0  220.0  2460.0
3.957  283.0  220.0  2480.0
3.993  284.0  200.0  2480.0
3.993  284.0  200.0  2480.0
4.011  284.0  200.0  2480.0
4.028  284.0  200.0  2500.0
4.046  285.0  200.0  2480.0
4.081  284.0  220.0  2480.0
4.081  284.0  220.0  2480.0
4.1  284.0  220.0  2480.0
4.117  284.0  220.0  2480.0
4.134  284.0  220.0  2480.0
4.152  285.0  200.0  2480.0
4.152  285.0  200.0  2480.0
4.188  285.0  200.0  2480.0
4.205  285.0  200.0  2480.0
4.222  284.0  200.0  2480.0
4.222  284.0  200.0  2480.0
4.241  285.0  220.0  2480.0
4.258  284.0  220.0  2480.0
4.292  285.0  180.0  2480.0
4.311  285.0  200.0  2480.0
4.311  285.0  200.0  2480.0
4.328  285.0  200.0  2460.0
4.345  285.0  200.0  2480.0
4.363  285.0  200.0  2500.0
4.399  284.0  220.0  2480.0
4.399  284.0  220.0  2480.0
4.416  285.0  220.0  2480.0
4.434  285.0  200.0  2480.0
4.452  285.0  200.0  2500.0
4.469  285.0  200.0  2460.0
4.469  285.0  200.0  2460.0
4.487  285.0  200.0  2480.0
4.523  285.0  220.0  2480.0
4.54  285.0  220.0  2500.0
4.557  285.0  220.0  2500.0
4.557  285.0  220.0  2500.0
4.576  285.0  220.0  2500.0
4.593  285.0  200.0  2500.0
4.628  285.0  200.0  2500.0
4.646  285.0  200.0  2480.0
4.646  285.0  200.0  2480.0
4.664  285.0  200.0  2500.0
4.681  285.0  220.0  2540.0
4.7  285.0  220.0  2520.0
4.7  285.0  220.0  2520.0
4.717  285.0  220.0  2520.0
4.752  285.0  200.0  2520.0
4.769  286.0  180.0  2500.0
4.787  285.0  200.0  2500.0
4.787  285.0  200.0  2500.0
4.804  286.0  200.0  2500.0
4.822  286.0  200.0  2500.0
4.857  286.0  220.0  2500.0
4.875  286.0  220.0  2500.0
4.875  286.0  220.0  2500.0
4.892  286.0  200.0  2500.0
4.911  286.0  200.0  2500.0
4.945  286.0  200.0  2500.0
4.945  286.0  200.0  2500.0
4.963  286.0  200.0  2520.0
4.981  286.0  220.0  2540.0
4.999  286.0  220.0  2520.0
5.016  286.0  200.0  2540.0
5.016  286.0  200.0  2540.0
5.052  286.0  200.0  2520.0
5.069  286.0  200.0  2540.0
5.087  286.0  200.0  2540.0
5.105  286.0  200.0  2520.0
5.105  286.0  200.0  2520.0
5.123  286.0  200.0  2520.0
5.157  286.0  220.0  2560.0
5.176  286.0  220.0  2560.0
5.176  286.0  220.0  2560.0
5.193  286.0  200.0  2560.0
5.211  286.0  200.0  2540.0
5.228  286.0  200.0  2540.0
5.228  286.0  200.0  2540.0
5.264  286.0  200.0  2540.0
5.281  286.0  220.0  2540.0
5.3  286.0  220.0  2540.0
5.317  286.0  220.0  2540.0
5.317  286.0  220.0  2540.0
5.335  286.0  220.0  2540.0
5.37  286.0  200.0  2500.0
5.388  286.0  200.0  2500.0
5.405  286.0  200.0  2480.0
5.405  286.0  200.0  2480.0
5.423  286.0  220.0  2480.0
5.441  286.0  200.0  2480.0
5.476  286.0  220.0  2500.0
5.476  286.0  220.0  2500.0
5.493  287.0  200.0  2480.0
5.512  287.0  200.0  2480.0
5.529  288.0  200.0  2480.0
5.547  288.0  200.0  2460.0
5.547  288.0  200.0  2460.0
5.582  289.0  200.0  2460.0
5.6  289.0  220.0  2480.0
5.617  289.0  220.0  2480.0
5.636  289.0  200.0  2500.0
5.636  289.0  200.0  2500.0
5.67  289.0  200.0  2480.0
5.688  289.0  200.0  2480.0
5.706  290.0  200.0  2480.0
5.724  289.0  200.0  2500.0
5.724  289.0  200.0  2500.0
5.741  289.0  220.0  2500.0
5.758  289.0  200.0  2500.0
5.777  289.0  220.0  2500.0
5.812  290.0  200.0  2500.0
5.812  290.0  200.0  2500.0
5.83  289.0  200.0  2480.0
5.848  289.0  220.0  2480.0
5.865  290.0  220.0  2500.0
5.882  289.0  220.0  2500.0
5.882  289.0  220.0  2500.0
5.918  289.0  220.0  2500.0
5.936  289.0  220.0  2500.0
5.953  290.0  200.0  2480.0
5.953  290.0  200.0  2480.0
5.971  290.0  200.0  2480.0
6.006  290.0  220.0  2460.0
6.024  290.0  200.0  2480.0
6.042  290.0  220.0  2460.0
6.042  290.0  220.0  2460.0
6.06  290.0  220.0  2480.0
6.077  290.0  220.0  2480.0
6.095  290.0  220.0  2480.0
6.13  290.0  200.0  2460.0
6.13  290.0  200.0  2460.0
6.148  290.0  200.0  2460.0
6.166  290.0  200.0  2440.0
6.183  290.0  220.0  2440.0
6.201  290.0  200.0  2440.0
6.201  290.0  200.0  2440.0
6.237  290.0  220.0  2440.0
6.254  290.0  200.0  2420.0
6.272  290.0  200.0  2420.0
6.272  290.0  200.0  2420.0
6.289  290.0  200.0  2420.0
6.307  290.0  200.0  2420.0
6.342  290.0  220.0  2420.0
6.36  290.0  220.0  2420.0
6.36  290.0  220.0  2420.0
6.378  290.0  220.0  2440.0
6.395  290.0  220.0  2440.0
6.431  290.0  200.0  2460.0
6.431  290.0  200.0  2460.0
6.449  291.0  200.0  2460.0
6.466  290.0  200.0  2460.0
6.483  290.0  200.0  2480.0
6.502  290.0  220.0  2480.0
6.502  290.0  220.0  2480.0
6.519  290.0  220.0  2500.0
6.554  290.0  200.0  2500.0
6.573  290.0  200.0  2500.0
6.59  290.0  200.0  2500.0
6.59  290.0  200.0  2500.0
6.607  290.0  200.0  2500.0
6.625  290.0  200.0  2500.0
6.661  290.0  220.0  2500.0
6.678  290.0  220.0  2500.0
6.678  290.0  220.0  2500.0
6.696  290.0  200.0  2500.0
6.714  290.0  200.0  2520.0
6.731  290.0  200.0  2500.0
6.749  290.0  200.0  2500.0
6.749  290.0  200.0  2500.0
6.785  290.0  200.0  2500.0
6.802  290.0  200.0  2500.0
6.819  290.0  220.0  2520.0
6.838  290.0  200.0  2520.0
6.838  290.0  200.0  2520.0
6.855  290.0  220.0  2520.0
6.89  290.0  200.0  2500.0
6.908  290.0  200.0  2500.0
6.926  290.0  200.0  2500.0
6.926  290.0  200.0  2500.0
6.943  290.0  200.0  2500.0
6.962  290.0  200.0  2520.0
6.996  291.0  220.0  2500.0
6.996  291.0  220.0  2500.0
7.014  314.0  200.0  2520.0
7.032  365.0  200.0  2480.0
7.05  405.0  200.0  2480.0
7.067  458.0  200.0  2480.0
7.067  458.0  200.0  2480.0
7.103  573.0  200.0  2500.0
7.12  638.0  200.0  2500.0
7.138  705.0  200.0  2500.0
7.138  705.0  200.0  2500.0
7.155  767.0  200.0  2500.0
7.174  829.0  200.0  2480.0
7.208  931.0  200.0  2460.0
7.227  970.0  220.0  2460.0
7.227  970.0  220.0  2460.0
7.244  992.0  220.0  2440.0
7.263  1004.0  220.0  2460.0
7.281  1005.0  220.0  2460.0
7.301  1005.0  200.0  2480.0
7.318  977.0  220.0  2500.0
7.318  977.0  220.0  2500.0
7.353  886.0  200.0  2480.0
7.371  826.0  200.0  2500.0
7.389  766.0  200.0  2500.0
7.389  766.0  200.0  2500.0
7.406  699.0  200.0  2480.0
7.424  629.0  200.0  2500.0
7.459  489.0  220.0  2500.0
7.477  433.0  200.0  2500.0
7.477  433.0  200.0  2500.0
7.495  379.0  200.0  2500.0
7.513  329.0  200.0  2500.0
7.53  289.0  200.0  2480.0
7.547  254.0  200.0  2480.0
7.583  218.0  200.0  2500.0
7.583  218.0  200.0  2500.0
7.601  212.0  200.0  2500.0
7.618  211.0  200.0  2500.0
7.636  210.0  220.0  2500.0
7.654  210.0  200.0  2480.0
7.654  210.0  200.0  2480.0
7.689  250.0  200.0  2480.0
7.707  288.0  200.0  2480.0
7.725  331.0  200.0  2480.0
7.725  331.0  200.0  2480.0
7.742  385.0  200.0  2460.0
7.76  435.0  220.0  2460.0
7.795  562.0  220.0  2500.0
7.813  633.0  200.0  2480.0
7.813  633.0  200.0  2480.0
7.831  701.0  200.0  2480.0
7.847  770.0  180.0  2480.0
7.865  828.0  220.0  2460.0
7.882  885.0  220.0  2460.0
7.882  885.0  220.0  2460.0
7.918  968.0  220.0  2460.0
7.936  992.0  220.0  2460.0
7.954  1005.0  200.0  2460.0
7.973  1006.0  220.0  2460.0
7.973  1006.0  220.0  2460.0
7.992  1006.0  200.0  2460.0
8.009  983.0  200.0  2460.0
8.045  894.0  200.0  2460.0
8.062  835.0  200.0  2480.0
8.062  835.0  200.0  2480.0
8.08  772.0  220.0  2480.0
8.098  705.0  200.0  2480.0
8.116  634.0  200.0  2500.0
8.133  568.0  200.0  2480.0
8.133  568.0  200.0  2480.0
8.169  438.0  200.0  2480.0
8.186  385.0  220.0  2480.0
8.204  335.0  200.0  2480.0
8.204  335.0  200.0  2480.0
8.221  293.0  220.0  2480.0
8.24  258.0  200.0  2500.0
8.274  220.0  200.0  2500.0
8.293  214.0  200.0  2500.0
8.293  214.0  200.0  2500.0
8.31  212.0  200.0  2500.0
8.328  212.0  200.0  2500.0
8.345  212.0  200.0  2500.0
8.381  211.0  200.0  2500.0
8.381  211.0  200.0  2500.0
8.398  211.0  220.0  2500.0
8.416  212.0  200.0  2500.0
8.434  216.0  200.0  2480.0
8.452  221.0  200.0  2480.0
8.452  221.0  200.0  2480.0
8.468  224.0  180.0  2480.0
8.504  225.0  200.0  2500.0
8.521  225.0  220.0  2500.0
8.539  225.0  220.0  2500.0
8.539  225.0  220.0  2500.0
8.556  225.0  200.0  2500.0
8.592  225.0  200.0  2480.0
8.609  225.0  200.0  2480.0
8.609  225.0  200.0  2480.0
