17.865  315.0  273.0  1600.0
17.865  315.0  273.0  1600.0
17.865  315.0  273.0  1600.0
17.865  315.0  273.0  1600.0
17.865  315.0  273.0  1600.0
17.865  315.0  273.0  1600.0
17.865  315.0  273.0  1600.0
17.865  315.0  273.0  1600.0
17.865  315.0  273.0  1600.0
17.865  315.0  273.0  1600.0
17.865  315.0  273.0  1600.0
17.865  315.0  273.0  1600.0
17.865  315.0  273.0  1600.0
17.865  315.0  273.0  1600.0
17.865  315.0  273.0  1600.0
17.865  315.0  273.0  1600.0
17.865  315.0  273.0  1600.0
17.865  315.0  273.0  1600.0
17.865  315.0  273.0  1600.0
17.865  315.0  273.0  1600.0
17.865  315.0  273.0  1600.0
17.865  315.0  273.0  1600.0
17.865  315.0  273.0  1600.0
17.865  315.0  273.0  1600.0
17.865  315.0  273.0  1600.0
17.865  315.0  273.0  1600.0
17.865  315.0  273.0  1600.0
17.865  315.0  273.0  1600.0
17.865  315.0  273.0  1600.0
17.865  315.0  273.0  1600.0
17.865  315.0  273.0  1600.0
17.865  315.0  273.0  1600.0
17.865  315.0  273.0  1600.0
17.865  315.0  273.0  1600.0
17.865  315.0  273.0  1600.0
17.865  315.0  273.0  1600.0
17.865  315.0  273.0  1600.0
17.865  315.0  273.0  1600.0
17.865  315.0  273.0  1600.0
17.865  315.0  273.0  1600.0
17.865  315.0  273.0  1600.0
17.865  315.0  273.0  1600.0
17.865  315.0  273.0  1600.0
17.865  315.0  273.0  1600.0
17.865  315.0  273.0  1600.0
0.821  355.0  306.0  1600.0
0.0010  824.0  755.0  1600.0
0.0030  830.0  814.0  1600.0
0.0040  833.0  824.0  1550.0
0.0040  833.0  824.0  1550.0
0.031  882.0  876.0  1600.0
0.048  918.0  880.0  1600.0
0.063  952.0  887.0  1600.0
0.063  952.0  887.0  1600.0
0.094  998.0  988.0  1650.0
0.112  1011.0  1010.0  1650.0
0.131  1023.0  1009.0  1650.0
0.148  1023.0  998.0  1600.0
0.148  1023.0  998.0  1600.0
0.165  1023.0  981.0  1600.0
0.2  998.0  965.0  1600.0
0.217  964.0  965.0  1600.0
0.217  964.0  965.0  1600.0
0.233  925.0  959.0  1650.0
0.267  833.0  835.0  1550.0
0.283  782.0  769.0  1600.0
0.3  724.0  724.0  1600.0
0.3  724.0  724.0  1600.0
0.317  670.0  699.0  1600.0
0.35  562.0  607.0  1600.0
0.366  510.0  521.0  1550.0
0.366  510.0  521.0  1550.0
0.384  464.0  458.0  1550.0
0.4  421.0  425.0  1600.0
0.433  348.0  402.0  1600.0
0.45  316.0  354.0  1600.0
0.45  316.0  354.0  1600.0
0.466  289.0  291.0  1600.0
0.499  248.0  246.0  1600.0
0.517  237.0  262.0  1600.0
0.533  233.0  275.0  1600.0
0.533  233.0  275.0  1600.0
0.566  231.0  217.0  1550.0
0.583  230.0  203.0  1600.0
0.6  231.0  218.0  1550.0
0.6  231.0  218.0  1550.0
0.616  245.0  259.0  1600.0
0.65  295.0  296.0  1600.0
0.666  325.0  291.0  1600.0
0.683  359.0  312.0  1600.0
0.683  359.0  312.0  1600.0
0.699  397.0  363.0  1600.0
0.733  478.0  487.0  1600.0
0.749  527.0  508.0  1600.0
0.749  527.0  508.0  1600.0
0.783  632.0  567.0  1600.0
0.799  683.0  634.0  1600.0
0.816  740.0  719.0  1600.0
0.816  740.0  719.0  1600.0
0.832  792.0  783.0  1650.0
0.866  884.0  821.0  1600.0
0.882  921.0  854.0  1600.0
0.953  1017.0  1016.0  1600.0
0.953  1017.0  1016.0  1600.0
0.972  1023.0  1014.0  1650.0
1.008  1023.0  992.0  1600.0
1.008  1023.0  992.0  1600.0
1.027  1006.0  968.0  1600.0
1.045  972.0  937.0  1600.0
1.062  931.0  909.0  1600.0
1.08  886.0  884.0  1600.0
1.08  886.0  884.0  1600.0
1.116  780.0  828.0  1650.0
1.133  720.0  778.0  1600.0
1.15  665.0  706.0  1600.0
1.168  607.0  624.0  1600.0
1.168  607.0  624.0  1600.0
1.186  553.0  554.0  1600.0
1.204  499.0  495.0  1600.0
1.24  406.0  428.0  1600.0
1.257  367.0  410.0  1600.0
1.257  367.0  410.0  1600.0
1.274  330.0  388.0  1650.0
1.292  301.0  352.0  1600.0
1.328  255.0  251.0  1600.0
1.328  255.0  251.0  1600.0
1.345  241.0  224.0  1600.0
1.362  234.0  216.0  1600.0
1.381  232.0  225.0  1650.0
1.381  232.0  225.0  1650.0
1.398  231.0  241.0  1600.0
1.433  231.0  270.0  1600.0
1.452  248.0  267.0  1650.0
1.469  272.0  260.0  1600.0
1.469  272.0  260.0  1600.0
1.486  300.0  265.0  1600.0
1.505  334.0  288.0  1600.0
1.54  413.0  383.0  1600.0
1.54  413.0  383.0  1600.0
1.557  454.0  446.0  1600.0
1.575  503.0  508.0  1600.0
1.61  612.0  586.0  1600.0
1.628  668.0  613.0  1600.0
1.628  668.0  613.0  1600.0
1.646  727.0  658.0  1600.0
1.664  785.0  712.0  1600.0
1.681  834.0  775.0  1600.0
1.681  834.0  775.0  1600.0
1.698  883.0  842.0  1600.0
1.734  958.0  953.0  1600.0
1.752  987.0  972.0  1600.0
1.771  1005.0  978.0  1600.0
1.771  1005.0  978.0  1600.0
1.789  1021.0  979.0  1600.0
1.808  1023.0  974.0  1600.0
1.826  1023.0  974.0  1600.0
1.846  1023.0  974.0  1600.0
1.846  1023.0  974.0  1600.0
1.864  1000.0  961.0  1600.0
1.899  922.0  926.0  1600.0
1.917  875.0  906.0  1600.0
1.917  875.0  906.0  1600.0
1.935  823.0  873.0  1650.0
1.971  708.0  736.0  1600.0
1.971  708.0  736.0  1600.0
