69.297  482.0  429.0  199.0
69.297  482.0  429.0  199.0
69.297  482.0  429.0  199.0
69.297  482.0  429.0  199.0
69.297  482.0  429.0  199.0
69.297  482.0  429.0  199.0
69.297  482.0  429.0  199.0
69.297  482.0  429.0  199.0
69.297  482.0  429.0  199.0
69.297  482.0  429.0  199.0
69.297  482.0  429.0  199.0
69.297  482.0  429.0  199.0
69.297  482.0  429.0  199.0
69.297  482.0  429.0  199.0
69.297  482.0  429.0  199.0
69.297  482.0  429.0  199.0
69.297  482.0  429.0  199.0
69.297  482.0  429.0  199.0
69.297  482.0  429.0  199.0
69.297  482.0  429.0  199.0
69.297  482.0  429.0  199.0
69.297  482.0  429.0  199.0
69.297  482.0  429.0  199.0
69.297  482.0  429.0  199.0
69.297  482.0  429.0  199.0
69.297  482.0  429.0  199.0
69.297  482.0  429.0  199.0
69.297  482.0  429.0  199.0
69.297  482.0  429.0  199.0
69.297  482.0  429.0  199.0
69.297  482.0  429.0  199.0
69.297  482.0  429.0  199.0
69.297  482.0  429.0  199.0
69.297  482.0  429.0  199.0
69.297  482.0  429.0  199.0
69.297  482.0  429.0  199.0
69.297  482.0  429.0  199.0
69.297  482.0  429.0  199.0
69.297  482.0  429.0  199.0
69.297  482.0  429.0  199.0
69.297  482.0  429.0  199.0
69.297  482.0  429.0  199.0
69.297  482.0  429.0  199.0
69.297  482.0  429.0  199.0
69.297  482.0  429.0  199.0
0.482  482.0  430.0  200.0
0.482  482.0  430.0  200.0
0.0020  482.0  477.0  199.0
0.0030  482.0  480.0  200.0
0.0070  482.0  475.0  200.0
0.0070  482.0  475.0  200.0
0.022  482.0  414.0  199.0
0.056  482.0  477.0  200.0
0.072  482.0  526.0  200.0
0.089  482.0  520.0  200.0
0.089  482.0  520.0  200.0
0.106  482.0  461.0  199.0
0.123  482.0  430.0  199.0
0.141  482.0  426.0  200.0
0.177  481.0  480.0  200.0
0.177  481.0  480.0  200.0
0.194  482.0  516.0  200.0
0.211  482.0  536.0  201.0
0.229  482.0  519.0  200.0
0.265  482.0  435.0  199.0
0.265  482.0  435.0  199.0
0.282  482.0  422.0  200.0
0.3  482.0  433.0  200.0
0.318  482.0  461.0  200.0
0.318  482.0  461.0  200.0
0.335  482.0  497.0  200.0
0.371  482.0  534.0  200.0
0.389  482.0  501.0  200.0
0.406  482.0  456.0  200.0
0.406  482.0  456.0  200.0
0.423  482.0  427.0  199.0
0.442  482.0  423.0  200.0
0.477  482.0  475.0  200.0
0.494  482.0  513.0  200.0
0.494  482.0  513.0  200.0
0.513  482.0  535.0  200.0
0.53  482.0  523.0  200.0
0.547  482.0  482.0  199.0
0.547  482.0  482.0  199.0
0.583  482.0  423.0  199.0
0.601  482.0  431.0  200.0
0.618  482.0  458.0  200.0
0.618  482.0  458.0  200.0
0.635  482.0  493.0  200.0
0.654  482.0  525.0  200.0
0.689  482.0  507.0  200.0
0.707  482.0  461.0  200.0
0.707  482.0  461.0  200.0
0.724  482.0  429.0  199.0
0.724  482.0  429.0  199.0
0.759  482.0  442.0  200.0
0.778  482.0  471.0  200.0
0.813  482.0  534.0  200.0
0.813  482.0  534.0  200.0
0.83  482.0  526.0  200.0
0.848  482.0  487.0  199.0
0.866  482.0  441.0  199.0
0.919  482.0  455.0  200.0
0.936  482.0  489.0  200.0
0.936  482.0  489.0  200.0
0.954  482.0  523.0  200.0
0.99  482.0  511.0  200.0
1.007  482.0  466.0  200.0
1.007  482.0  466.0  200.0
1.026  482.0  438.0  199.0
1.045  482.0  427.0  200.0
1.063  482.0  425.0  200.0
1.082  482.0  431.0  200.0
1.082  482.0  431.0  200.0
1.12  482.0  460.0  200.0
1.138  482.0  475.0  200.0
1.157  482.0  494.0  200.0
1.157  482.0  494.0  200.0
1.176  482.0  514.0  201.0
1.195  482.0  526.0  200.0
1.213  482.0  533.0  200.0
1.213  482.0  533.0  200.0
1.251  482.0  512.0  200.0
1.269  482.0  488.0  200.0
1.288  482.0  462.0  200.0
1.307  482.0  439.0  200.0
1.307  482.0  439.0  200.0
1.326  482.0  426.0  199.0
1.344  482.0  423.0  199.0
1.362  482.0  427.0  200.0
1.382  482.0  438.0  200.0
1.382  482.0  438.0  200.0
1.419  482.0  470.0  200.0
1.438  482.0  486.0  200.0
1.457  482.0  506.0  200.0
1.475  482.0  522.0  200.0
1.475  482.0  522.0  200.0
1.494  482.0  530.0  200.0
1.513  482.0  533.0  200.0
1.531  482.0  520.0  200.0
1.55  482.0  498.0  200.0
1.55  482.0  498.0  200.0
1.569  482.0  473.0  199.0
1.606  482.0  428.0  200.0
1.625  482.0  424.0  199.0
1.625  482.0  424.0  199.0
1.644  482.0  425.0  200.0
1.662  482.0  433.0  200.0
1.681  482.0  448.0  200.0
1.699  482.0  464.0  200.0
1.699  482.0  464.0  200.0
1.719  482.0  479.0  200.0
1.756  482.0  516.0  200.0
1.775  482.0  528.0  200.0
1.794  482.0  534.0  200.0
1.794  482.0  534.0  200.0
1.812  482.0  526.0  200.0
1.83  482.0  506.0  200.0
1.85  482.0  483.0  200.0
1.85  482.0  483.0  200.0
1.868  482.0  456.0  200.0
1.906  482.0  425.0  199.0
1.925  482.0  424.0  200.0
1.943  482.0  430.0  200.0
1.943  482.0  430.0  200.0
1.961  482.0  443.0  200.0
1.981  482.0  458.0  200.0
1.999  475.0  465.0  201.0
2.018  434.0  455.0  200.0
2.037  394.0  442.0  201.0
2.037  394.0  442.0  201.0
2.056  352.0  418.0  202.0
2.093  286.0  358.0  202.0
2.112  263.0  317.0  201.0
2.112  263.0  317.0  201.0
2.13  244.0  275.0  201.0
2.149  235.0  237.0  202.0
2.168  233.0  207.0  202.0
2.187  233.0  188.0  202.0
2.187  233.0  188.0  202.0
2.205  232.0  183.0  201.0
2.224  235.0  189.0  200.0
2.262  291.0  254.0  200.0
2.28  319.0  298.0  200.0
2.28  319.0  298.0  200.0
2.298  367.0  350.0  200.0
2.318  413.0  414.0  199.0
2.336  458.0  474.0  200.0
2.336  458.0  474.0  200.0
2.355  521.0  537.0  200.0
2.374  576.0  598.0  200.0
2.393  646.0  647.0  199.0
2.429  770.0  724.0  200.0
2.449  828.0  755.0  199.0
2.449  828.0  755.0  199.0
2.486  927.0  829.0  198.0
2.486  927.0  829.0  198.0
2.505  965.0  873.0  200.0
2.524  998.0  913.0  201.0
2.524  998.0  913.0  201.0
2.543  1020.0  950.0  199.0
2.563  1023.0  967.0  200.0
2.583  1023.0  969.0  200.0
2.603  1023.0  970.0  200.0
2.603  1023.0  970.0  200.0
2.622  1005.0  955.0  201.0
2.66  914.0  914.0  201.0
2.678  856.0  887.0  202.0
2.697  801.0  854.0  201.0
2.697  801.0  854.0  201.0
2.716  732.0  805.0  201.0
2.735  665.0  747.0  202.0
2.753  601.0  681.0  201.0
2.772  537.0  601.0  201.0
2.772  537.0  601.0  201.0
2.791  480.0  520.0  201.0
2.809  425.0  440.0  202.0
2.847  335.0  312.0  201.0
2.866  301.0  271.0  201.0
2.866  301.0  271.0  201.0
2.884  272.0  243.0  201.0
2.904  248.0  231.0  201.0
2.922  238.0  231.0  203.0
2.94  233.0  237.0  202.0
2.94  233.0  237.0  202.0
2.959  232.0  249.0  202.0
2.997  232.0  281.0  201.0
3.015  253.0  304.0  201.0
3.015  253.0  304.0  201.0
3.035  275.0  326.0  201.0
3.053  311.0  340.0  200.0
3.072  358.0  359.0  199.0
3.09  393.0  370.0  200.0
3.09  393.0  370.0  200.0
3.109  447.0  389.0  200.0
3.128  497.0  421.0  198.0
3.165  626.0  534.0  200.0
3.184  690.0  604.0  200.0
3.184  690.0  604.0  200.0
3.203  757.0  682.0  200.0
3.221  814.0  755.0  199.0
3.24  869.0  825.0  201.0
3.259  918.0  894.0  201.0
3.259  918.0  894.0  201.0
3.277  961.0  955.0  200.0
3.297  996.0  1001.0  199.0
3.318  1017.0  1018.0  200.0
3.339  1023.0  1014.0  200.0
3.339  1023.0  1014.0  200.0
3.359  1023.0  1004.0  199.0
3.38  1023.0  995.0  200.0
3.418  960.0  974.0  201.0
3.418  960.0  974.0  201.0
3.437  915.0  957.0  201.0
3.456  856.0  920.0  201.0
3.474  796.0  863.0  201.0
3.492  729.0  785.0  200.0
3.492  729.0  785.0  200.0
3.512  663.0  700.0  201.0
3.53  598.0  613.0  201.0
3.549  530.0  526.0  202.0
3.568  475.0  457.0  200.0
3.568  475.0  457.0  200.0
3.605  375.0  353.0  201.0
3.623  329.0  319.0  201.0
3.643  294.0  297.0  202.0
3.661  268.0  283.0  201.0
3.68  248.0  276.0  202.0
3.68  248.0  276.0  202.0
3.699  236.0  281.0  203.0
3.736  233.0  293.0  202.0
3.736  233.0  293.0  202.0
3.755  232.0  292.0  202.0
3.774  233.0  280.0  201.0
3.792  254.0  272.0  201.0
3.811  277.0  269.0  200.0
3.811  277.0  269.0  200.0
3.829  311.0  269.0  200.0
3.849  357.0  289.0  199.0
3.867  393.0  323.0  200.0
3.905  501.0  431.0  199.0
3.905  501.0  431.0  199.0
3.923  559.0  499.0  199.0
3.942  630.0  576.0  199.0
3.96  693.0  651.0  199.0
3.98  761.0  733.0  201.0
3.98  761.0  733.0  201.0
3.998  818.0  807.0  200.0
4.017  875.0  872.0  199.0
4.036  922.0  926.0  199.0
4.073  994.0  981.0  200.0
4.073  994.0  981.0  200.0
4.092  1017.0  994.0  199.0
4.113  1023.0  999.0  199.0
4.132  1023.0  999.0  199.0
4.152  1023.0  996.0  199.0
4.152  1023.0  996.0  199.0
4.172  1012.0  982.0  201.0
4.191  968.0  937.0  200.0
4.209  922.0  885.0  201.0
4.209  922.0  885.0  201.0
4.228  864.0  828.0  201.0
4.247  802.0  773.0  201.0
4.284  671.0  666.0  201.0
4.303  604.0  616.0  202.0
4.303  604.0  616.0  202.0
4.322  540.0  567.0  201.0
4.34  481.0  526.0  201.0
4.359  424.0  487.0  202.0
4.378  378.0  452.0  202.0
4.378  378.0  452.0  202.0
4.397  336.0  414.0  202.0
4.415  303.0  375.0  202.0
4.453  250.0  285.0  201.0
4.453  250.0  285.0  201.0
4.471  240.0  245.0  202.0
4.49  234.0  213.0  201.0
4.509  233.0  193.0  202.0
4.528  232.0  187.0  202.0
4.528  232.0  187.0  202.0
4.546  232.0  189.0  202.0
4.566  249.0  211.0  201.0
4.584  273.0  245.0  201.0
4.621  350.0  336.0  200.0
4.621  350.0  336.0  200.0
4.64  387.0  392.0  199.0
4.659  436.0  449.0  200.0
4.677  490.0  510.0  199.0
4.677  490.0  510.0  199.0
4.696  550.0  567.0  199.0
4.715  616.0  618.0  200.0
4.733  679.0  659.0  200.0
4.752  747.0  700.0  200.0
4.79  859.0  768.0  199.0
4.79  859.0  768.0  199.0
4.808  907.0  812.0  200.0
4.827  952.0  859.0  200.0
4.846  989.0  904.0  199.0
4.846  989.0  904.0  199.0
4.866  1012.0  944.0  200.0
4.885  1023.0  967.0  200.0
4.905  1023.0  973.0  200.0
4.925  1023.0  974.0  199.0
4.925  1023.0  974.0  199.0
4.944  1020.0  967.0  201.0
4.964  979.0  949.0  201.0
4.982  933.0  930.0  201.0
5.019  819.0  870.0  201.0
5.019  819.0  870.0  201.0
5.039  751.0  821.0  201.0
5.057  686.0  765.0  201.0
5.075  620.0  697.0  201.0
5.094  557.0  618.0  202.0
5.094  557.0  618.0  202.0
5.113  495.0  536.0  202.0
5.132  443.0  456.0  201.0
5.15  392.0  384.0  201.0
5.17  346.0  325.0  201.0
5.17  346.0  325.0  201.0
5.207  277.0  256.0  202.0
5.225  256.0  241.0  202.0
5.244  241.0  236.0  202.0
5.263  233.0  240.0  202.0
5.263  233.0  240.0  202.0
5.281  233.0  251.0  202.0
5.301  232.0  266.0  202.0
5.319  232.0  279.0  202.0
5.319  232.0  279.0  202.0
5.356  267.0  313.0  201.0
5.376  301.0  323.0  201.0
5.394  331.0  336.0  201.0
5.412  377.0  351.0  200.0
5.412  377.0  351.0  200.0
5.432  423.0  372.0  197.0
5.45  470.0  400.0  198.0
5.469  533.0  450.0  199.0
5.487  591.0  510.0  200.0
5.507  659.0  578.0  200.0
5.525  723.0  653.0  199.0
5.543  783.0  724.0  199.0
5.543  783.0  724.0  199.0
5.562  839.0  793.0  201.0
5.581  895.0  864.0  201.0
5.6  941.0  926.0  199.0
5.618  980.0  977.0  199.0
5.618  980.0  977.0  199.0
5.64  1007.0  1007.0  201.0
5.66  1023.0  1019.0  199.0
5.681  1023.0  1017.0  199.0
5.722  1020.0  993.0  201.0
5.722  1020.0  993.0  201.0
5.74  983.0  985.0  201.0
5.758  936.0  969.0  200.0
5.778  881.0  935.0  201.0
5.796  822.0  882.0  201.0
5.796  822.0  882.0  201.0
5.815  759.0  811.0  201.0
5.834  692.0  728.0  201.0
5.853  624.0  643.0  201.0
5.89  500.0  488.0  200.0
5.89  500.0  488.0  200.0
5.909  445.0  428.0  201.0
5.927  392.0  378.0  201.0
5.946  345.0  341.0  201.0
5.946  345.0  341.0  201.0
5.965  310.0  314.0  202.0
5.984  279.0  293.0  202.0
6.002  254.0  282.0  202.0
6.021  240.0  281.0  202.0
6.021  240.0  281.0  202.0
6.059  233.0  287.0  202.0
6.077  233.0  287.0  202.0
6.096  232.0  276.0  201.0
6.096  232.0  276.0  201.0
6.115  242.0  265.0  201.0
6.133  264.0  259.0  200.0
6.152  294.0  260.0  200.0
6.171  328.0  275.0  199.0
6.171  328.0  275.0  199.0
6.19  368.0  305.0  200.0
6.226  460.0  397.0  200.0
6.246  526.0  464.0  199.0
6.264  582.0  533.0  199.0
6.264  582.0  533.0  199.0
6.283  652.0  609.0  200.0
6.302  718.0  689.0  201.0
6.321  778.0  764.0  202.0
6.339  836.0  832.0  199.0
6.358  891.0  892.0  199.0
6.377  936.0  934.0  200.0
6.395  976.0  960.0  201.0
6.415  1006.0  980.0  199.0
6.415  1006.0  980.0  199.0
6.435  1023.0  993.0  199.0
6.455  1023.0  997.0  199.0
6.474  1023.0  996.0  200.0
6.494  1023.0  995.0  200.0
6.494  1023.0  995.0  200.0
6.513  997.0  959.0  200.0
6.532  953.0  912.0  200.0
6.55  904.0  862.0  201.0
6.588  782.0  757.0  200.0
6.588  782.0  757.0  200.0
6.606  716.0  709.0  200.0
6.625  647.0  659.0  201.0
6.644  584.0  611.0  201.0
6.644  584.0  611.0  201.0
6.663  518.0  566.0  201.0
6.681  460.0  526.0  201.0
6.719  361.0  442.0  202.0
6.737  321.0  399.0  201.0
6.737  321.0  399.0  201.0
6.756  287.0  348.0  201.0
6.775  262.0  300.0  201.0
6.794  247.0  254.0  201.0
6.812  237.0  217.0  201.0
6.812  237.0  217.0  201.0
6.832  233.0  195.0  201.0
6.85  233.0  188.0  201.0
6.887  235.0  201.0  200.0
6.887  235.0  201.0  200.0
6.906  261.0  232.0  200.0
6.925  288.0  271.0  201.0
6.943  314.0  310.0  201.0
6.963  364.0  366.0  201.0
6.963  364.0  366.0  201.0
6.981  406.0  424.0  199.0
7.0  452.0  475.0  200.0
7.018  512.0  534.0  200.0
7.037  568.0  578.0  201.0
7.037  568.0  578.0  201.0
7.074  703.0  660.0  198.0
7.094  768.0  695.0  198.0
7.112  824.0  733.0  198.0
7.131  878.0  780.0  200.0
7.131  878.0  780.0  200.0
7.149  925.0  830.0  201.0
7.169  966.0  880.0  200.0
7.187  998.0  928.0  199.0
7.187  998.0  928.0  199.0
7.226  1023.0  973.0  200.0
7.246  1023.0  975.0  199.0
7.266  1023.0  976.0  199.0
7.285  1006.0  962.0  201.0
7.285  1006.0  962.0  201.0
7.305  961.0  941.0  201.0
7.323  913.0  925.0  201.0
7.342  852.0  902.0  201.0
7.361  794.0  863.0  200.0
7.361  794.0  863.0  200.0
7.379  727.0  811.0  199.0
7.398  660.0  743.0  201.0
7.436  531.0  574.0  201.0
7.436  531.0  574.0  201.0
7.454  474.0  488.0  200.0
7.473  419.0  408.0  201.0
7.491  372.0  345.0  200.0
7.511  327.0  300.0  201.0
7.511  327.0  300.0  201.0
7.529  294.0  268.0  202.0
7.547  270.0  251.0  202.0
7.567  250.0  244.0  201.0
7.604  233.0  255.0  201.0
7.604  233.0  255.0  201.0
7.622  233.0  272.0  201.0
7.642  232.0  286.0  202.0
7.66  233.0  297.0  201.0
7.678  256.0  314.0  201.0
7.678  256.0  314.0  201.0
7.698  280.0  321.0  200.0
7.735  362.0  338.0  199.0
7.753  399.0  349.0  200.0
7.753  399.0  349.0  200.0
7.773  454.0  373.0  200.0
7.791  507.0  421.0  198.0
7.81  570.0  479.0  199.0
7.829  638.0  550.0  199.0
7.829  638.0  550.0  199.0
7.847  698.0  626.0  200.0
7.866  764.0  704.0  200.0
7.884  821.0  778.0  199.0
7.922  925.0  921.0  199.0
7.922  925.0  921.0  199.0
7.941  965.0  977.0  201.0
7.962  1000.0  1010.0  200.0
7.983  1022.0  1022.0  200.0
7.983  1022.0  1022.0  200.0
8.003  1023.0  1014.0  200.0
8.024  1023.0  1004.0  200.0
8.044  1023.0  991.0  200.0
8.062  993.0  990.0  200.0
8.062  993.0  990.0  200.0
8.081  947.0  977.0  201.0
8.119  837.0  905.0  201.0
8.119  837.0  905.0  201.0
8.119  837.0  905.0  201.0
8.156  710.0  746.0  200.0
8.175  645.0  656.0  200.0
8.194  583.0  571.0  200.0
8.212  516.0  494.0  200.0
8.212  516.0  494.0  200.0
8.231  459.0  434.0  200.0
8.25  406.0  384.0  200.0
8.287  317.0  322.0  201.0
8.287  317.0  322.0  201.0
8.306  284.0  305.0  201.0
8.325  263.0  294.0  202.0
8.343  246.0  293.0  201.0
8.363  234.0  297.0  201.0
8.381  233.0  300.0  201.0
8.381  233.0  300.0  201.0
8.399  232.0  300.0  202.0
8.418  231.0  283.0  201.0
8.456  260.0  252.0  200.0
8.456  260.0  252.0  200.0
8.474  288.0  249.0  200.0
8.494  320.0  256.0  200.0
8.512  366.0  288.0  200.0
8.53  408.0  331.0  198.0
8.53  408.0  331.0  198.0
8.549  455.0  383.0  200.0
8.568  520.0  455.0  200.0
8.587  574.0  527.0  200.0
8.625  710.0  688.0  199.0
8.625  710.0  688.0  199.0
8.625  710.0  688.0  199.0
8.662  830.0  838.0  201.0
8.68  886.0  899.0  200.0
8.699  934.0  939.0  199.0
8.699  934.0  939.0  199.0
8.718  973.0  962.0  200.0
8.737  1003.0  981.0  199.0
8.758  1023.0  994.0  199.0
8.777  1023.0  997.0  199.0
8.777  1023.0  997.0  199.0
8.797  1023.0  996.0  199.0
8.816  1023.0  993.0  200.0
8.836  998.0  956.0  200.0
8.854  953.0  906.0  199.0
8.854  953.0  906.0  199.0
8.892  845.0  803.0  200.0
8.91  786.0  751.0  200.0
8.929  719.0  705.0  200.0
8.947  652.0  659.0  201.0
8.947  652.0  659.0  201.0
8.967  588.0  613.0  201.0
8.985  520.0  568.0  202.0
9.004  464.0  530.0  201.0
9.022  408.0  490.0  202.0
9.022  408.0  490.0  202.0
9.06  320.0  409.0  202.0
9.078  288.0  358.0  202.0
9.098  264.0  306.0  201.0
9.116  246.0  257.0  200.0
9.116  246.0  257.0  200.0
9.135  236.0  216.0  200.0
9.153  233.0  189.0  201.0
9.172  232.0  181.0  201.0
9.191  232.0  182.0  201.0
9.191  232.0  182.0  201.0
9.229  259.0  226.0  200.0
9.247  287.0  267.0  200.0
9.266  314.0  308.0  201.0
9.284  369.0  370.0  200.0
9.284  369.0  370.0  200.0
9.304  407.0  431.0  199.0
9.322  460.0  486.0  200.0
9.34  519.0  548.0  200.0
9.34  519.0  548.0  200.0
9.36  578.0  595.0  201.0
9.397  709.0  671.0  198.0
9.415  776.0  703.0  198.0
9.435  831.0  737.0  198.0
9.435  831.0  737.0  198.0
9.453  885.0  782.0  200.0
9.472  933.0  831.0  200.0
9.491  973.0  880.0  200.0
9.51  1003.0  926.0  199.0
9.51  1003.0  926.0  199.0
9.53  1022.0  955.0  199.0
9.549  1023.0  962.0  200.0
9.57  1023.0  963.0  199.0
9.589  1023.0  965.0  199.0
9.589  1023.0  965.0  199.0
9.627  953.0  932.0  201.0
9.646  904.0  915.0  201.0
9.664  844.0  892.0  201.0
9.682  782.0  852.0  200.0
9.682  782.0  852.0  200.0
9.702  714.0  799.0  201.0
9.72  649.0  735.0  201.0
9.739  585.0  656.0  201.0
9.739  585.0  656.0  201.0
9.758  516.0  568.0  201.0
9.795  409.0  402.0  200.0
9.814  362.0  336.0  200.0
9.833  319.0  290.0  201.0
9.833  319.0  290.0  201.0
9.851  286.0  258.0  202.0
9.87  265.0  241.0  202.0
9.888  246.0  236.0  201.0
9.908  235.0  239.0  201.0
9.908  235.0  239.0  201.0
9.926  233.0  249.0  201.0
9.964  232.0  283.0  201.0
9.982  236.0  297.0  201.0
10.001  260.0  318.0  201.0
10.001  260.0  318.0  201.0
10.02  288.0  333.0  200.0
10.041  324.0  355.0  201.0
10.06  379.0  393.0  200.0
10.06  379.0  393.0  200.0
10.08  424.0  435.0  199.0
10.1  480.0  479.0  199.0
10.12  545.0  533.0  200.0
10.139  610.0  592.0  201.0
10.139  610.0  592.0  201.0
10.16  678.0  651.0  200.0
10.179  748.0  712.0  200.0
10.199  808.0  768.0  200.0
10.218  867.0  823.0  200.0
10.218  867.0  823.0  200.0
10.238  923.0  871.0  199.0
10.277  998.0  943.0  200.0
10.299  1021.0  976.0  200.0
10.319  1023.0  997.0  200.0
10.319  1023.0  997.0  200.0
10.341  1023.0  1011.0  200.0
10.363  1023.0  1021.0  201.0
10.384  988.0  1002.0  201.0
10.384  988.0  1002.0  201.0
10.403  936.0  966.0  201.0
10.424  879.0  928.0  201.0
10.443  816.0  879.0  201.0
10.463  750.0  820.0  200.0
10.463  750.0  820.0  200.0
10.482  682.0  758.0  201.0
10.503  611.0  691.0  201.0
10.522  539.0  624.0  201.0
10.542  479.0  563.0  201.0
10.562  420.0  503.0  202.0
10.562  420.0  503.0  202.0
10.582  370.0  449.0  202.0
10.601  328.0  400.0  202.0
10.641  263.0  324.0  201.0
10.641  263.0  324.0  201.0
10.66  246.0  298.0  202.0
10.68  235.0  278.0  202.0
10.7  233.0  268.0  201.0
10.72  232.0  260.0  201.0
10.72  232.0  260.0  201.0
10.739  232.0  253.0  202.0
10.76  243.0  257.0  200.0
10.779  267.0  269.0  200.0
10.779  267.0  269.0  200.0
10.799  303.0  292.0  200.0
10.818  339.0  324.0  199.0
10.839  385.0  355.0  200.0
10.858  443.0  400.0  200.0
10.858  443.0  400.0  200.0
10.877  492.0  445.0  198.0
10.898  559.0  496.0  199.0
10.917  627.0  556.0  199.0
10.937  694.0  616.0  200.0
10.937  694.0  616.0  200.0
10.977  825.0  735.0  199.0
10.996  884.0  792.0  200.0
11.016  936.0  841.0  199.0
11.036  976.0  883.0  199.0
11.036  976.0  883.0  199.0
11.057  1006.0  927.0  199.0
11.077  1023.0  958.0  199.0
11.099  1023.0  976.0  199.0
11.119  1023.0  991.0  199.0
11.119  1023.0  991.0  199.0
11.14  1022.0  996.0  201.0
11.16  980.0  973.0  201.0
11.18  930.0  937.0  200.0
11.199  872.0  885.0  201.0
11.199  872.0  885.0  201.0
11.218  815.0  827.0  201.0
11.239  743.0  761.0  200.0
11.258  673.0  690.0  201.0
11.258  673.0  690.0  201.0
11.278  603.0  619.0  201.0
11.298  532.0  545.0  201.0
11.318  470.0  478.0  200.0
11.337  414.0  416.0  200.0
11.337  414.0  416.0  200.0
11.358  364.0  359.0  200.0
11.377  321.0  313.0  201.0
11.416  261.0  240.0  200.0
11.437  243.0  217.0  200.0
11.437  243.0  217.0  200.0
11.456  235.0  200.0  200.0
11.475  233.0  192.0  201.0
11.496  232.0  187.0  201.0
11.515  232.0  184.0  201.0
11.515  232.0  184.0  201.0
11.535  245.0  195.0  200.0
11.555  268.0  212.0  200.0
11.575  307.0  241.0  200.0
11.594  342.0  279.0  199.0
11.594  342.0  279.0  199.0
11.614  386.0  317.0  200.0
11.634  446.0  367.0  199.0
11.654  496.0  421.0  198.0
11.654  496.0  421.0  198.0
11.673  561.0  480.0  199.0
11.694  632.0  547.0  199.0
11.732  768.0  681.0  200.0
11.753  830.0  744.0  199.0
11.753  830.0  744.0  199.0
11.772  889.0  805.0  199.0
11.792  937.0  859.0  200.0
11.811  979.0  906.0  199.0
11.833  1007.0  943.0  198.0
11.833  1007.0  943.0  198.0
11.853  1023.0  963.0  199.0
11.874  1023.0  968.0  199.0
11.895  1023.0  970.0  198.0
11.895  1022.0  963.0  199.0
11.916  1022.0  963.0  199.0
11.935  979.0  929.0  200.0
11.956  930.0  888.0  200.0
11.975  870.0  836.0  200.0
11.975  870.0  836.0  200.0
11.995  811.0  782.0  200.0
12.035  669.0  652.0  200.0
12.054  598.0  586.0  200.0
12.054  598.0  586.0  200.0
12.073  528.0  520.0  201.0
12.094  467.0  461.0  201.0
12.113  409.0  406.0  201.0
12.133  365.0  357.0  200.0
12.133  365.0  357.0  200.0
12.153  320.0  313.0  201.0
12.173  283.0  278.0  202.0
12.192  261.0  252.0  202.0
12.212  243.0  233.0  202.0
12.212  243.0  233.0  202.0
12.232  234.0  223.0  201.0
12.252  233.0  220.0  201.0
12.271  233.0  220.0  202.0
12.292  232.0  220.0  201.0
12.292  232.0  220.0  201.0
12.311  245.0  233.0  200.0
12.331  269.0  252.0  200.0
12.37  347.0  322.0  200.0
12.39  389.0  364.0  198.0
12.39  389.0  364.0  198.0
12.409  442.0  410.0  199.0
12.43  497.0  467.0  199.0
12.449  559.0  525.0  200.0
12.449  559.0  525.0  200.0
12.469  630.0  593.0  200.0
12.489  697.0  660.0  198.0
12.509  765.0  726.0  199.0
12.528  824.0  790.0  201.0
12.528  824.0  790.0  201.0
12.548  884.0  851.0  200.0
12.568  934.0  904.0  198.0
12.588  973.0  952.0  199.0
12.608  1005.0  972.0  200.0
12.608  1005.0  972.0  200.0
12.63  1023.0  975.0  199.0
12.65  1023.0  971.0  199.0
12.67  1023.0  967.0  199.0
12.692  1022.0  958.0  200.0
12.692  1022.0  958.0  200.0
12.731  931.0  908.0  201.0
12.731  931.0  908.0  201.0
12.771  811.0  820.0  201.0
12.771  811.0  820.0  201.0
12.79  742.0  761.0  200.0
12.81  673.0  698.0  201.0
12.83  601.0  634.0  201.0
12.85  532.0  570.0  201.0
12.85  532.0  570.0  201.0
12.869  473.0  512.0  201.0
12.89  415.0  457.0  201.0
12.909  367.0  410.0  201.0
12.929  325.0  368.0  201.0
12.929  325.0  368.0  201.0
12.948  289.0  330.0  201.0
12.968  260.0  304.0  201.0
12.988  244.0  286.0  202.0
13.007  235.0  274.0  202.0
13.007  235.0  274.0  202.0
13.028  233.0  270.0  201.0
13.067  231.0  271.0  201.0
13.087  242.0  282.0  201.0
13.087  242.0  282.0  201.0
13.107  268.0  303.0  201.0
13.126  302.0  332.0  201.0
13.146  336.0  367.0  200.0
13.166  386.0  407.0  201.0
13.166  386.0  407.0  201.0
13.186  437.0  455.0  199.0
13.205  486.0  505.0  199.0
13.225  552.0  563.0  199.0
13.245  620.0  628.0  199.0
13.245  620.0  628.0  199.0
13.264  686.0  691.0  200.0
13.285  757.0  757.0  201.0
13.304  819.0  818.0  199.0
13.304  819.0  818.0  199.0
13.324  878.0  876.0  199.0
13.343  928.0  927.0  201.0
13.364  971.0  970.0  199.0
13.384  1003.0  997.0  199.0
13.406  1023.0  1017.0  200.0
13.406  1023.0  1017.0  200.0
13.428  1023.0  1008.0  199.0
13.449  1023.0  982.0  199.0
13.49  981.0  949.0  200.0
13.49  981.0  949.0  200.0
13.509  931.0  923.0  200.0
13.529  872.0  889.0  201.0
13.548  814.0  845.0  202.0
13.569  745.0  790.0  201.0
13.569  745.0  790.0  201.0
13.588  672.0  727.0  200.0
13.607  604.0  664.0  201.0
13.628  534.0  600.0  201.0
13.647  472.0  541.0  201.0
13.647  472.0  541.0  201.0
13.667  413.0  487.0  201.0
13.687  367.0  439.0  201.0
13.707  321.0  394.0  201.0
13.726  286.0  358.0  202.0
13.726  286.0  358.0  202.0
13.746  262.0  330.0  202.0
13.766  242.0  310.0  202.0
13.786  234.0  297.0  201.0
13.826  232.0  289.0  202.0
13.826  232.0  289.0  202.0
13.845  231.0  288.0  202.0
13.864  245.0  298.0  201.0
13.885  267.0  314.0  200.0
13.885  267.0  314.0  200.0
13.904  301.0  339.0  201.0
13.924  343.0  376.0  200.0
13.943  383.0  409.0  200.0
13.964  436.0  450.0  200.0
13.964  436.0  450.0  200.0
13.983  488.0  499.0  199.0
14.003  550.0  550.0  200.0
14.023  620.0  611.0  200.0
14.043  689.0  672.0  198.0
14.043  689.0  672.0  198.0
14.062  760.0  733.0  199.0
14.083  821.0  791.0  200.0
14.121  929.0  891.0  199.0
14.121  929.0  891.0  199.0
14.141  971.0  933.0  200.0
14.162  1004.0  970.0  199.0
14.183  1023.0  999.0  199.0
14.204  1023.0  1016.0  199.0
14.204  1023.0  1016.0  199.0
14.227  1023.0  1022.0  200.0
14.248  1022.0  1002.0  200.0
14.268  980.0  966.0  200.0
14.288  930.0  942.0  200.0
14.288  930.0  942.0  200.0
14.308  871.0  907.0  201.0
14.327  810.0  862.0  201.0
14.347  738.0  803.0  200.0
14.347  738.0  803.0  200.0
14.367  667.0  738.0  201.0
14.387  596.0  674.0  201.0
14.406  525.0  608.0  201.0
14.427  467.0  547.0  202.0
14.427  467.0  547.0  202.0
14.446  407.0  491.0  201.0
14.466  362.0  442.0  201.0
14.486  320.0  398.0  201.0
14.525  259.0  333.0  202.0
14.525  259.0  333.0  202.0
14.544  243.0  312.0  202.0
14.565  233.0  299.0  202.0
14.584  233.0  291.0  201.0
14.604  232.0  285.0  201.0
14.604  232.0  285.0  201.0
14.624  231.0  280.0  201.0
14.644  246.0  288.0  201.0
14.663  271.0  302.0  200.0
14.663  271.0  302.0  200.0
14.684  310.0  327.0  199.0
14.703  350.0  363.0  198.0
14.723  395.0  397.0  200.0
14.742  453.0  441.0  199.0
14.742  453.0  441.0  199.0
14.763  507.0  490.0  198.0
14.782  572.0  543.0  200.0
14.801  646.0  605.0  198.0
14.841  782.0  725.0  199.0
14.841  782.0  725.0  199.0
14.861  841.0  781.0  200.0
14.881  899.0  834.0  199.0
14.901  944.0  877.0  198.0
14.92  985.0  914.0  199.0
14.92  985.0  914.0  199.0
14.941  1010.0  952.0  199.0
14.962  1023.0  980.0  200.0
14.983  1023.0  999.0  199.0
15.004  1023.0  1012.0  199.0
15.004  1023.0  1012.0  199.0
15.027  1011.0  1010.0  200.0
15.046  961.0  988.0  200.0
15.066  913.0  957.0  200.0
15.066  913.0  957.0  200.0
15.086  848.0  909.0  200.0
15.106  785.0  853.0  200.0
15.125  713.0  789.0  200.0
15.144  643.0  722.0  200.0
15.144  643.0  722.0  200.0
15.165  574.0  653.0  200.0
15.184  507.0  586.0  201.0
15.204  449.0  524.0  201.0
15.224  396.0  467.0  201.0
15.224  396.0  467.0  201.0
15.244  350.0  413.0  200.0
15.284  275.0  326.0  200.0
15.303  253.0  297.0  202.0
15.303  253.0  297.0  202.0
15.323  240.0  273.0  201.0
15.342  233.0  259.0  201.0
15.363  232.0  249.0  200.0
15.382  232.0  242.0  201.0
15.382  232.0  242.0  201.0
15.401  233.0  238.0  200.0
15.422  256.0  247.0  200.0
15.441  281.0  266.0  200.0
15.461  318.0  288.0  200.0
15.461  318.0  288.0  200.0
15.481  371.0  326.0  199.0
15.501  409.0  362.0  198.0
15.52  465.0  403.0  198.0
15.54  527.0  455.0  198.0
15.54  527.0  455.0  198.0
15.56  589.0  511.0  200.0
15.58  659.0  573.0  199.0
15.62  793.0  697.0  199.0
15.639  852.0  755.0  200.0
15.639  852.0  755.0  200.0
15.659  909.0  808.0  198.0
15.678  954.0  853.0  198.0
15.698  990.0  893.0  199.0
15.719  1015.0  933.0  199.0
15.719  1015.0  933.0  199.0
15.739  1023.0  956.0  199.0
15.761  1023.0  970.0  199.0
15.781  1023.0  983.0  199.0
15.802  1003.0  975.0  200.0
15.802  1003.0  975.0  200.0
15.822  955.0  943.0  200.0
15.842  905.0  899.0  200.0
15.861  841.0  842.0  200.0
15.882  776.0  777.0  200.0
15.882  776.0  777.0  200.0
15.901  704.0  707.0  199.0
15.921  635.0  636.0  200.0
15.94  568.0  565.0  201.0
15.94  568.0  565.0  201.0
15.98  444.0  435.0  200.0
16.0  390.0  379.0  200.0
16.02  341.0  327.0  200.0
16.02  341.0  327.0  200.0
16.039  305.0  282.0  200.0
16.059  273.0  246.0  200.0
16.079  249.0  219.0  200.0
16.099  238.0  201.0  202.0
16.099  238.0  201.0  202.0
16.118  233.0  193.0  200.0
16.138  232.0  189.0  200.0
16.158  232.0  187.0  201.0
16.178  235.0  191.0  200.0
16.178  235.0  191.0  200.0
16.197  258.0  207.0  200.0
16.218  287.0  232.0  200.0
16.237  324.0  265.0  199.0
16.257  366.0  304.0  199.0
16.257  366.0  304.0  199.0
16.276  417.0  350.0  199.0
16.316  535.0  459.0  198.0
16.335  599.0  524.0  199.0
16.356  670.0  593.0  200.0
16.356  670.0  593.0  200.0
16.375  742.0  663.0  200.0
16.395  803.0  729.0  198.0
16.415  865.0  790.0  199.0
16.435  917.0  848.0  201.0
16.435  917.0  848.0  201.0
16.454  962.0  897.0  199.0
16.474  996.0  937.0  200.0
16.495  1019.0  962.0  199.0
16.516  1023.0  963.0  200.0
16.516  1023.0  963.0  200.0
16.536  1023.0  966.0  199.0
16.558  1023.0  969.0  200.0
16.577  998.0  947.0  199.0
16.596  953.0  914.0  200.0
16.596  953.0  914.0  200.0
16.617  900.0  872.0  200.0
16.636  839.0  821.0  200.0
16.656  768.0  759.0  201.0
16.656  768.0  759.0  201.0
16.675  698.0  695.0  200.0
16.696  629.0  631.0  200.0
16.735  492.0  504.0  201.0
16.755  436.0  449.0  200.0
16.755  436.0  449.0  200.0
16.775  385.0  397.0  201.0
16.794  335.0  349.0  201.0
16.815  297.0  311.0  201.0
16.834  269.0  282.0  201.0
16.834  269.0  282.0  201.0
16.854  248.0  260.0  201.0
16.873  237.0  247.0  201.0
16.893  233.0  240.0  201.0
16.913  232.0  238.0  201.0
16.913  232.0  238.0  201.0
16.932  232.0  239.0  202.0
16.953  236.0  245.0  200.0
16.972  261.0  263.0  201.0
16.972  261.0  263.0  201.0
16.992  290.0  291.0  201.0
17.012  322.0  323.0  201.0
17.051  425.0  416.0  199.0
17.071  474.0  468.0  200.0
17.071  474.0  468.0  200.0
17.091  543.0  530.0  200.0
17.111  609.0  596.0  199.0
17.13  680.0  664.0  200.0
17.15  751.0  734.0  201.0
17.15  751.0  734.0  201.0
17.17  812.0  799.0  201.0
17.189  873.0  859.0  198.0
17.209  922.0  913.0  199.0
17.229  964.0  961.0  201.0
17.229  964.0  961.0  201.0
17.249  998.0  998.0  199.0
17.27  1021.0  1009.0  199.0
17.292  1023.0  984.0  200.0
17.292  1023.0  984.0  200.0
17.312  1023.0  978.0  199.0
17.333  1023.0  973.0  201.0
17.373  946.0  927.0  200.0
17.392  889.0  894.0  201.0
17.392  889.0  894.0  201.0
17.413  825.0  850.0  201.0
17.432  756.0  794.0  201.0
17.452  686.0  732.0  201.0
17.452  686.0  732.0  201.0
17.471  614.0  668.0  201.0
17.491  548.0  604.0  201.0
17.511  484.0  546.0  201.0
17.53  424.0  491.0  201.0
17.53  424.0  491.0  201.0
17.551  376.0  442.0  201.0
17.57  331.0  396.0  201.0
17.59  292.0  359.0  201.0
17.61  266.0  333.0  202.0
17.61  266.0  333.0  202.0
17.63  247.0  310.0  202.0
17.649  235.0  297.0  201.0
17.669  233.0  291.0  201.0
17.709  232.0  286.0  202.0
17.709  232.0  286.0  202.0
17.728  240.0  294.0  201.0
17.748  264.0  310.0  200.0
17.768  299.0  338.0  200.0
17.787  332.0  371.0  200.0
17.787  332.0  371.0  200.0
17.807  386.0  411.0  200.0
17.827  439.0  459.0  199.0
17.847  490.0  508.0  199.0
17.866  557.0  563.0  200.0
17.866  557.0  563.0  200.0
17.887  627.0  626.0  199.0
17.906  696.0  688.0  199.0
17.926  764.0  748.0  200.0
17.926  764.0  748.0  200.0
17.946  823.0  804.0  200.0
17.966  883.0  857.0  199.0
17.985  930.0  903.0  199.0
18.004  972.0  944.0  200.0
18.004  972.0  944.0  200.0
18.026  1005.0  980.0  199.0
18.048  1023.0  1008.0  200.0
18.069  1023.0  1018.0  199.0
18.092  1023.0  1011.0  199.0
18.092  1023.0  1011.0  199.0
18.112  1016.0  975.0  200.0
18.131  972.0  954.0  201.0
18.171  861.0  894.0  200.0
18.171  861.0  894.0  200.0
18.191  799.0  846.0  200.0
18.211  730.0  788.0  201.0
18.231  659.0  727.0  201.0
18.25  591.0  665.0  201.0
18.25  591.0  665.0  201.0
18.27  523.0  600.0  201.0
18.29  465.0  542.0  201.0
18.31  406.0  486.0  201.0
18.31  406.0  486.0  201.0
18.329  359.0  436.0  201.0
18.35  315.0  393.0  201.0
18.369  280.0  358.0  202.0
18.388  259.0  330.0  201.0
18.408  241.0  310.0  201.0
18.408  241.0  310.0  201.0
18.428  233.0  298.0  202.0
18.448  232.0  293.0  202.0
18.467  231.0  289.0  201.0
18.467  231.0  289.0  201.0
18.507  250.0  297.0  201.0
18.527  272.0  312.0  200.0
18.547  310.0  336.0  200.0
18.567  354.0  373.0  199.0
18.567  354.0  373.0  199.0
18.586  393.0  405.0  199.0
18.606  452.0  448.0  199.0
18.626  502.0  496.0  199.0
18.646  568.0  550.0  200.0
18.665  642.0  613.0  200.0
18.665  642.0  613.0  200.0
18.685  710.0  673.0  198.0
18.705  776.0  731.0  198.0
18.724  835.0  787.0  200.0
18.745  894.0  839.0  199.0
18.745  894.0  839.0  199.0
18.764  942.0  882.0  198.0
18.784  983.0  922.0  199.0
18.804  1011.0  960.0  200.0
18.804  1011.0  960.0  200.0
18.826  1023.0  988.0  200.0
18.847  1023.0  1005.0  199.0
18.869  1023.0  1021.0  199.0
18.891  1009.0  1006.0  201.0
18.891  1009.0  1006.0  201.0
18.911  962.0  973.0  200.0
18.93  915.0  946.0  200.0
18.97  788.0  851.0  199.0
18.97  788.0  851.0  199.0
18.99  716.0  789.0  200.0
19.01  645.0  723.0  201.0
19.03  581.0  660.0  200.0
19.049  510.0  596.0  200.0
19.049  510.0  596.0  200.0
19.068  453.0  535.0  200.0
19.089  395.0  480.0  201.0
19.108  346.0  429.0  201.0
19.108  346.0  429.0  201.0
19.128  310.0  386.0  201.0
19.148  276.0  349.0  200.0
19.187  240.0  298.0  201.0
19.208  233.0  284.0  202.0
19.208  233.0  284.0  202.0
19.227  233.0  275.0  200.0
19.247  231.0  268.0  200.0
19.266  233.0  265.0  201.0
19.287  252.0  274.0  200.0
19.287  252.0  274.0  200.0
19.306  278.0  291.0  199.0
19.325  313.0  314.0  199.0
19.346  359.0  348.0  198.0
19.365  404.0  386.0  198.0
19.365  404.0  386.0  198.0
19.385  450.0  424.0  199.0
19.404  517.0  474.0  199.0
19.425  580.0  530.0  199.0
19.444  653.0  590.0  199.0
19.444  653.0  590.0  199.0
19.464  720.0  651.0  199.0
19.484  786.0  709.0  198.0
19.504  846.0  764.0  199.0
19.504  846.0  764.0  199.0
19.544  949.0  861.0  198.0
19.563  988.0  900.0  198.0
19.584  1013.0  941.0  198.0
19.604  1023.0  967.0  199.0
19.604  1023.0  967.0  199.0
19.625  1023.0  984.0  199.0
19.646  1023.0  999.0  199.0
19.666  1011.0  998.0  200.0
19.687  964.0  973.0  200.0
19.687  964.0  973.0  200.0
19.706  915.0  934.0  200.0
19.726  852.0  879.0  201.0
19.746  789.0  815.0  200.0
19.766  718.0  748.0  199.0
19.766  718.0  748.0  199.0
19.785  646.0  676.0  200.0
19.805  581.0  605.0  200.0
19.825  511.0  535.0  200.0
19.845  452.0  470.0  200.0
19.845  452.0  470.0  200.0
19.864  398.0  408.0  200.0
19.904  308.0  307.0  200.0
19.923  280.0  268.0  200.0
19.923  280.0  268.0  200.0
19.944  255.0  237.0  200.0
19.963  240.0  216.0  200.0
19.983  233.0  203.0  200.0
19.983  233.0  203.0  200.0
20.002  232.0  195.0  200.0
20.023  232.0  190.0  200.0
20.042  233.0  188.0  199.0
20.042  233.0  188.0  199.0
20.062  254.0  200.0  199.0
20.082  276.0  219.0  200.0
20.121  359.0  287.0  199.0
20.142  400.0  330.0  198.0
20.142  400.0  330.0  198.0
20.161  451.0  375.0  200.0
20.18  513.0  433.0  199.0
20.2  576.0  493.0  199.0
20.22  650.0  560.0  198.0
20.22  650.0  560.0  198.0
20.24  716.0  627.0  198.0
20.259  780.0  691.0  200.0
20.28  841.0  755.0  199.0
20.299  897.0  811.0  197.0
20.299  897.0  811.0  197.0
20.319  943.0  863.0  199.0
20.338  985.0  909.0  200.0
20.36  1011.0  945.0  199.0
20.38  1023.0  963.0  199.0
20.38  1023.0  963.0  199.0
20.401  1023.0  969.0  199.0
20.422  1023.0  970.0  198.0
20.443  1012.0  960.0  200.0
20.443  1012.0  960.0  200.0
20.462  966.0  921.0  200.0
20.483  916.0  876.0  200.0
20.502  853.0  821.0  200.0
20.521  792.0  763.0  200.0
20.521  792.0  763.0  200.0
20.561  652.0  634.0  200.0
20.581  584.0  570.0  200.0
20.6  514.0  504.0  199.0
20.621  457.0  446.0  200.0
20.621  457.0  446.0  200.0
20.64  401.0  393.0  200.0
20.66  353.0  344.0  200.0
20.68  313.0  302.0  200.0
20.7  279.0  269.0  200.0
20.7  279.0  269.0  200.0
20.719  257.0  243.0  201.0
20.74  241.0  226.0  200.0
20.759  233.0  218.0  200.0
20.759  233.0  218.0  200.0
20.779  233.0  215.0  200.0
20.798  232.0  215.0  200.0
20.838  250.0  234.0  200.0
20.857  273.0  254.0  200.0
20.857  273.0  254.0  200.0
20.878  306.0  282.0  199.0
20.897  351.0  323.0  199.0
20.917  393.0  366.0  199.0
20.936  443.0  411.0  200.0
20.936  443.0  411.0  200.0
20.957  504.0  469.0  198.0
20.976  565.0  528.0  200.0
20.996  635.0  596.0  200.0
21.016  700.0  662.0  199.0
21.016  700.0  662.0  199.0
21.036  769.0  728.0  199.0
21.055  828.0  790.0  199.0
21.075  885.0  852.0  201.0
21.095  937.0  906.0  199.0
21.095  937.0  906.0  199.0
21.114  980.0  954.0  198.0
21.135  1008.0  972.0  200.0
21.156  1023.0  974.0  199.0
21.156  1023.0  974.0  199.0
21.177  1023.0  970.0  199.0
21.197  1023.0  967.0  199.0
21.219  1019.0  956.0  200.0
21.238  975.0  931.0  200.0
21.238  975.0  931.0  200.0
21.278  864.0  862.0  200.0
21.298  804.0  812.0  200.0
21.317  735.0  754.0  200.0
21.338  665.0  691.0  200.0
21.338  665.0  691.0  200.0
21.357  598.0  627.0  200.0
21.377  526.0  563.0  200.0
21.396  465.0  505.0  200.0
21.416  409.0  451.0  200.0
21.416  409.0  451.0  200.0
21.436  360.0  401.0  200.0
21.455  316.0  359.0  201.0
21.476  284.0  326.0  201.0
21.495  259.0  298.0  201.0
21.495  259.0  298.0  201.0
21.515  241.0  282.0  201.0
21.534  233.0  272.0  201.0
21.555  233.0  269.0  200.0
21.594  232.0  270.0  201.0
21.594  232.0  270.0  201.0
21.614  246.0  284.0  200.0
21.634  269.0  304.0  200.0
21.653  303.0  332.0  200.0
21.653  303.0  332.0  200.0
21.673  347.0  373.0  200.0
21.693  386.0  413.0  199.0
21.712  444.0  460.0  200.0
21.732  499.0  516.0  200.0
21.732  499.0  516.0  200.0
21.752  562.0  573.0  200.0
21.772  634.0  639.0  199.0
21.791  702.0  705.0  199.0
21.812  770.0  769.0  200.0
21.812  770.0  769.0  200.0
21.831  830.0  831.0  200.0
21.851  890.0  887.0  199.0
21.891  982.0  980.0  199.0
21.891  982.0  980.0  199.0
21.891  982.0  980.0  199.0
21.912  1009.0  1004.0  199.0
21.934  1023.0  1013.0  200.0
21.955  1023.0  993.0  199.0
21.955  1023.0  993.0  199.0
21.976  1023.0  983.0  199.0
21.996  1016.0  967.0  200.0
22.017  972.0  944.0  200.0
22.055  860.0  881.0  200.0
22.055  860.0  881.0  200.0
22.076  797.0  834.0  200.0
22.095  726.0  776.0  201.0
22.115  659.0  714.0  200.0
22.134  590.0  651.0  200.0
22.134  590.0  651.0  200.0
22.155  517.0  587.0  201.0
22.174  459.0  529.0  201.0
22.194  402.0  476.0  200.0
22.214  355.0  428.0  200.0
22.214  355.0  428.0  200.0
22.234  315.0  385.0  201.0
22.253  280.0  352.0  200.0
22.274  257.0  325.0  201.0
22.274  257.0  325.0  201.0
22.312  233.0  296.0  201.0
22.332  232.0  291.0  201.0
22.352  231.0  288.0  200.0
22.372  231.0  288.0  201.0
22.372  231.0  288.0  201.0
22.391  249.0  300.0  200.0
22.412  272.0  320.0  200.0
22.431  307.0  345.0  200.0
22.451  357.0  384.0  200.0
22.451  357.0  384.0  200.0
22.471  399.0  424.0  198.0
22.491  453.0  465.0  200.0
22.51  518.0  521.0  199.0
22.53  574.0  574.0  200.0
22.53  574.0  574.0  200.0
22.55  650.0  635.0  199.0
22.569  718.0  697.0  198.0
22.589  783.0  753.0  199.0
22.609  841.0  811.0  200.0
22.609  841.0  811.0  200.0
22.648  948.0  907.0  197.0
22.669  987.0  943.0  199.0
22.689  1011.0  978.0  199.0
22.689  1011.0  978.0  199.0
22.689  1011.0  978.0  199.0
22.732  1023.0  1018.0  200.0
22.755  1023.0  1017.0  199.0
22.775  1005.0  980.0  200.0
22.775  1005.0  980.0  200.0
22.795  957.0  957.0  200.0
22.815  906.0  929.0  200.0
22.835  841.0  889.0  200.0
22.854  775.0  836.0  200.0
22.854  775.0  836.0  200.0
22.875  707.0  775.0  201.0
22.894  636.0  711.0  200.0
22.914  567.0  645.0  200.0
22.933  501.0  582.0  200.0
22.933  501.0  582.0  200.0
22.953  442.0  524.0  201.0
22.973  389.0  472.0  201.0
22.992  344.0  423.0  200.0
22.992  344.0  423.0  200.0
23.013  306.0  382.0  200.0
23.032  272.0  350.0  201.0
23.052  252.0  324.0  201.0
23.072  238.0  305.0  200.0
23.072  238.0  305.0  200.0
23.111  232.0  286.0  201.0
23.131  231.0  281.0  201.0
23.151  235.0  280.0  200.0
23.171  258.0  289.0  200.0
23.171  258.0  289.0  200.0
23.19  285.0  310.0  199.0
23.211  318.0  333.0  201.0
23.23  374.0  370.0  199.0
23.23  374.0  370.0  199.0
23.249  419.0  413.0  198.0
23.27  470.0  453.0  199.0
23.289  535.0  506.0  199.0
23.309  596.0  561.0  200.0
23.309  596.0  561.0  200.0
23.328  666.0  620.0  200.0
23.349  734.0  680.0  198.0
23.388  857.0  793.0  199.0
23.408  915.0  842.0  199.0
23.408  915.0  842.0  199.0
23.428  958.0  883.0  197.0
23.447  993.0  917.0  199.0
23.469  1018.0  956.0  199.0
23.469  1018.0  956.0  199.0
23.489  1023.0  978.0  199.0
23.51  1023.0  995.0  199.0
23.531  1023.0  1009.0  200.0
23.553  996.0  1004.0  200.0
23.553  996.0  1004.0  200.0
23.572  947.0  980.0  200.0
23.591  895.0  940.0  200.0
23.612  830.0  886.0  200.0
23.631  766.0  825.0  200.0
23.631  766.0  825.0  200.0
23.651  696.0  757.0  200.0
23.671  626.0  686.0  201.0
23.691  557.0  615.0  200.0
23.71  492.0  548.0  200.0
23.71  492.0  548.0  200.0
23.75  381.0  426.0  201.0
23.77  336.0  373.0  201.0
23.789  299.0  327.0  200.0
23.789  299.0  327.0  200.0
23.81  268.0  291.0  200.0
23.829  249.0  261.0  200.0
23.848  237.0  240.0  200.0
23.869  232.0  227.0  199.0
23.869  232.0  227.0  199.0
23.888  232.0  218.0  200.0
23.908  232.0  211.0  200.0
23.927  237.0  210.0  200.0
23.948  259.0  221.0  200.0
23.948  259.0  221.0  200.0
23.967  292.0  243.0  199.0
23.987  326.0  272.0  199.0
24.007  373.0  307.0  199.0
24.027  427.0  352.0  198.0
24.027  427.0  352.0  198.0
24.046  474.0  397.0  197.0
24.086  604.0  513.0  198.0
24.105  676.0  578.0  200.0
24.105  676.0  578.0  200.0
24.125  746.0  644.0  199.0
24.145  806.0  707.0  198.0
24.165  870.0  769.0  198.0
24.184  921.0  824.0  199.0
24.184  965.0  870.0  199.0
24.205  965.0  870.0  199.0
24.224  998.0  910.0  199.0
24.245  1020.0  944.0  198.0
24.266  1023.0  957.0  199.0
24.266  1023.0  957.0  199.0
24.287  1023.0  965.0  198.0
24.307  1023.0  972.0  200.0
24.327  995.0  946.0  199.0
24.347  949.0  906.0  200.0
24.347  949.0  906.0  200.0
24.367  894.0  856.0  199.0
24.386  836.0  802.0  200.0
24.407  768.0  740.0  200.0
24.426  698.0  674.0  200.0
24.426  698.0  674.0  200.0
24.445  627.0  607.0  199.0
24.466  557.0  539.0  200.0
24.485  490.0  477.0  200.0
24.524  383.0  366.0  200.0
24.524  383.0  366.0  200.0
24.545  335.0  318.0  200.0
24.564  296.0  280.0  201.0
24.584  270.0  251.0  201.0
24.604  248.0  229.0  201.0
24.604  248.0  229.0  201.0
24.624  236.0  215.0  200.0
24.643  233.0  208.0  200.0
24.663  232.0  207.0  200.0
24.683  232.0  207.0  200.0
24.683  232.0  207.0  200.0
24.702  237.0  214.0  199.0
24.722  260.0  232.0  199.0
24.742  292.0  261.0  200.0
24.742  292.0  261.0  200.0
24.762  324.0  295.0  200.0
24.781  379.0  339.0  199.0
24.821  480.0  439.0  199.0
24.821  480.0  439.0  199.0
24.821  480.0  439.0  199.0
24.86  614.0  567.0  198.0
24.881  683.0  634.0  199.0
24.9  752.0  703.0  201.0
24.92  815.0  768.0  200.0
24.92  815.0  768.0  200.0
24.94  878.0  830.0  197.0
24.96  925.0  884.0  199.0
24.979  967.0  933.0  200.0
24.979  967.0  933.0  200.0
25.0  1000.0  963.0  198.0
25.021  1022.0  970.0  199.0
25.041  1023.0  967.0  199.0
25.062  1023.0  965.0  198.0
25.062  1023.0  965.0  198.0
25.083  1023.0  962.0  199.0
25.103  990.0  939.0  200.0
25.122  941.0  910.0  200.0
25.122  941.0  910.0  200.0
25.162  822.0  824.0  200.0
25.182  754.0  765.0  200.0
25.202  683.0  701.0  200.0
25.222  612.0  636.0  200.0
25.222  612.0  636.0  200.0
25.241  544.0  570.0  200.0
25.261  480.0  510.0  200.0
25.281  421.0  455.0  200.0
25.3  376.0  407.0  200.0
25.3  376.0  407.0  200.0
25.32  329.0  362.0  200.0
25.34  290.0  326.0  200.0
25.36  266.0  298.0  201.0
25.379  246.0  276.0  200.0
25.379  246.0  276.0  200.0
25.4  234.0  264.0  200.0
25.419  232.0  259.0  200.0
25.439  232.0  259.0  200.0
25.458  231.0  260.0  200.0
25.458  231.0  260.0  200.0
25.479  241.0  270.0  199.0
25.498  266.0  290.0  200.0
25.518  298.0  320.0  200.0
25.558  384.0  400.0  199.0
25.558  384.0  400.0  199.0
25.577  433.0  446.0  199.0
25.597  484.0  498.0  199.0
25.617  549.0  556.0  199.0
25.636  617.0  622.0  199.0
25.656  684.0  686.0  199.0
25.656  684.0  686.0  199.0
25.676  753.0  751.0  199.0
25.696  814.0  814.0  200.0
25.715  874.0  873.0  199.0
25.715  874.0  873.0  199.0
25.736  926.0  925.0  198.0
25.755  965.0  970.0  199.0
25.776  1000.0  998.0  199.0
25.798  1022.0  1016.0  199.0
25.798  1022.0  1016.0  199.0
25.819  1023.0  997.0  199.0
25.839  1023.0  987.0  199.0
25.86  1023.0  975.0  200.0
25.86  1023.0  975.0  200.0
25.88  985.0  955.0  200.0
25.9  936.0  930.0  200.0
25.919  880.0  898.0  200.0
25.939  820.0  856.0  200.0
25.939  820.0  856.0  200.0
25.978  680.0  739.0  200.0
25.999  612.0  676.0  200.0
26.018  541.0  612.0  200.0
26.038  479.0  554.0  199.0
26.038  479.0  554.0  199.0
26.057  421.0  497.0  200.0
26.078  373.0  448.0  200.0
26.097  328.0  403.0  200.0
26.097  328.0  403.0  200.0
26.117  291.0  364.0  201.0
26.137  262.0  335.0  201.0
26.157  245.0  314.0  201.0
26.176  234.0  300.0  200.0
26.176  234.0  300.0  200.0
26.196  233.0  294.0  200.0
26.235  231.0  289.0  201.0
26.255  242.0  296.0  200.0
26.275  266.0  312.0  200.0
26.275  266.0  312.0  200.0
26.295  301.0  335.0  200.0
26.314  336.0  366.0  199.0
26.335  384.0  401.0  200.0
26.335  384.0  401.0  200.0
26.354  432.0  442.0  200.0
26.374  481.0  485.0  198.0
26.393  550.0  539.0  198.0
26.414  615.0  598.0  198.0
26.414  615.0  598.0  198.0
26.433  682.0  657.0  200.0
26.452  753.0  719.0  200.0
26.473  816.0  776.0  199.0
26.512  926.0  877.0  199.0
26.512  926.0  877.0  199.0
26.532  970.0  917.0  198.0
26.553  1002.0  959.0  199.0
26.573  1023.0  991.0  199.0
26.573  1023.0  991.0  199.0
26.596  1023.0  1009.0  199.0
26.617  1023.0  1021.0  199.0
26.639  1023.0  1009.0  200.0
26.658  980.0  974.0  200.0
26.658  980.0  974.0  200.0
26.679  930.0  952.0  200.0
26.698  875.0  916.0  200.0
26.718  815.0  870.0  200.0
26.718  815.0  870.0  200.0
26.738  744.0  812.0  200.0
26.758  672.0  747.0  199.0
26.777  603.0  682.0  200.0
26.798  532.0  615.0  201.0
26.798  532.0  615.0  201.0
26.817  471.0  556.0  201.0
26.836  415.0  499.0  201.0
26.856  366.0  447.0  201.0
26.876  320.0  403.0  201.0
26.876  320.0  403.0  201.0
26.896  287.0  365.0  202.0
26.915  261.0  333.0  201.0
26.936  242.0  309.0  201.0
26.955  234.0  292.0  201.0
26.955  234.0  292.0  201.0
26.994  232.0  274.0  201.0
27.015  232.0  269.0  200.0
27.034  242.0  272.0  200.0
27.054  264.0  284.0  200.0
27.054  264.0  284.0  200.0
27.074  296.0  303.0  200.0
27.094  337.0  335.0  200.0
27.113  377.0  368.0  200.0
27.133  430.0  406.0  200.0
27.133  430.0  406.0  200.0
27.153  481.0  452.0  199.0
27.172  545.0  502.0  199.0
27.192  611.0  559.0  197.0
27.212  680.0  619.0  198.0
27.212  680.0  619.0  198.0
27.232  752.0  680.0  199.0
27.251  813.0  738.0  200.0
27.272  875.0  791.0  198.0
27.291  924.0  839.0  198.0
27.291  924.0  839.0  198.0
27.311  966.0  882.0  200.0
27.353  1020.0  963.0  198.0
27.373  1023.0  984.0  199.0
27.373  1023.0  984.0  199.0
27.396  1023.0  1000.0  199.0
27.396  1023.0  1000.0  199.0
27.417  1023.0  1017.0  200.0
27.457  935.0  972.0  200.0
27.457  935.0  972.0  200.0
27.478  878.0  931.0  201.0
27.497  818.0  880.0  200.0
27.516  747.0  819.0  200.0
27.537  675.0  753.0  200.0
27.537  675.0  753.0  200.0
27.556  605.0  684.0  201.0
27.576  534.0  613.0  201.0
27.596  473.0  549.0  201.0
27.596  473.0  549.0  201.0
27.616  414.0  489.0  201.0
27.635  369.0  434.0  200.0
27.655  325.0  383.0  200.0
27.675  287.0  341.0  200.0
27.675  287.0  341.0  200.0
27.714  245.0  281.0  201.0
27.735  234.0  263.0  200.0
27.754  233.0  251.0  200.0
27.773  232.0  243.0  200.0
27.773  232.0  243.0  200.0
27.794  231.0  236.0  200.0
27.813  242.0  238.0  200.0
27.833  266.0  251.0  200.0
27.833  266.0  251.0  200.0
27.852  298.0  271.0  200.0
27.873  336.0  300.0  199.0
27.892  378.0  333.0  199.0
27.912  429.0  371.0  199.0
27.912  429.0  371.0  199.0
27.932  483.0  418.0  198.0
27.952  546.0  469.0  198.0
27.971  613.0  530.0  198.0
27.991  682.0  592.0  199.0
28.011  753.0  655.0  200.0
28.03  814.0  714.0  198.0
28.05  870.0  770.0  200.0
28.07  923.0  821.0  200.0
28.07  923.0  821.0  200.0
28.09  966.0  866.0  198.0
28.109  997.0  904.0  199.0
28.131  1021.0  939.0  198.0
28.151  1023.0  958.0  198.0
28.151  1023.0  958.0  198.0
28.172  1023.0  969.0  199.0
28.193  1023.0  980.0  199.0
28.213  992.0  954.0  199.0
28.213  992.0  954.0  199.0
28.232  945.0  914.0  200.0
28.252  892.0  864.0  200.0
28.272  828.0  807.0  199.0
28.292  760.0  742.0  200.0
28.292  760.0  742.0  200.0
28.311  690.0  674.0  200.0
28.332  619.0  604.0  200.0
28.37  489.0  471.0  199.0
28.39  432.0  410.0  200.0
28.39  432.0  410.0  200.0
28.41  381.0  358.0  201.0
28.43  333.0  312.0  200.0
28.449  298.0  273.0  201.0
28.47  270.0  242.0  200.0
28.47  270.0  242.0  200.0
28.489  247.0  219.0  200.0
28.509  236.0  204.0  201.0
28.529  233.0  198.0  201.0
28.529  233.0  198.0  201.0
28.549  232.0  196.0  200.0
28.568  232.0  196.0  200.0
28.588  239.0  204.0  200.0
28.627  297.0  249.0  200.0
28.627  297.0  249.0  200.0
28.647  326.0  283.0  199.0
28.667  378.0  324.0  199.0
28.687  430.0  374.0  198.0
28.706  477.0  426.0  200.0
28.706  477.0  426.0  200.0
28.727  544.0  486.0  198.0
28.746  606.0  551.0  198.0
28.766  678.0  617.0  199.0
28.785  749.0  687.0  200.0
28.785  749.0  687.0  200.0
28.806  809.0  751.0  199.0
28.825  872.0  812.0  198.0
28.845  921.0  867.0  198.0
28.845  921.0  867.0  198.0
28.865  964.0  916.0  200.0
28.886  1000.0  951.0  198.0
28.906  1021.0  965.0  198.0
28.928  1023.0  963.0  199.0
28.928  1023.0  963.0  199.0
28.948  1023.0  964.0  198.0
28.968  1023.0  965.0  200.0
28.988  990.0  941.0  199.0
29.008  943.0  909.0  199.0
29.008  943.0  909.0  199.0
29.047  827.0  814.0  199.0
29.068  758.0  755.0  200.0
29.087  686.0  691.0  201.0
29.107  616.0  628.0  200.0
29.107  616.0  628.0  200.0
29.127  546.0  563.0  200.0
29.147  486.0  503.0  200.0
29.166  425.0  447.0  200.0
29.166  425.0  447.0  200.0
29.186  376.0  397.0  201.0
29.206  331.0  351.0  200.0
29.225  291.0  314.0  200.0
29.245  266.0  286.0  201.0
29.245  266.0  286.0  201.0
29.265  247.0  264.0  201.0
29.304  232.0  247.0  201.0
29.325  231.0  245.0  201.0
29.344  231.0  246.0  201.0
29.344  231.0  246.0  201.0
29.364  240.0  256.0  200.0
29.383  262.0  274.0  200.0
29.404  295.0  302.0  200.0
29.404  295.0  302.0  200.0
29.423  332.0  341.0  200.0
29.443  376.0  381.0  200.0
29.463  431.0  430.0  199.0
29.483  482.0  483.0  198.0
29.483  482.0  483.0  198.0
29.502  545.0  543.0  199.0
29.521  614.0  611.0  200.0
29.542  686.0  681.0  198.0
29.561  757.0  748.0  200.0
29.561  757.0  748.0  200.0
29.581  816.0  811.0  200.0
29.601  878.0  871.0  199.0
29.64  968.0  970.0  200.0
29.64  968.0  970.0  200.0
29.662  1002.0  996.0  199.0
29.683  1022.0  1007.0  199.0
29.704  1023.0  982.0  199.0
29.725  1023.0  977.0  200.0
29.725  1023.0  977.0  200.0
29.746  1023.0  969.0  200.0
29.765  986.0  949.0  200.0
29.785  940.0  923.0  200.0
29.805  883.0  888.0  200.0
29.805  883.0  888.0  200.0
29.825  819.0  844.0  200.0
29.844  748.0  787.0  200.0
29.864  678.0  723.0  201.0
29.884  606.0  659.0  201.0
29.884  606.0  659.0  201.0
29.903  538.0  596.0  200.0
29.923  478.0  537.0  200.0
29.943  416.0  480.0  201.0
29.963  368.0  433.0  201.0
29.963  368.0  433.0  201.0
29.982  324.0  390.0  201.0
30.003  288.0  355.0  201.0
30.042  245.0  307.0  201.0
30.042  245.0  307.0  201.0
30.062  233.0  295.0  202.0
30.082  232.0  289.0  201.0
30.101  232.0  286.0  201.0
30.12  231.0  285.0  201.0
30.12  231.0  285.0  201.0
30.141  242.0  295.0  201.0
30.16  267.0  312.0  200.0
30.18  299.0  338.0  200.0
30.2  336.0  374.0  199.0
30.2  336.0  374.0  199.0
30.22  383.0  413.0  200.0
30.239  439.0  460.0  200.0
30.26  487.0  508.0  198.0
30.279  558.0  562.0  199.0
30.279  558.0  562.0  199.0
30.299  627.0  625.0  200.0
30.318  696.0  687.0  200.0
30.339  765.0  747.0  198.0
30.377  883.0  856.0  200.0
30.377  883.0  856.0  200.0
30.398  931.0  903.0  200.0
30.417  974.0  942.0  199.0
30.438  1004.0  979.0  199.0
30.46  1023.0  1006.0  200.0
30.46  1023.0  1006.0  200.0
30.46  1023.0  1006.0  200.0
30.503  1023.0  1012.0  200.0
30.525  1017.0  978.0  201.0
30.544  973.0  958.0  201.0
30.544  973.0  958.0  201.0
30.564  924.0  933.0  200.0
30.583  861.0  896.0  201.0
30.604  798.0  847.0  201.0
30.623  727.0  789.0  200.0
30.623  727.0  789.0  200.0
30.643  656.0  726.0  201.0
30.663  588.0  662.0  201.0
30.683  520.0  599.0  200.0
30.702  461.0  541.0  201.0
30.702  461.0  541.0  201.0
30.723  404.0  485.0  201.0
30.742  356.0  437.0  201.0
30.761  316.0  395.0  201.0
30.781  284.0  359.0  200.0
30.781  284.0  359.0  200.0
30.801  256.0  330.0  200.0
30.821  241.0  311.0  201.0
30.84  233.0  299.0  201.0
30.84  233.0  299.0  201.0
30.88  232.0  287.0  201.0
30.9  232.0  284.0  201.0
30.919  254.0  296.0  201.0
30.94  277.0  313.0  200.0
30.94  277.0  313.0  200.0
30.959  312.0  334.0  200.0
30.979  364.0  372.0  199.0
30.999  403.0  410.0  198.0
31.019  458.0  451.0  199.0
31.019  458.0  451.0  199.0
31.038  518.0  503.0  199.0
31.058  580.0  556.0  201.0
31.078  654.0  616.0  200.0
31.078  654.0  616.0  200.0
31.097  720.0  677.0  199.0
31.117  785.0  734.0  198.0
31.137  844.0  788.0  200.0
31.176  949.0  883.0  198.0
31.176  949.0  883.0  198.0
31.197  988.0  919.0  198.0
31.217  1014.0  957.0  199.0
31.238  1023.0  984.0  199.0
31.238  1023.0  984.0  199.0
31.238  1023.0  984.0  199.0
31.26  1023.0  1001.0  199.0
31.303  1002.0  1005.0  200.0
31.324  953.0  972.0  200.0
31.343  901.0  941.0  200.0
31.343  901.0  941.0  200.0
31.363  836.0  895.0  200.0
31.382  772.0  840.0  200.0
31.403  703.0  777.0  200.0
31.422  633.0  712.0  201.0
31.422  633.0  712.0  201.0
31.441  566.0  648.0  201.0
31.462  500.0  585.0  200.0
31.481  442.0  524.0  201.0
31.501  387.0  469.0  201.0
31.501  387.0  469.0  201.0
31.521  341.0  418.0  200.0
31.541  303.0  372.0  201.0
31.56  271.0  336.0  200.0
31.56  271.0  336.0  200.0
31.58  249.0  308.0  201.0
31.6  238.0  287.0  201.0
31.639  232.0  265.0  201.0
31.66  232.0  258.0  200.0
31.66  232.0  258.0  200.0
31.679  237.0  257.0  200.0
31.698  261.0  268.0  199.0
31.718  291.0  289.0  200.0
31.738  323.0  313.0  199.0
31.738  323.0  313.0  199.0
31.758  374.0  346.0  200.0
31.777  424.0  388.0  198.0
31.798  474.0  429.0  198.0
31.817  543.0  484.0  198.0
31.817  543.0  484.0  198.0
31.837  606.0  541.0  199.0
31.857  679.0  602.0  200.0
31.877  749.0  664.0  199.0
31.896  809.0  722.0  198.0
31.896  809.0  722.0  198.0
31.916  871.0  779.0  199.0
31.936  922.0  829.0  199.0
31.975  999.0  907.0  199.0
31.975  999.0  907.0  199.0
31.996  1022.0  943.0  198.0
32.017  1023.0  963.0  199.0
32.037  1023.0  978.0  199.0
32.059  1023.0  990.0  199.0
32.059  1023.0  990.0  199.0
32.078  995.0  970.0  200.0
32.098  947.0  933.0  200.0
32.117  893.0  883.0  200.0
32.138  831.0  826.0  200.0
32.138  831.0  826.0  200.0
32.157  762.0  759.0  201.0
32.177  693.0  688.0  200.0
32.197  624.0  619.0  200.0
32.217  555.0  548.0  200.0
32.217  555.0  548.0  200.0
32.236  489.0  481.0  200.0
32.257  430.0  420.0  200.0
32.276  380.0  363.0  200.0
32.315  294.0  270.0  201.0
32.315  294.0  270.0  201.0
32.335  268.0  238.0  201.0
32.355  248.0  215.0  200.0
32.374  237.0  200.0  200.0
32.395  232.0  192.0  200.0
32.395  232.0  192.0  200.0
32.414  232.0  190.0  201.0
32.434  231.0  188.0  200.0
32.434  231.0  188.0  200.0
32.454  238.0  195.0  199.0
32.474  261.0  212.0  200.0
32.493  295.0  240.0  200.0
32.513  326.0  274.0  200.0
32.533  371.0  313.0  200.0
32.533  371.0  313.0  200.0
32.552  424.0  359.0  199.0
32.572  474.0  411.0  199.0
32.592  540.0  471.0  199.0
32.592  540.0  471.0  199.0
32.612  609.0  539.0  198.0
32.651  746.0  675.0  201.0
32.671  807.0  741.0  201.0
32.691  869.0  802.0  198.0
32.691  869.0  802.0  198.0
32.71  920.0  856.0  198.0
32.731  962.0  905.0  200.0
32.75  998.0  946.0  200.0
32.75  998.0  946.0  200.0
32.771  1019.0  965.0  199.0
32.792  1023.0  963.0  200.0
32.813  1023.0  964.0  199.0
32.833  1023.0  967.0  199.0
32.833  1023.0  967.0  199.0
32.854  998.0  946.0  200.0
32.873  952.0  915.0  200.0
32.892  898.0  873.0  200.0
32.912  833.0  822.0  200.0
32.912  833.0  822.0  200.0
32.932  766.0  764.0  200.0
32.952  694.0  701.0  201.0
32.992  558.0  574.0  201.0
32.992  558.0  574.0  201.0
33.011  492.0  511.0  201.0
33.031  432.0  454.0  202.0
33.05  381.0  404.0  201.0
33.071  336.0  358.0  201.0
33.071  336.0  358.0  201.0
33.09  299.0  319.0  201.0
33.11  269.0  291.0  201.0
33.13  249.0  269.0  201.0
33.13  249.0  269.0  201.0
33.149  237.0  256.0  201.0
33.169  232.0  250.0  201.0
33.189  232.0  248.0  201.0
33.209  231.0  249.0  201.0
33.228  238.0  256.0  201.0
33.228  238.0  256.0  201.0
33.268  293.0  306.0  200.0
33.288  324.0  336.0  201.0
33.307  379.0  379.0  200.0
33.307  379.0  379.0  200.0
33.328  424.0  430.0  199.0
33.347  474.0  479.0  199.0
33.367  544.0  541.0  200.0
33.387  603.0  607.0  200.0
33.387  603.0  607.0  200.0
33.406  676.0  673.0  200.0
33.426  744.0  739.0  200.0
33.445  804.0  801.0  199.0
33.466  863.0  860.0  201.0
33.485  918.0  915.0  199.0
33.485  918.0  915.0  199.0
33.505  962.0  961.0  199.0
33.526  995.0  1001.0  200.0
33.548  1021.0  1008.0  200.0
33.548  1021.0  1008.0  200.0
33.568  1023.0  985.0  200.0
33.59  1023.0  978.0  200.0
33.61  1023.0  974.0  200.0
33.63  992.0  954.0  200.0
33.63  992.0  954.0  200.0
33.649  943.0  927.0  200.0
33.67  888.0  893.0  201.0
33.689  826.0  851.0  202.0
33.729  689.0  736.0  200.0
33.729  689.0  736.0  200.0
33.748  621.0  675.0  201.0
33.768  551.0  611.0  201.0
33.788  488.0  552.0  201.0
33.808  430.0  495.0  201.0
33.808  430.0  495.0  201.0
33.827  378.0  446.0  201.0
33.847  334.0  402.0  201.0
33.867  298.0  364.0  201.0
33.887  266.0  334.0  201.0
33.887  266.0  334.0  201.0
33.906  247.0  313.0  202.0
33.927  236.0  297.0  201.0
33.946  232.0  291.0  201.0
33.946  232.0  291.0  201.0
33.966  231.0  288.0  201.0
33.986  231.0  287.0  202.0
34.006  239.0  292.0  201.0
34.025  261.0  308.0  200.0
34.025  261.0  308.0  200.0
34.065  323.0  361.0  200.0
34.084  371.0  398.0  200.0
34.104  419.0  441.0  199.0
34.124  468.0  485.0  199.0
34.124  468.0  485.0  199.0
34.144  534.0  539.0  199.0
34.163  595.0  596.0  199.0
34.183  666.0  655.0  200.0
34.203  736.0  716.0  200.0
34.203  736.0  716.0  200.0
34.223  797.0  774.0  200.0
34.242  860.0  828.0  198.0
34.263  913.0  878.0  199.0
34.282  959.0  921.0  200.0
34.282  959.0  921.0  200.0
34.301  995.0  955.0  199.0
34.323  1019.0  988.0  199.0
34.344  1023.0  1007.0  200.0
34.366  1023.0  1021.0  199.0
34.366  1023.0  1021.0  199.0
34.388  1023.0  1017.0  199.0
34.408  995.0  989.0  200.0
34.427  949.0  964.0  200.0
34.447  894.0  932.0  200.0
34.447  894.0  932.0  200.0
34.467  834.0  888.0  200.0
34.506  694.0  769.0  201.0
34.527  625.0  705.0  201.0
34.527  625.0  705.0  201.0
34.546  557.0  639.0  201.0
34.566  490.0  576.0  201.0
34.586  431.0  516.0  201.0
34.606  380.0  463.0  201.0
34.606  380.0  463.0  201.0
34.625  334.0  414.0  201.0
34.644  297.0  372.0  201.0
34.665  269.0  339.0  201.0
34.684  248.0  311.0  201.0
34.684  248.0  311.0  201.0
34.704  236.0  292.0  201.0
34.724  233.0  280.0  201.0
34.744  232.0  271.0  201.0
34.763  232.0  264.0  200.0
34.763  232.0  264.0  200.0
34.784  237.0  264.0  200.0
34.803  259.0  275.0  200.0
34.842  322.0  316.0  200.0
34.842  322.0  316.0  200.0
34.863  369.0  351.0  199.0
34.882  413.0  388.0  198.0
34.902  465.0  428.0  199.0
34.922  529.0  480.0  200.0
34.922  529.0  480.0  200.0
34.941  591.0  535.0  200.0
34.961  663.0  596.0  199.0
34.98  733.0  657.0  198.0
34.98  733.0  657.0  198.0
35.001  795.0  713.0  198.0
35.02  854.0  770.0  200.0
35.04  912.0  822.0  199.0
35.06  957.0  866.0  198.0
35.06  957.0  866.0  198.0
35.1  1017.0  941.0  199.0
35.1  1017.0  941.0  199.0
35.142  1023.0  981.0  199.0
35.142  1023.0  981.0  199.0
35.142  1023.0  981.0  199.0
35.163  1023.0  993.0  199.0
35.204  956.0  962.0  200.0
35.223  907.0  918.0  200.0
35.243  842.0  862.0  200.0
35.243  842.0  862.0  200.0
35.263  776.0  797.0  200.0
35.282  709.0  729.0  200.0
35.302  635.0  656.0  201.0
35.322  566.0  584.0  200.0
35.322  566.0  584.0  200.0
35.342  500.0  514.0  200.0
35.361  443.0  446.0  200.0
35.382  386.0  387.0  200.0
35.401  341.0  336.0  201.0
35.401  341.0  336.0  201.0
35.421  306.0  292.0  200.0
35.44  276.0  256.0  200.0
35.461  251.0  228.0  200.0
35.48  239.0  208.0  201.0
35.48  239.0  208.0  201.0
35.5  233.0  196.0  201.0
35.539  232.0  185.0  200.0
35.559  235.0  188.0  200.0
35.559  235.0  188.0  200.0
35.578  256.0  203.0  199.0
35.599  283.0  225.0  200.0
35.618  316.0  255.0  199.0
35.638  364.0  294.0  200.0
35.638  364.0  294.0  200.0
35.658  413.0  340.0  199.0
35.678  459.0  389.0  199.0
35.697  527.0  447.0  200.0
35.718  586.0  509.0  199.0
35.737  658.0  575.0  199.0
35.737  658.0  575.0  199.0
35.757  726.0  642.0  200.0
35.776  788.0  706.0  200.0
35.796  851.0  768.0  198.0
35.796  851.0  768.0  198.0
35.816  904.0  826.0  198.0
35.835  951.0  879.0  199.0
35.856  990.0  922.0  199.0
35.876  1014.0  954.0  199.0
35.876  1014.0  954.0  199.0
35.897  1023.0  965.0  199.0
35.918  1023.0  968.0  198.0
35.939  1023.0  971.0  198.0
35.959  1005.0  956.0  200.0
35.959  1005.0  956.0  200.0
35.979  959.0  918.0  200.0
36.019  847.0  820.0  200.0
36.038  782.0  760.0  200.0
36.059  713.0  696.0  200.0
36.059  713.0  696.0  200.0
36.078  643.0  631.0  200.0
36.098  574.0  566.0  200.0
36.118  507.0  503.0  200.0
36.137  450.0  446.0  201.0
36.137  450.0  446.0  201.0
36.157  396.0  393.0  200.0
36.176  349.0  345.0  200.0
36.197  308.0  306.0  201.0
36.216  277.0  275.0  201.0
36.216  277.0  275.0  201.0
36.236  254.0  251.0  201.0
36.256  238.0  236.0  200.0
36.276  233.0  228.0  202.0
36.295  232.0  225.0  201.0
36.295  232.0  225.0  201.0
36.316  231.0  224.0  201.0
36.335  233.0  229.0  200.0
36.374  280.0  269.0  200.0
36.374  280.0  269.0  200.0
36.395  312.0  298.0  200.0
36.414  366.0  342.0  199.0
36.433  413.0  391.0  198.0
36.454  459.0  439.0  199.0
36.454  459.0  439.0  199.0
36.473  524.0  498.0  200.0
36.493  583.0  559.0  201.0
36.512  655.0  626.0  200.0
36.533  723.0  694.0  198.0
36.533  723.0  694.0  198.0
36.552  786.0  758.0  200.0
36.572  849.0  824.0  200.0
36.592  907.0  883.0  198.0
36.612  953.0  934.0  197.0
36.612  953.0  934.0  197.0
36.631  991.0  977.0  200.0
36.653  1015.0  988.0  200.0
36.673  1023.0  982.0  199.0
36.715  1023.0  972.0  199.0
36.715  1023.0  972.0  199.0
36.715  1023.0  972.0  199.0
36.755  956.0  928.0  200.0
36.774  908.0  898.0  200.0
36.795  844.0  856.0  200.0
36.795  844.0  856.0  200.0
36.814  780.0  804.0  200.0
36.834  713.0  744.0  200.0
36.854  641.0  680.0  201.0
36.874  571.0  615.0  200.0
36.874  571.0  615.0  200.0
36.893  504.0  553.0  201.0
36.914  445.0  494.0  201.0
36.933  392.0  444.0  201.0
36.953  345.0  399.0  200.0
36.953  345.0  399.0  200.0
36.972  307.0  359.0  201.0
36.993  273.0  328.0  200.0
37.012  250.0  306.0  201.0
37.031  238.0  290.0  201.0
37.031  238.0  290.0  201.0
37.071  232.0  282.0  201.0
37.091  231.0  280.0  201.0
37.11  234.0  284.0  200.0
37.11  234.0  284.0  200.0
37.131  254.0  299.0  200.0
37.15  282.0  323.0  200.0
37.17  315.0  352.0  200.0
37.19  366.0  392.0  199.0
37.19  366.0  392.0  199.0
37.21  415.0  439.0  199.0
37.229  460.0  484.0  199.0
37.25  524.0  540.0  200.0
37.269  589.0  600.0  200.0
37.269  589.0  600.0  200.0
37.288  659.0  665.0  200.0
37.308  728.0  730.0  199.0
37.328  793.0  788.0  199.0
37.348  855.0  845.0  199.0
37.348  855.0  845.0  199.0
37.367  910.0  897.0  201.0
37.407  992.0  974.0  199.0
37.407  992.0  974.0  199.0
37.429  1016.0  1003.0  200.0
37.429  1016.0  1003.0  200.0
37.451  1023.0  1017.0  199.0
37.473  1023.0  1012.0  199.0
37.514  998.0  972.0  200.0
37.514  998.0  972.0  200.0
37.533  951.0  949.0  200.0
37.553  899.0  920.0  200.0
37.572  836.0  880.0  200.0
37.593  770.0  827.0  201.0
37.593  770.0  827.0  201.0
37.612  699.0  766.0  200.0
37.632  628.0  701.0  201.0
37.652  559.0  635.0  201.0
37.671  491.0  573.0  200.0
37.671  491.0  573.0  200.0
37.691  434.0  513.0  201.0
37.711  382.0  461.0  200.0
37.731  334.0  415.0  201.0
37.75  299.0  376.0  201.0
37.75  299.0  376.0  201.0
37.77  271.0  345.0  201.0
37.79  248.0  321.0  201.0
37.81  236.0  304.0  201.0
37.829  232.0  295.0  201.0
37.829  232.0  295.0  201.0
37.869  231.0  284.0  201.0
37.869  231.0  284.0  201.0
37.908  260.0  296.0  200.0
37.928  294.0  319.0  200.0
37.928  294.0  319.0  200.0
37.948  324.0  345.0  200.0
37.967  377.0  379.0  199.0
37.988  430.0  424.0  198.0
38.007  477.0  466.0  199.0
38.007  477.0  466.0  199.0
38.027  548.0  521.0  198.0
38.047  610.0  579.0  198.0
38.067  681.0  638.0  200.0
38.067  681.0  638.0  200.0
38.086  750.0  700.0  200.0
38.106  812.0  755.0  198.0
38.126  873.0  809.0  198.0
38.146  922.0  856.0  200.0
38.146  922.0  856.0  200.0
38.185  999.0  927.0  199.0
38.206  1021.0  962.0  199.0
38.206  1021.0  962.0  199.0
38.226  1023.0  983.0  198.0
38.226  1023.0  983.0  198.0
38.249  1023.0  1000.0  199.0
38.27  1023.0  1017.0  200.0
38.291  988.0  1006.0  201.0
38.331  879.0  932.0  201.0
38.331  879.0  932.0  201.0
38.35  817.0  881.0  201.0
38.37  748.0  820.0  201.0
38.39  676.0  752.0  200.0
38.39  676.0  752.0  200.0
38.41  606.0  684.0  201.0
38.429  536.0  613.0  201.0
38.45  474.0  549.0  201.0
38.469  418.0  488.0  201.0
38.469  418.0  488.0  201.0
38.489  369.0  431.0  200.0
38.508  323.0  382.0  201.0
38.529  290.0  341.0  201.0
38.548  265.0  306.0  201.0
38.548  265.0  306.0  201.0
38.567  244.0  278.0  199.0
38.588  234.0  259.0  201.0
38.607  233.0  248.0  201.0
38.647  231.0  232.0  200.0
38.647  231.0  232.0  200.0
38.667  245.0  237.0  200.0
38.686  267.0  248.0  200.0
38.706  305.0  271.0  200.0
38.726  341.0  302.0  199.0
38.726  341.0  302.0  199.0
38.746  390.0  336.0  200.0
38.765  443.0  378.0  200.0
38.786  496.0  428.0  199.0
38.786  496.0  428.0  199.0
38.805  561.0  481.0  198.0
38.824  633.0  543.0  198.0
38.845  698.0  605.0  199.0
38.864  767.0  669.0  199.0
38.884  830.0  727.0  198.0
38.884  830.0  727.0  198.0
38.903  887.0  784.0  199.0
38.924  935.0  836.0  200.0
38.943  979.0  881.0  199.0
38.964  1007.0  922.0  198.0
38.964  1007.0  922.0  198.0
38.985  1023.0  950.0  199.0
39.006  1023.0  965.0  199.0
39.026  1023.0  978.0  199.0
39.026  1023.0  978.0  199.0
39.048  1017.0  977.0  200.0
39.087  925.0  909.0  200.0
39.106  865.0  854.0  201.0
39.127  804.0  794.0  200.0
39.127  804.0  794.0  200.0
39.146  735.0  725.0  200.0
39.165  664.0  656.0  200.0
39.186  594.0  587.0  200.0
39.186  594.0  587.0  200.0
39.205  525.0  517.0  200.0
39.225  465.0  454.0  201.0
39.245  408.0  394.0  201.0
39.245  408.0  394.0  201.0
39.265  359.0  340.0  200.0
39.284  315.0  295.0  200.0
39.324  259.0  227.0  200.0
39.344  240.0  207.0  200.0
39.344  240.0  207.0  200.0
39.363  233.0  196.0  201.0
39.384  232.0  191.0  201.0
39.403  231.0  189.0  200.0
39.422  232.0  190.0  200.0
39.422  232.0  190.0  200.0
39.443  250.0  204.0  200.0
39.462  273.0  226.0  199.0
39.482  307.0  253.0  200.0
39.501  358.0  296.0  199.0
39.522  398.0  341.0  198.0
39.522  398.0  341.0  198.0
39.541  449.0  387.0  200.0
39.561  510.0  447.0  200.0
39.581  569.0  505.0  200.0
39.581  569.0  505.0  200.0
39.601  645.0  575.0  198.0
39.62  714.0  645.0  198.0
39.66  843.0  776.0  199.0
39.68  899.0  835.0  200.0
39.68  899.0  835.0  200.0
39.699  947.0  889.0  200.0
39.719  988.0  933.0  200.0
39.74  1012.0  958.0  200.0
39.76  1023.0  961.0  199.0
39.76  1023.0  961.0  199.0
39.782  1023.0  962.0  199.0
39.802  1023.0  964.0  199.0
39.823  1010.0  955.0  200.0
39.843  966.0  924.0  200.0
39.843  966.0  924.0  200.0
39.863  919.0  885.0  200.0
39.882  856.0  834.0  200.0
39.902  793.0  778.0  200.0
39.922  722.0  715.0  200.0
39.922  722.0  715.0  200.0
39.942  650.0  649.0  200.0
39.961  581.0  584.0  200.0
39.961  581.0  584.0  200.0
39.982  512.0  521.0  200.0
40.02  397.0  412.0  201.0
40.041  351.0  365.0  201.0
40.06  313.0  324.0  200.0
40.06  313.0  324.0  200.0
40.08  279.0  291.0  200.0
40.099  254.0  265.0  201.0
40.12  238.0  249.0  201.0
40.139  232.0  240.0  201.0
40.139  232.0  240.0  201.0
40.159  232.0  237.0  200.0
40.179  231.0  238.0  201.0
40.199  231.0  241.0  201.0
40.199  231.0  241.0  201.0
40.218  252.0  257.0  200.0
40.258  309.0  308.0  200.0
40.278  361.0  354.0  199.0
40.297  401.0  399.0  199.0
40.297  401.0  399.0  199.0
40.317  452.0  446.0  199.0
40.337  515.0  505.0  199.0
40.356  574.0  566.0  201.0
40.356  574.0  566.0  201.0
40.377  646.0  634.0  201.0
40.396  718.0  704.0  199.0
40.416  784.0  770.0  198.0
40.435  842.0  833.0  200.0
40.435  842.0  833.0  200.0
40.456  900.0  893.0  200.0
40.475  948.0  943.0  199.0
40.495  986.0  985.0  199.0
40.517  1012.0  1002.0  200.0
40.517  1012.0  1002.0  200.0
40.538  1023.0  982.0  200.0
40.558  1023.0  976.0  199.0
40.58  1023.0  971.0  200.0
40.6  1009.0  954.0  201.0
40.6  1009.0  954.0  201.0
40.62  961.0  930.0  200.0
40.64  915.0  902.0  201.0
40.659  851.0  863.0  201.0
40.679  785.0  810.0  200.0
40.679  785.0  810.0  200.0
40.698  714.0  749.0  200.0
40.719  643.0  684.0  201.0
40.758  505.0  557.0  200.0
40.778  451.0  500.0  201.0
40.778  451.0  500.0  201.0
40.798  393.0  449.0  201.0
40.817  346.0  404.0  201.0
40.837  310.0  366.0  201.0
40.857  279.0  333.0  200.0
40.857  279.0  333.0  200.0
40.877  252.0  309.0  201.0
40.896  238.0  294.0  202.0
40.916  232.0  287.0  202.0
40.916  232.0  287.0  202.0
40.936  232.0  283.0  201.0
40.955  231.0  282.0  201.0
40.976  233.0  285.0  201.0
40.995  257.0  301.0  201.0
40.995  257.0  301.0  201.0
41.015  280.0  323.0  200.0
41.034  316.0  352.0  200.0
41.074  405.0  436.0  199.0
41.094  460.0  482.0  200.0
41.094  460.0  482.0  200.0
41.114  521.0  539.0  199.0
41.134  579.0  595.0  200.0
41.153  655.0  660.0  200.0
41.174  723.0  723.0  200.0
41.174  723.0  723.0  200.0
41.193  788.0  782.0  200.0
41.212  848.0  837.0  200.0
41.232  902.0  889.0  201.0
41.252  951.0  933.0  199.0
41.252  951.0  933.0  199.0
41.272  989.0  967.0  199.0
41.292  1013.0  999.0  201.0
41.315  1023.0  1018.0  199.0
41.336  1023.0  1020.0  199.0
41.336  1023.0  1020.0  199.0
41.358  1023.0  1002.0  200.0
41.379  1001.0  961.0  200.0
41.399  953.0  937.0  201.0
41.418  901.0  910.0  200.0
41.418  901.0  910.0  200.0
41.439  837.0  871.0  201.0
41.458  772.0  817.0  201.0
41.497  630.0  695.0  200.0
41.497  630.0  695.0  200.0
41.497  630.0  695.0  200.0
41.537  499.0  572.0  201.0
41.556  441.0  515.0  201.0
41.577  387.0  463.0  201.0
41.596  340.0  418.0  201.0
41.596  340.0  418.0  201.0
41.616  304.0  378.0  201.0
41.635  273.0  344.0  200.0
41.656  248.0  320.0  201.0
41.656  248.0  320.0  201.0
41.675  237.0  304.0  202.0
41.695  232.0  296.0  202.0
41.715  231.0  292.0  201.0
41.735  231.0  290.0  201.0
41.735  231.0  290.0  201.0
41.754  236.0  293.0  201.0
41.775  260.0  308.0  200.0
41.814  320.0  354.0  201.0
41.814  320.0  354.0  201.0
41.833  369.0  389.0  200.0
41.853  415.0  430.0  199.0
41.873  462.0  470.0  200.0
41.892  527.0  522.0  200.0
41.892  527.0  522.0  200.0
41.913  589.0  577.0  200.0
41.932  663.0  639.0  199.0
41.952  732.0  701.0  200.0
41.952  732.0  701.0  200.0
41.972  794.0  758.0  200.0
41.992  857.0  814.0  198.0
42.011  911.0  863.0  199.0
42.011  911.0  863.0  199.0
42.051  994.0  938.0  199.0
42.072  1017.0  974.0  200.0
42.092  1023.0  997.0  200.0
42.115  1023.0  1011.0  200.0
42.115  1023.0  1011.0  200.0
42.136  1023.0  1023.0  200.0
42.157  998.0  1009.0  201.0
42.177  953.0  975.0  200.0
42.177  953.0  975.0  200.0
42.196  900.0  942.0  200.0
42.216  836.0  897.0  201.0
42.235  769.0  841.0  201.0
42.256  698.0  776.0  201.0
42.256  698.0  776.0  201.0
42.275  627.0  711.0  201.0
42.295  560.0  644.0  201.0
42.315  495.0  581.0  201.0
42.335  436.0  519.0  201.0
42.335  436.0  519.0  201.0
42.354  384.0  464.0  201.0
42.375  337.0  412.0  201.0
42.394  299.0  367.0  201.0
42.414  269.0  332.0  201.0
42.414  269.0  332.0  201.0
42.454  236.0  282.0  202.0
42.473  233.0  269.0  201.0
42.492  232.0  260.0  201.0
42.492  232.0  260.0  201.0
42.513  232.0  254.0  201.0
42.532  237.0  253.0  200.0
42.552  260.0  264.0  200.0
42.552  260.0  264.0  200.0
42.572  289.0  283.0  200.0
42.592  320.0  304.0  200.0
42.611  372.0  338.0  200.0
42.631  418.0  377.0  198.0
42.631  418.0  377.0  198.0
42.671  529.0  467.0  200.0
42.69  594.0  523.0  200.0
42.711  667.0  586.0  199.0
42.711  667.0  586.0  199.0
42.73  737.0  649.0  198.0
42.749  798.0  708.0  199.0
42.769  859.0  766.0  201.0
42.789  914.0  817.0  199.0
42.789  914.0  817.0  199.0
42.809  958.0  860.0  199.0
42.828  993.0  897.0  200.0
42.85  1017.0  938.0  198.0
42.87  1023.0  960.0  199.0
42.87  1023.0  960.0  199.0
42.891  1023.0  975.0  199.0
42.912  1023.0  986.0  200.0
42.933  1002.0  981.0  200.0
42.952  954.0  952.0  200.0
42.952  954.0  952.0  200.0
42.973  904.0  906.0  200.0
42.992  839.0  848.0  200.0
43.012  772.0  783.0  200.0
43.012  772.0  783.0  200.0
43.031  701.0  713.0  200.0
43.071  563.0  568.0  200.0
43.09  498.0  499.0  200.0
43.111  440.0  433.0  200.0
43.13  385.0  377.0  200.0
43.13  385.0  377.0  200.0
43.15  339.0  327.0  201.0
43.17  304.0  283.0  201.0
43.19  273.0  247.0  200.0
43.209  249.0  220.0  201.0
43.209  249.0  220.0  201.0
43.229  238.0  201.0  201.0
43.249  233.0  191.0  201.0
43.269  232.0  187.0  201.0
43.269  232.0  187.0  201.0
43.288  232.0  185.0  200.0
43.309  236.0  189.0  200.0
43.328  260.0  205.0  200.0
43.347  289.0  231.0  200.0
43.347  289.0  231.0  200.0
43.387  375.0  303.0  199.0
43.407  420.0  351.0  198.0
43.426  469.0  398.0  199.0
43.426  469.0  398.0  199.0
43.447  536.0  460.0  198.0
43.466  598.0  523.0  200.0
43.486  672.0  590.0  200.0
43.506  740.0  659.0  200.0
43.526  801.0  722.0  199.0
43.526  801.0  722.0  199.0
43.545  862.0  784.0  199.0
43.565  912.0  841.0  200.0
43.585  960.0  892.0  199.0
43.585  960.0  892.0  199.0
43.604  993.0  933.0  199.0
43.625  1018.0  959.0  199.0
43.646  1023.0  962.0  199.0
43.667  1023.0  965.0  199.0
43.667  1023.0  965.0  199.0
43.687  1023.0  968.0  200.0
43.709  1000.0  951.0  200.0
43.728  952.0  911.0  200.0
43.728  952.0  911.0  200.0
43.768  834.0  808.0  200.0
43.788  768.0  747.0  200.0
43.807  697.0  682.0  201.0
43.807  697.0  682.0  201.0
43.827  628.0  619.0  200.0
43.847  560.0  555.0  200.0
43.867  496.0  493.0  200.0
43.886  439.0  436.0  201.0
43.886  439.0  436.0  201.0
43.907  387.0  385.0  201.0
43.926  337.0  339.0  201.0
43.945  301.0  302.0  201.0
43.965  273.0  273.0  201.0
43.965  273.0  273.0  201.0
43.985  248.0  250.0  201.0
44.005  237.0  236.0  201.0
44.024  232.0  229.0  201.0
44.024  232.0  229.0  201.0
44.064  232.0  227.0  200.0
44.084  237.0  235.0  200.0
44.104  261.0  252.0  200.0
44.124  290.0  280.0  200.0
44.124  290.0  280.0  200.0
44.143  327.0  315.0  200.0
44.163  375.0  356.0  200.0
44.183  421.0  403.0  199.0
44.183  421.0  403.0  199.0
44.203  472.0  454.0  200.0
44.222  541.0  516.0  200.0
44.242  604.0  581.0  199.0
44.262  677.0  649.0  199.0
44.262  677.0  649.0  199.0
44.302  806.0  784.0  201.0
44.321  869.0  845.0  199.0
44.341  918.0  901.0  200.0
44.341  918.0  901.0  200.0
44.36  962.0  951.0  201.0
44.381  999.0  990.0  199.0
44.401  1020.0  994.0  200.0
44.422  1023.0  984.0  200.0
44.422  1023.0  984.0  200.0
44.443  1023.0  977.0  200.0
44.464  1023.0  973.0  200.0
44.464  1023.0  973.0  200.0
44.483  994.0  954.0  200.0
44.504  948.0  928.0  200.0
44.542  831.0  856.0  200.0
44.562  762.0  801.0  201.0
44.562  762.0  801.0  201.0
44.582  693.0  741.0  201.0
44.602  623.0  680.0  201.0
44.621  554.0  615.0  201.0
44.642  490.0  556.0  201.0
44.642  490.0  556.0  201.0
44.661  430.0  498.0  201.0
44.681  379.0  448.0  201.0
44.701  332.0  403.0  201.0
44.701  332.0  403.0  201.0
44.721  294.0  365.0  201.0
44.76  248.0  314.0  201.0
44.78  234.0  299.0  201.0
44.8  232.0  292.0  201.0
44.8  232.0  292.0  201.0
44.819  232.0  290.0  201.0
44.839  231.0  288.0  201.0
44.859  239.0  295.0  201.0
44.859  239.0  295.0  201.0
44.878  263.0  311.0  200.0
44.898  295.0  337.0  200.0
44.918  328.0  368.0  200.0
44.918  328.0  368.0  200.0
44.938  378.0  406.0  200.0
44.957  428.0  449.0  199.0
44.978  477.0  494.0  199.0
44.997  546.0  549.0  200.0
44.997  546.0  549.0  200.0
45.037  684.0  672.0  200.0
45.057  755.0  733.0  199.0
45.076  814.0  790.0  200.0
45.095  874.0  844.0  200.0
45.095  874.0  844.0  200.0
45.116  925.0  892.0  199.0
45.135  968.0  933.0  200.0
45.156  1001.0  972.0  200.0
45.156  1001.0  972.0  200.0
45.178  1023.0  1002.0  200.0
45.2  1023.0  1018.0  199.0
45.221  1023.0  1013.0  200.0
45.243  1023.0  984.0  201.0
45.243  1023.0  984.0  201.0
45.262  981.0  964.0  201.0
45.282  933.0  940.0  201.0
45.302  874.0  906.0  201.0
45.322  810.0  861.0  201.0
45.322  810.0  861.0  201.0
45.341  740.0  804.0  201.0
45.361  670.0  742.0  201.0
45.381  598.0  677.0  201.0
45.401  530.0  612.0  201.0
45.401  530.0  612.0  201.0
45.42  470.0  551.0  201.0
45.441  409.0  494.0  201.0
45.46  362.0  444.0  201.0
45.479  319.0  401.0  202.0
45.479  319.0  401.0  202.0
45.5  284.0  364.0  201.0
45.519  261.0  336.0  202.0
45.558  234.0  301.0  202.0
45.579  233.0  293.0  201.0
45.598  232.0  287.0  201.0
45.598  232.0  287.0  201.0
45.618  232.0  282.0  201.0
45.638  245.0  288.0  202.0
45.658  269.0  303.0  201.0
45.658  269.0  303.0  201.0
45.677  302.0  323.0  200.0
45.697  347.0  358.0  199.0
45.717  389.0  393.0  200.0
45.717  389.0  393.0  200.0
45.736  445.0  434.0  200.0
45.756  503.0  485.0  199.0
45.796  638.0  598.0  200.0
45.796  638.0  598.0  200.0
45.815  706.0  658.0  199.0
45.836  774.0  715.0  199.0
45.855  831.0  770.0  200.0
45.875  889.0  823.0  201.0
45.875  889.0  823.0  201.0
45.894  939.0  867.0  199.0
45.915  980.0  906.0  199.0
45.935  1008.0  947.0  200.0
45.935  1008.0  947.0  200.0
45.956  1023.0  977.0  200.0
45.977  1023.0  996.0  199.0
45.999  1023.0  1010.0  200.0
46.02  1016.0  1014.0  201.0
46.02  1016.0  1014.0  201.0
46.041  968.0  992.0  201.0
46.06  920.0  964.0  201.0
46.08  856.0  917.0  201.0
46.1  793.0  862.0  200.0
46.1  793.0  862.0  200.0
46.119  722.0  799.0  200.0
46.139  653.0  731.0  201.0
46.158  585.0  662.0  201.0
46.198  458.0  530.0  201.0
46.198  458.0  530.0  201.0
46.218  401.0  469.0  200.0
46.238  354.0  415.0  201.0
46.258  316.0  369.0  201.0
46.277  282.0  328.0  200.0
46.277  282.0  328.0  200.0
46.298  256.0  296.0  202.0
46.317  241.0  271.0  202.0
46.337  233.0  255.0  201.0
46.356  233.0  245.0  201.0
46.356  233.0  245.0  201.0
46.376  232.0  236.0  201.0
46.396  232.0  230.0  200.0
46.415  250.0  238.0  200.0
46.415  250.0  238.0  200.0
46.436  274.0  251.0  200.0
46.455  311.0  273.0  200.0
46.475  357.0  310.0  199.0
46.515  457.0  389.0  199.0
46.515  457.0  389.0  199.0
46.534  517.0  442.0  198.0
46.554  578.0  496.0  199.0
46.574  649.0  558.0  200.0
46.594  717.0  621.0  200.0
46.594  717.0  621.0  200.0
46.613  782.0  681.0  198.0
46.633  841.0  738.0  200.0
46.653  899.0  796.0  200.0
46.672  949.0  846.0  199.0
46.672  949.0  846.0  199.0
46.692  988.0  888.0  198.0
46.713  1012.0  927.0  199.0
46.734  1023.0  952.0  199.0
46.754  1023.0  966.0  199.0
46.754  1023.0  966.0  199.0
46.776  1023.0  977.0  200.0
46.796  1009.0  972.0  200.0
46.796  1009.0  972.0  200.0
46.836  911.0  896.0  200.0
46.856  848.0  838.0  200.0
46.875  786.0  775.0  200.0
46.895  717.0  707.0  200.0
46.895  717.0  707.0  200.0
46.915  647.0  638.0  200.0
46.935  579.0  569.0  201.0
46.954  510.0  501.0  201.0
46.954  510.0  501.0  201.0
46.974  452.0  438.0  200.0
46.994  396.0  379.0  200.0
47.013  347.0  327.0  200.0
47.034  311.0  284.0  200.0
47.053  279.0  248.0  200.0
47.053  279.0  248.0  200.0
47.073  252.0  221.0  200.0
47.092  239.0  204.0  201.0
47.113  233.0  195.0  201.0
47.113  233.0  195.0  201.0
47.152  232.0  189.0  200.0
47.172  234.0  191.0  200.0
47.192  255.0  206.0  200.0
47.211  283.0  233.0  200.0
47.211  283.0  233.0  200.0
47.232  313.0  261.0  200.0
47.251  365.0  302.0  200.0
47.27  413.0  351.0  198.0
47.29  463.0  400.0  199.0
47.29  463.0  400.0  199.0
47.31  529.0  462.0  198.0
47.33  589.0  523.0  199.0
47.349  663.0  593.0  200.0
47.349  663.0  593.0  200.0
47.37  732.0  663.0  201.0
47.389  793.0  727.0  200.0
47.409  857.0  790.0  199.0
47.429  909.0  848.0  200.0
47.449  959.0  900.0  200.0
47.449  959.0  900.0  200.0
47.468  994.0  941.0  199.0
47.51  1023.0  961.0  199.0
47.531  1023.0  961.0  200.0
47.531  1023.0  961.0  200.0
47.551  1023.0  964.0  200.0
47.572  1002.0  950.0  199.0
47.592  956.0  916.0  200.0
47.611  904.0  873.0  200.0
47.611  904.0  873.0  200.0
47.632  840.0  821.0  200.0
47.651  776.0  762.0  200.0
47.671  706.0  699.0  200.0
47.69  635.0  634.0  199.0
47.69  635.0  634.0  199.0
47.711  568.0  570.0  200.0
47.73  499.0  508.0  200.0
47.75  438.0  451.0  201.0
47.77  387.0  400.0  201.0
47.77  387.0  400.0  201.0
47.79  340.0  353.0  201.0
47.809  302.0  315.0  201.0
47.83  273.0  284.0  201.0
47.849  250.0  261.0  201.0
47.849  250.0  261.0  201.0
47.888  232.0  240.0  201.0
47.908  232.0  238.0  201.0
47.928  231.0  239.0  202.0
47.928  231.0  239.0  202.0
47.947  234.0  244.0  200.0
47.968  256.0  261.0  200.0
47.987  284.0  286.0  200.0
48.007  316.0  318.0  201.0
48.007  316.0  318.0  201.0
48.026  365.0  360.0  200.0
48.047  416.0  408.0  199.0
48.066  463.0  459.0  199.0
48.086  529.0  518.0  201.0
48.086  529.0  518.0  201.0
48.106  593.0  583.0  200.0
48.125  663.0  650.0  200.0
48.145  733.0  719.0  199.0
48.165  793.0  784.0  201.0
48.165  793.0  784.0  201.0
48.204  912.0  905.0  199.0
48.224  956.0  953.0  199.0
48.244  993.0  994.0  200.0
48.266  1016.0  1008.0  200.0
48.266  1016.0  1008.0  200.0
48.286  1023.0  984.0  200.0
48.308  1023.0  977.0  200.0
48.328  1023.0  973.0  199.0
48.349  1002.0  951.0  200.0
48.349  1002.0  951.0  200.0
48.369  955.0  925.0  200.0
48.389  903.0  893.0  200.0
48.408  839.0  852.0  201.0
48.408  839.0  852.0  201.0
48.429  773.0  799.0  200.0
48.448  701.0  737.0  201.0
48.467  631.0  673.0  201.0
48.487  563.0  610.0  201.0
48.487  563.0  610.0  201.0
48.507  494.0  548.0  201.0
48.527  435.0  489.0  201.0
48.546  384.0  442.0  201.0
48.546  384.0  442.0  201.0
48.567  340.0  397.0  201.0
48.606  271.0  330.0  201.0
48.625  249.0  308.0  202.0
48.625  249.0  308.0  202.0
48.646  238.0  294.0  202.0
48.665  233.0  288.0  201.0
48.685  232.0  285.0  201.0
48.705  231.0  284.0  201.0
48.705  231.0  284.0  201.0
48.724  235.0  289.0  201.0
48.744  260.0  305.0  201.0
48.764  288.0  332.0  200.0
48.784  319.0  360.0  200.0
48.784  319.0  360.0  200.0
48.823  421.0  448.0  198.0
48.843  469.0  493.0  199.0
48.863  535.0  551.0  199.0
48.863  535.0  551.0  199.0
48.882  594.0  609.0  200.0
48.903  667.0  671.0  201.0
48.922  734.0  733.0  200.0
48.942  796.0  790.0  199.0
48.942  796.0  790.0  199.0
48.962  856.0  846.0  201.0
48.982  911.0  896.0  200.0
49.001  959.0  938.0  199.0
49.02  993.0  973.0  200.0
49.02  993.0  973.0  200.0
49.043  1017.0  1002.0  199.0
49.064  1023.0  1018.0  199.0
49.086  1023.0  1013.0  200.0
49.107  1023.0  989.0  200.0
49.107  1023.0  989.0  200.0
49.127  994.0  971.0  200.0
49.146  947.0  947.0  200.0
49.167  894.0  918.0  202.0
49.186  831.0  879.0  201.0
49.186  831.0  879.0  201.0
49.206  765.0  826.0  201.0
49.225  697.0  766.0  201.0
49.265  558.0  636.0  201.0
49.285  492.0  575.0  201.0
49.285  492.0  575.0  201.0
49.305  434.0  516.0  201.0
49.325  382.0  465.0  202.0
49.344  337.0  420.0  201.0
49.344  337.0  420.0  201.0
49.364  301.0  379.0  201.0
49.384  271.0  346.0  201.0
49.403  247.0  323.0  202.0
49.423  237.0  306.0  201.0
49.423  237.0  306.0  201.0
49.443  232.0  296.0  201.0
49.463  232.0  289.0  201.0
49.482  231.0  283.0  201.0
49.503  237.0  284.0  201.0
49.503  237.0  284.0  201.0
49.522  260.0  295.0  200.0
49.542  290.0  314.0  200.0
49.562  324.0  340.0  200.0
49.601  417.0  412.0  200.0
49.601  417.0  412.0  200.0
49.62  466.0  454.0  200.0
49.641  531.0  506.0  200.0
49.66  594.0  562.0  198.0
49.66  594.0  562.0  198.0
49.68  665.0  620.0  199.0
49.7  733.0  680.0  200.0
49.72  796.0  738.0  200.0
49.739  861.0  793.0  198.0
49.739  861.0  793.0  198.0
49.76  912.0  842.0  199.0
49.779  959.0  885.0  200.0
49.799  996.0  918.0  199.0
49.799  996.0  918.0  199.0
49.819  1017.0  957.0  199.0
49.841  1023.0  979.0  200.0
49.861  1023.0  997.0  200.0
49.883  1023.0  1010.0  199.0
49.883  1023.0  1010.0  199.0
49.904  999.0  1008.0  201.0
49.924  951.0  985.0  200.0
49.943  899.0  945.0  201.0
49.943  899.0  945.0  201.0
49.983  771.0  831.0  202.0
50.002  701.0  763.0  201.0
50.022  630.0  692.0  200.0
50.022  630.0  692.0  200.0
50.042  561.0  620.0  200.0
50.062  493.0  552.0  201.0
50.081  434.0  487.0  201.0
50.102  384.0  430.0  201.0
50.102  384.0  430.0  201.0
50.121  337.0  376.0  201.0
50.141  300.0  330.0  201.0
50.181  249.0  263.0  201.0
50.181  249.0  263.0  201.0
50.2  236.0  241.0  201.0
50.22  233.0  228.0  201.0
50.24  233.0  219.0  200.0
50.259  232.0  211.0  201.0
50.259  232.0  211.0  201.0
50.279  235.0  209.0  200.0
50.299  258.0  219.0  200.0
50.319  286.0  239.0  199.0
50.338  317.0  264.0  200.0
50.338  317.0  264.0  200.0
50.359  367.0  300.0  199.0
50.398  462.0  384.0  198.0
50.398  462.0  384.0  198.0
50.417  526.0  438.0  199.0
50.438  589.0  496.0  201.0
50.457  660.0  561.0  200.0
50.477  728.0  628.0  199.0
50.477  728.0  628.0  199.0
50.497  793.0  692.0  199.0
50.516  854.0  754.0  200.0
50.536  909.0  810.0  199.0
50.536  909.0  810.0  199.0
50.555  956.0  859.0  198.0
50.576  991.0  900.0  199.0
50.596  1015.0  937.0  199.0
50.617  1023.0  954.0  199.0
50.617  1023.0  954.0  199.0
50.638  1023.0  962.0  198.0
50.659  1023.0  970.0  199.0
50.679  1005.0  961.0  200.0
50.7  957.0  923.0  200.0
50.7  957.0  923.0  200.0
50.719  909.0  876.0  200.0
50.739  845.0  820.0  200.0
50.779  711.0  688.0  200.0
50.798  638.0  618.0  200.0
50.798  638.0  618.0  200.0
50.818  569.0  549.0  200.0
50.838  500.0  482.0  200.0
50.857  444.0  421.0  200.0
50.877  390.0  368.0  200.0
50.877  390.0  368.0  200.0
50.897  342.0  322.0  200.0
50.917  307.0  283.0  200.0
50.936  277.0  249.0  200.0
50.957  251.0  224.0  199.0
50.957  251.0  224.0  199.0
50.976  239.0  209.0  201.0
50.996  233.0  201.0  201.0
51.015  233.0  199.0  200.0
51.015  233.0  199.0  200.0
51.036  232.0  198.0  200.0
51.055  234.0  202.0  200.0
51.095  284.0  244.0  200.0
51.095  284.0  244.0  200.0
51.134  367.0  317.0  200.0
51.134  367.0  317.0  200.0
51.153  413.0  365.0  199.0
51.174  461.0  415.0  199.0
51.193  526.0  474.0  200.0
51.193  526.0  474.0  200.0
51.213  586.0  535.0  200.0
51.233  658.0  601.0  201.0
51.253  726.0  670.0  200.0
51.272  789.0  735.0  200.0
51.293  853.0  798.0  199.0
51.293  853.0  798.0  199.0
51.312  905.0  855.0  199.0
51.332  952.0  908.0  200.0
51.351  991.0  949.0  199.0
51.351  991.0  949.0  199.0
51.373  1014.0  965.0  200.0
51.393  1023.0  964.0  200.0
51.414  1023.0  962.0  200.0
51.435  1023.0  961.0  199.0
51.435  1023.0  961.0  199.0
51.456  1005.0  946.0  200.0
51.475  956.0  918.0  200.0
51.515  844.0  833.0  200.0
51.515  844.0  833.0  200.0
51.534  779.0  778.0  200.0
51.554  709.0  716.0  200.0
51.574  639.0  652.0  200.0
51.594  569.0  587.0  200.0
51.594  569.0  587.0  200.0
51.613  502.0  525.0  201.0
51.634  447.0  468.0  201.0
51.653  393.0  417.0  200.0
51.673  345.0  369.0  201.0
51.673  345.0  369.0  201.0
51.693  305.0  332.0  201.0
51.713  275.0  301.0  201.0
51.732  252.0  276.0  201.0
51.751  236.0  261.0  201.0
51.751  236.0  261.0  201.0
51.772  233.0  253.0  201.0
51.791  232.0  251.0  201.0
51.811  231.0  251.0  201.0
51.811  231.0  251.0  201.0
51.831  234.0  256.0  200.0
51.87  283.0  301.0  200.0
51.891  319.0  332.0  201.0
51.91  368.0  376.0  200.0
51.93  413.0  422.0  199.0
51.93  413.0  422.0  199.0
51.949  464.0  471.0  200.0
51.97  528.0  532.0  200.0
51.989  589.0  594.0  200.0
51.989  589.0  594.0  200.0
52.008  661.0  660.0  199.0
52.029  730.0  729.0  199.0
52.048  794.0  792.0  201.0
52.068  857.0  855.0  200.0
52.068  857.0  855.0  200.0
52.088  912.0  910.0  198.0
52.108  956.0  958.0  200.0
52.149  1017.0  1016.0  199.0
52.149  1017.0  1016.0  199.0
52.17  1023.0  999.0  200.0
52.17  1023.0  999.0  200.0
52.191  1023.0  988.0  200.0
52.232  998.0  964.0  200.0
52.251  952.0  940.0  200.0
52.251  952.0  940.0  200.0
52.271  904.0  913.0  200.0
52.291  841.0  876.0  200.0
52.311  773.0  824.0  201.0
52.311  773.0  824.0  201.0
52.33  705.0  765.0  201.0
52.349  633.0  701.0  201.0
52.37  563.0  637.0  200.0
52.389  497.0  576.0  200.0
52.389  497.0  576.0  200.0
52.409  440.0  517.0  201.0
52.429  387.0  466.0  201.0
52.449  340.0  419.0  201.0
52.449  340.0  419.0  201.0
52.489  271.0  346.0  201.0
52.508  250.0  323.0  202.0
52.528  238.0  305.0  202.0
52.547  232.0  297.0  201.0
52.547  232.0  297.0  201.0
52.568  232.0  293.0  201.0
52.587  231.0  290.0  201.0
52.606  234.0  292.0  201.0
52.606  234.0  292.0  201.0
52.627  258.0  305.0  200.0
52.646  286.0  326.0  200.0
52.666  320.0  350.0  201.0
52.685  371.0  388.0  200.0
52.685  371.0  388.0  200.0
52.706  416.0  427.0  199.0
52.725  468.0  469.0  199.0
52.745  532.0  521.0  199.0
52.785  666.0  638.0  201.0
52.785  666.0  638.0  201.0
52.804  738.0  702.0  200.0
52.825  800.0  759.0  199.0
52.844  862.0  815.0  200.0
52.844  862.0  815.0  200.0
52.864  917.0  863.0  200.0
52.883  960.0  902.0  199.0
52.903  994.0  936.0  200.0
52.924  1019.0  972.0  199.0
52.924  1019.0  972.0  199.0
52.944  1023.0  994.0  199.0
52.967  1023.0  1009.0  200.0
52.988  1023.0  1023.0  200.0
52.988  1023.0  1023.0  200.0
53.009  995.0  1008.0  201.0
53.029  947.0  973.0  200.0
53.049  894.0  940.0  201.0
53.068  830.0  893.0  201.0
53.089  762.0  835.0  200.0
53.089  762.0  835.0  200.0
53.108  691.0  770.0  201.0
53.128  619.0  703.0  201.0
53.168  486.0  572.0  200.0
53.168  486.0  572.0  200.0
53.187  428.0  509.0  201.0
53.207  376.0  453.0  201.0
53.227  330.0  403.0  201.0
53.246  295.0  360.0  201.0
53.246  295.0  360.0  201.0
53.266  266.0  324.0  201.0
53.285  247.0  297.0  201.0
53.306  236.0  276.0  201.0
53.325  232.0  264.0  201.0
53.325  232.0  264.0  201.0
53.345  232.0  256.0  201.0
53.365  231.0  249.0  200.0
53.385  239.0  250.0  200.0
53.385  239.0  250.0  200.0
53.404  263.0  262.0  200.0
53.425  297.0  282.0  200.0
53.464  379.0  344.0  200.0
53.483  430.0  383.0  199.0
53.483  430.0  383.0  199.0
53.504  483.0  428.0  198.0
53.523  548.0  480.0  198.0
53.542  615.0  538.0  199.0
53.563  685.0  600.0  200.0
53.563  685.0  600.0  200.0
53.582  755.0  664.0  199.0
53.602  818.0  723.0  198.0
53.622  876.0  778.0  199.0
53.642  926.0  828.0  200.0
53.642  926.0  828.0  200.0
53.661  968.0  870.0  199.0
53.682  1001.0  918.0  198.0
53.703  1022.0  950.0  199.0
53.724  1023.0  970.0  199.0
53.724  1023.0  970.0  199.0
53.744  1023.0  984.0  199.0
53.766  1023.0  994.0  200.0
53.785  988.0  974.0  200.0
53.805  938.0  937.0  200.0
53.805  938.0  937.0  200.0
53.825  881.0  884.0  201.0
53.844  820.0  825.0  200.0
53.864  751.0  758.0  200.0
53.864  751.0  758.0  200.0
53.904  606.0  613.0  200.0
53.923  540.0  541.0  201.0
53.943  478.0  476.0  200.0
53.943  478.0  476.0  200.0
53.963  421.0  414.0  200.0
53.983  372.0  359.0  200.0
54.002  325.0  311.0  200.0
54.002  325.0  311.0  200.0
54.042  265.0  236.0  201.0
54.062  245.0  212.0  200.0
54.081  235.0  196.0  201.0
54.081  235.0  196.0  201.0
54.102  233.0  188.0  201.0
54.121  233.0  186.0  200.0
54.14  232.0  184.0  200.0
54.161  243.0  194.0  200.0
54.161  243.0  194.0  200.0
54.18  266.0  211.0  201.0
54.2  304.0  242.0  200.0
54.22  337.0  276.0  199.0
54.22  337.0  276.0  199.0
54.24  389.0  318.0  200.0
54.259  440.0  368.0  199.0
54.279  492.0  422.0  200.0
54.299  557.0  481.0  198.0
54.299  557.0  481.0  198.0
54.338  694.0  615.0  200.0
54.359  763.0  682.0  200.0
54.378  826.0  747.0  198.0
54.378  826.0  747.0  198.0
54.397  884.0  808.0  199.0
54.417  932.0  863.0  201.0
54.437  975.0  911.0  200.0
54.458  1005.0  946.0  199.0
54.458  1005.0  946.0  199.0
54.478  1023.0  961.0  199.0
54.5  1023.0  964.0  199.0
54.52  1023.0  968.0  198.0
54.541  1020.0  962.0  200.0
54.541  1020.0  962.0  200.0
54.561  978.0  929.0  200.0
54.581  929.0  889.0  200.0
54.6  870.0  838.0  200.0
54.6  870.0  838.0  200.0
54.621  809.0  783.0  200.0
54.64  739.0  720.0  200.0
54.66  667.0  655.0  201.0
54.7  530.0  527.0  200.0
54.719  469.0  468.0  201.0
54.719  469.0  468.0  201.0
54.738  411.0  412.0  201.0
54.759  363.0  363.0  201.0
54.778  317.0  321.0  201.0
54.778  317.0  321.0  201.0
54.798  283.0  287.0  201.0
54.818  260.0  261.0  201.0
54.838  241.0  241.0  201.0
54.857  233.0  231.0  201.0
54.857  233.0  231.0  201.0
54.877  232.0  228.0  201.0
54.897  232.0  227.0  201.0
54.917  231.0  228.0  201.0
54.936  248.0  242.0  200.0
54.936  248.0  242.0  200.0
54.976  304.0  291.0  200.0
54.995  350.0  334.0  200.0
55.015  391.0  377.0  200.0
55.035  445.0  424.0  200.0
55.035  445.0  424.0  200.0
55.055  502.0  481.0  200.0
55.074  563.0  542.0  200.0
55.095  638.0  611.0  199.0
55.114  708.0  680.0  199.0
55.114  708.0  680.0  199.0
55.134  774.0  747.0  200.0
55.154  835.0  813.0  200.0
55.174  894.0  873.0  199.0
55.193  940.0  926.0  199.0
55.193  940.0  926.0  199.0
55.213  981.0  973.0  200.0
55.234  1011.0  986.0  199.0
55.255  1023.0  982.0  200.0
55.255  1023.0  982.0  200.0
55.275  1023.0  975.0  200.0
55.297  1023.0  971.0  200.0
55.317  1015.0  957.0  200.0
55.336  972.0  934.0  200.0
55.336  972.0  934.0  200.0
55.357  924.0  907.0  200.0
55.396  800.0  821.0  200.0
55.415  728.0  760.0  201.0
55.436  658.0  696.0  201.0
55.436  658.0  696.0  201.0
55.455  590.0  634.0  200.0
55.475  519.0  570.0  201.0
55.495  461.0  512.0  201.0
55.515  403.0  458.0  201.0
55.515  403.0  458.0  201.0
55.534  355.0  412.0  201.0
55.555  315.0  372.0  201.0
55.574  281.0  338.0  201.0
55.593  257.0  313.0  201.0
55.593  257.0  313.0  201.0
55.613  241.0  295.0  202.0
55.633  232.0  287.0  201.0
55.653  232.0  284.0  201.0
55.672  231.0  282.0  201.0
55.672  231.0  282.0  201.0
55.693  231.0  284.0  201.0
55.732  271.0  316.0  200.0
55.752  303.0  342.0  200.0
55.752  303.0  342.0  200.0
55.772  351.0  383.0  199.0
55.791  393.0  425.0  199.0
55.811  442.0  468.0  200.0
55.831  504.0  524.0  199.0
55.831  504.0  524.0  199.0
55.851  565.0  581.0  200.0
55.87  638.0  646.0  201.0
55.89  706.0  710.0  200.0
55.91  775.0  770.0  199.0
55.91  775.0  770.0  199.0
55.929  835.0  827.0  199.0
55.95  889.0  880.0  201.0
55.969  939.0  925.0  200.0
55.989  981.0  963.0  199.0
55.989  981.0  963.0  199.0
56.009  1008.0  995.0  200.0
56.032  1023.0  1017.0  200.0
56.053  1023.0  1019.0  199.0
56.074  1023.0  999.0  200.0
56.074  1023.0  999.0  200.0
56.095  1015.0  978.0  201.0
56.115  969.0  956.0  200.0
56.155  859.0  896.0  201.0
56.155  859.0  896.0  201.0
56.174  796.0  847.0  200.0
56.194  723.0  789.0  200.0
56.213  652.0  726.0  201.0
56.233  585.0  662.0  201.0
56.233  585.0  662.0  201.0
56.253  516.0  599.0  201.0
56.272  459.0  541.0  201.0
56.293  404.0  485.0  201.0
56.312  353.0  436.0  201.0
56.312  353.0  436.0  201.0
56.332  313.0  396.0  201.0
56.352  282.0  361.0  202.0
56.372  257.0  333.0  201.0
56.391  240.0  314.0  202.0
56.391  240.0  314.0  202.0
56.411  233.0  301.0  201.0
56.431  232.0  295.0  201.0
56.451  232.0  289.0  201.0
56.491  252.0  296.0  201.0
56.491  252.0  296.0  201.0
56.491  252.0  296.0  201.0
56.529  311.0  333.0  200.0
56.55  355.0  368.0  200.0
56.569  395.0  404.0  199.0
56.569  395.0  404.0  199.0
56.589  450.0  445.0  200.0
56.608  505.0  493.0  200.0
56.629  571.0  547.0  200.0
56.648  643.0  607.0  199.0
56.648  643.0  607.0  199.0
56.668  709.0  667.0  199.0
56.688  777.0  725.0  200.0
56.708  837.0  779.0  198.0
56.727  892.0  830.0  199.0
56.727  892.0  830.0  199.0
56.748  940.0  875.0  200.0
56.767  983.0  912.0  199.0
56.787  1010.0  951.0  199.0
56.787  1010.0  951.0  199.0
56.808  1023.0  981.0  200.0
56.83  1023.0  1001.0  199.0
56.852  1023.0  1021.0  199.0
56.873  1010.0  1009.0  201.0
56.873  1010.0  1009.0  201.0
56.894  960.0  975.0  200.0
56.913  912.0  949.0  200.0
56.933  848.0  907.0  201.0
56.973  712.0  790.0  201.0
56.973  712.0  790.0  201.0
56.992  644.0  726.0  200.0
57.012  577.0  661.0  200.0
57.032  509.0  598.0  201.0
57.032  509.0  598.0  201.0
57.052  452.0  539.0  201.0
57.071  396.0  482.0  201.0
57.092  346.0  429.0  201.0
57.111  308.0  385.0  201.0
57.111  308.0  385.0  201.0
57.131  278.0  347.0  201.0
57.151  253.0  315.0  201.0
57.17  237.0  292.0  202.0
57.19  233.0  277.0  201.0
57.19  233.0  277.0  201.0
57.209  231.0  268.0  201.0
57.23  231.0  261.0  200.0
57.269  253.0  266.0  200.0
57.269  253.0  266.0  200.0
57.269  253.0  266.0  200.0
57.309  314.0  305.0  200.0
57.328  356.0  335.0  199.0
57.349  402.0  369.0  199.0
57.368  452.0  411.0  199.0
57.368  452.0  411.0  199.0
57.388  512.0  459.0  199.0
57.407  573.0  511.0  200.0
57.427  647.0  573.0  199.0
57.447  716.0  633.0  198.0
57.447  716.0  633.0  198.0
57.466  781.0  691.0  199.0
57.487  841.0  750.0  200.0
57.506  900.0  803.0  198.0
57.506  900.0  803.0  198.0
57.526  946.0  850.0  198.0
57.546  986.0  890.0  199.0
57.567  1013.0  932.0  199.0
57.587  1023.0  959.0  199.0
57.587  1023.0  959.0  199.0
57.608  1023.0  976.0  199.0
57.629  1023.0  990.0  200.0
57.65  1011.0  989.0  201.0
57.669  964.0  964.0  200.0
57.669  964.0  964.0  200.0
57.69  918.0  924.0  200.0
57.709  854.0  869.0  201.0
57.749  722.0  737.0  200.0
57.768  651.0  666.0  200.0
57.768  651.0  666.0  200.0
57.788  582.0  594.0  200.0
57.807  514.0  523.0  200.0
57.828  456.0  457.0  201.0
57.847  399.0  396.0  200.0
57.847  399.0  396.0  200.0
57.867  349.0  341.0  200.0
57.887  311.0  297.0  201.0
57.907  278.0  259.0  200.0
57.907  278.0  259.0  200.0
57.926  255.0  229.0  200.0
57.947  241.0  207.0  201.0
57.966  233.0  194.0  200.0
57.986  233.0  187.0  200.0
57.986  233.0  187.0  200.0
58.005  232.0  184.0  200.0
58.045  251.0  198.0  200.0
58.064  273.0  217.0  200.0
58.085  307.0  245.0  200.0
58.085  307.0  245.0  200.0
58.104  354.0  288.0  200.0
58.124  392.0  330.0  200.0
58.143  450.0  377.0  200.0
58.164  506.0  434.0  199.0
58.164  506.0  434.0  199.0
58.183  569.0  493.0  200.0
58.203  641.0  561.0  199.0
58.223  710.0  630.0  200.0
58.243  777.0  695.0  199.0
58.243  777.0  695.0  199.0
58.262  837.0  758.0  199.0
58.283  893.0  818.0  200.0
58.321  984.0  918.0  199.0
58.321  984.0  918.0  199.0
58.342  1010.0  952.0  199.0
58.363  1023.0  968.0  200.0
58.384  1023.0  973.0  200.0
58.384  1023.0  973.0  200.0
58.384  1023.0  973.0  200.0
58.404  1023.0  975.0  199.0
58.445  972.0  929.0  200.0
58.465  923.0  887.0  200.0
58.485  859.0  834.0  200.0
58.505  799.0  777.0  200.0
58.505  799.0  777.0  200.0
58.524  729.0  715.0  200.0
58.545  658.0  650.0  200.0
58.545  658.0  650.0  200.0
58.564  589.0  585.0  200.0
