14.065  833.0  32.0  -230.0
14.065  833.0  32.0  -230.0
14.065  833.0  32.0  -230.0
14.065  833.0  32.0  -230.0
14.065  833.0  32.0  -230.0
14.065  833.0  32.0  -230.0
14.065  833.0  32.0  -230.0
14.065  833.0  32.0  -230.0
14.065  833.0  32.0  -230.0
14.065  833.0  32.0  -230.0
14.065  833.0  32.0  -230.0
14.065  833.0  32.0  -230.0
14.065  833.0  32.0  -230.0
14.065  833.0  32.0  -230.0
14.065  833.0  32.0  -230.0
14.065  833.0  32.0  -230.0
14.065  833.0  32.0  -230.0
14.065  833.0  32.0  -230.0
14.065  833.0  32.0  -230.0
14.065  833.0  32.0  -230.0
14.065  833.0  32.0  -230.0
14.065  833.0  32.0  -230.0
14.065  833.0  32.0  -230.0
14.065  833.0  32.0  -230.0
14.065  833.0  32.0  -230.0
14.065  833.0  32.0  -230.0
14.065  833.0  32.0  -230.0
14.065  833.0  32.0  -230.0
14.065  833.0  32.0  -230.0
14.065  833.0  32.0  -230.0
14.065  833.0  32.0  -230.0
14.065  833.0  32.0  -230.0
14.065  833.0  32.0  -230.0
14.065  833.0  32.0  -230.0
14.065  833.0  32.0  -230.0
14.065  833.0  32.0  -230.0
14.065  833.0  32.0  -230.0
14.065  833.0  32.0  -230.0
14.065  833.0  32.0  -230.0
14.065  833.0  32.0  -230.0
14.065  833.0  32.0  -230.0
14.065  833.0  32.0  -230.0
14.065  833.0  32.0  -230.0
14.065  833.0  32.0  -230.0
14.065  833.0  32.0  -230.0
14.065  833.0  32.0  -230.0
0.0  833.0  32833.0  -198.0
0.0020  832.0  32.0  -230.0
0.0020  832.0  32.0  -230.0
0.0040  832.0  32.0  -230.0
0.0040  832.0  32.0  -230.0
0.029  833.0  32.0  -230.0
0.029  833.0  32.0  -230.0
0.057  833.0  32.0  -230.0
0.07  832.0  32.0  -230.0
0.097  833.0  32.0  -230.0
0.111  831.0  32.0  -230.0
0.111  831.0  32.0  -230.0
0.125  833.0  32.0  -230.0
0.154  833.0  32.0  -230.0
0.184  833.0  32.0  -230.0
0.198  832.0  32.0  -230.0
0.198  832.0  32.0  -230.0
0.212  833.0  32.0  -230.0
0.242  833.0  32.0  -230.0
0.257  832.0  32.0  -230.0
0.285  833.0  32.0  -230.0
0.285  833.0  32.0  -230.0
0.3  832.0  32.0  -230.0
0.329  832.0  32.0  -230.0
0.329  832.0  32.0  -230.0
0.344  833.0  32.0  -230.0
0.373  832.0  31.0  -230.0
0.388  833.0  32.0  -230.0
0.416  832.0  32.0  -230.0
0.416  832.0  32.0  -230.0
0.431  833.0  32.0  -230.0
0.446  832.0  32.0  -230.0
0.475  833.0  32.0  -230.0
0.489  833.0  32.0  -230.0
0.489  833.0  32.0  -230.0
0.519  833.0  32.0  -230.0
0.533  832.0  33.0  -230.0
0.562  833.0  32.0  -230.0
0.577  832.0  32.0  -230.0
0.577  832.0  32.0  -230.0
0.606  833.0  32.0  -230.0
0.62  833.0  32.0  -230.0
0.65  833.0  32.0  -230.0
0.65  833.0  32.0  -230.0
0.664  832.0  32.0  -230.0
0.678  832.0  32.0  -230.0
0.708  833.0  32.0  -230.0
0.737  832.0  32.0  -230.0
0.737  832.0  32.0  -230.0
0.751  832.0  33.0  -230.0
0.765  833.0  32.0  -230.0
0.795  833.0  32.0  -230.0
0.809  832.0  32.0  -230.0
0.809  832.0  32.0  -230.0
0.839  832.0  32.0  -230.0
0.854  833.0  32.0  -230.0
0.926  833.0  32.0  -230.0
0.926  833.0  32.0  -230.0
0.941  832.0  32.0  -230.0
0.97  833.0  32.0  -230.0
0.985  833.0  32.0  -230.0
0.999  833.0  33.0  -230.0
0.999  833.0  33.0  -230.0
1.029  833.0  32.0  -230.0
1.045  833.0  33.0  -230.0
1.076  787.0  34.0  -230.0
1.091  743.0  33.0  -230.0
1.091  743.0  33.0  -230.0
1.107  697.0  33.0  -230.0
1.123  651.0  33.0  -230.0
1.154  561.0  34.0  -230.0
1.154  561.0  34.0  -230.0
1.185  475.0  34.0  -230.0
1.201  436.0  33.0  -230.0
1.231  369.0  33.0  -230.0
1.231  369.0  33.0  -230.0
1.248  338.0  35.0  -230.0
1.263  312.0  37.0  -230.0
1.278  289.0  35.0  -230.0
1.278  289.0  35.0  -230.0
1.31  258.0  33.0  -230.0
1.326  249.0  29.0  -230.0
1.356  245.0  28.0  -230.0
1.373  245.0  29.0  -230.0
1.373  245.0  29.0  -230.0
1.388  244.0  30.0  -230.0
1.419  253.0  32.0  -230.0
1.434  279.0  31.0  -230.0
1.451  302.0  34.0  -230.0
1.451  302.0  34.0  -230.0
1.481  364.0  34.0  -230.0
1.497  403.0  33.0  -230.0
1.513  439.0  33.0  -230.0
1.513  439.0  33.0  -230.0
1.544  526.0  25.0  -230.0
1.575  621.0  32.0  -230.0
1.591  671.0  32.0  -230.0
1.591  671.0  32.0  -230.0
1.606  720.0  25.0  -230.0
1.622  769.0  22.0  -230.0
1.653  856.0  23.0  -230.0
1.669  895.0  22.0  -230.0
1.669  895.0  22.0  -230.0
1.684  926.0  22.0  -230.0
1.716  982.0  20.0  -230.0
1.732  1002.0  18.0  -230.0
1.748  1017.0  17.0  -230.0
1.748  1017.0  17.0  -230.0
1.782  1023.0  18.0  -230.0
1.799  1023.0  18.0  -230.0
1.815  1023.0  19.0  -230.0
1.831  1023.0  26.0  -230.0
1.831  1023.0  26.0  -230.0
1.863  964.0  24.0  -230.0
1.879  928.0  24.0  -230.0
1.91  847.0  30.0  -230.0
1.91  847.0  30.0  -230.0
1.926  801.0  32.0  -230.0
1.941  752.0  34.0  -230.0
1.973  653.0  34.0  -230.0
1.988  604.0  33.0  -230.0
1.988  604.0  33.0  -230.0
2.003  558.0  32.0  -230.0
2.019  512.0  33.0  -230.0
2.051  430.0  32.0  -230.0
2.066  394.0  31.0  -230.0
2.066  394.0  31.0  -230.0
2.097  335.0  35.0  -230.0
2.113  310.0  32.0  -230.0
2.128  287.0  31.0  -230.0
2.159  258.0  31.0  -230.0
2.159  258.0  31.0  -230.0
2.176  248.0  29.0  -230.0
2.191  246.0  29.0  -230.0
2.222  245.0  28.0  -230.0
2.238  244.0  28.0  -230.0
2.238  244.0  28.0  -230.0
2.253  244.0  31.0  -230.0
2.284  281.0  32.0  -230.0
2.299  305.0  33.0  -230.0
2.316  334.0  31.0  -230.0
2.316  334.0  31.0  -230.0
2.347  404.0  28.0  -230.0
2.362  439.0  30.0  -230.0
2.378  481.0  30.0  -230.0
2.409  576.0  25.0  -230.0
2.409  576.0  25.0  -230.0
2.456  727.0  22.0  -230.0
2.456  727.0  22.0  -230.0
2.471  776.0  22.0  -230.0
2.487  821.0  22.0  -230.0
2.487  821.0  22.0  -230.0
2.503  863.0  22.0  -230.0
2.534  930.0  20.0  -230.0
2.549  962.0  19.0  -230.0
2.582  1004.0  19.0  -230.0
2.582  1004.0  19.0  -230.0
2.598  1018.0  19.0  -230.0
2.615  1023.0  19.0  -230.0
2.631  1023.0  19.0  -230.0
2.665  1023.0  23.0  -230.0
2.665  1023.0  23.0  -230.0
2.681  1023.0  23.0  -230.0
2.697  994.0  24.0  -230.0
2.728  928.0  25.0  -230.0
2.744  888.0  30.0  -230.0
2.744  888.0  30.0  -230.0
2.759  842.0  32.0  -230.0
2.791  744.0  34.0  -230.0
2.806  695.0  32.0  -230.0
2.822  647.0  33.0  -230.0
2.822  647.0  33.0  -230.0
2.853  553.0  33.0  -230.0
2.869  507.0  32.0  -230.0
2.884  468.0  31.0  -230.0
2.884  468.0  31.0  -230.0
2.916  393.0  32.0  -230.0
2.931  362.0  33.0  -230.0
2.947  333.0  35.0  -230.0
2.978  284.0  32.0  -230.0
2.978  284.0  32.0  -230.0
2.994  270.0  26.0  -230.0
3.024  248.0  29.0  -230.0
3.041  246.0  29.0  -230.0
3.056  245.0  25.0  -230.0
3.056  245.0  25.0  -230.0
3.087  244.0  30.0  -230.0
3.103  244.0  32.0  -230.0
3.119  257.0  32.0  -230.0
3.149  307.0  31.0  -230.0
3.149  307.0  31.0  -230.0
3.165  337.0  30.0  -230.0
3.181  370.0  30.0  -230.0
3.212  446.0  29.0  -230.0
3.227  488.0  30.0  -230.0
3.227  488.0  30.0  -230.0
3.244  538.0  21.0  -230.0
3.274  636.0  27.0  -230.0
3.29  685.0  22.0  -230.0
3.29  685.0  22.0  -230.0
3.306  735.0  21.0  -230.0
3.337  825.0  21.0  -230.0
3.352  866.0  21.0  -230.0
3.368  902.0  21.0  -230.0
3.368  902.0  21.0  -230.0
3.399  963.0  19.0  -230.0
3.415  986.0  20.0  -230.0
3.431  1005.0  20.0  -230.0
3.465  1023.0  18.0  -230.0
3.465  1023.0  18.0  -230.0
3.481  1023.0  18.0  -230.0
3.497  1023.0  19.0  -230.0
3.515  1023.0  19.0  -230.0
3.547  990.0  24.0  -230.0
3.547  990.0  24.0  -230.0
3.562  956.0  25.0  -230.0
3.594  877.0  29.0  -230.0
3.609  832.0  32.0  -230.0
3.609  832.0  32.0  -230.0
3.624  786.0  34.0  -230.0
3.656  686.0  33.0  -230.0
3.672  639.0  33.0  -230.0
3.687  590.0  31.0  -230.0
3.687  590.0  31.0  -230.0
3.719  500.0  32.0  -230.0
3.734  462.0  32.0  -230.0
3.765  386.0  31.0  -230.0
3.765  386.0  31.0  -230.0
3.781  356.0  31.0  -230.0
3.796  327.0  32.0  -230.0
3.827  280.0  31.0  -230.0
3.844  267.0  27.0  -230.0
3.844  267.0  27.0  -230.0
3.859  253.0  30.0  -230.0
3.89  245.0  29.0  -230.0
3.906  245.0  28.0  -230.0
3.921  244.0  29.0  -230.0
3.921  244.0  29.0  -230.0
3.952  245.0  31.0  -230.0
3.969  265.0  31.0  -230.0
3.999  314.0  32.0  -230.0
3.999  314.0  32.0  -230.0
4.015  344.0  31.0  -230.0
4.03  381.0  31.0  -230.0
4.062  458.0  27.0  -230.0
4.077  499.0  30.0  -230.0
4.077  499.0  30.0  -230.0
4.092  547.0  21.0  -230.0
4.124  645.0  26.0  -230.0
4.14  694.0  22.0  -230.0
4.155  743.0  21.0  -230.0
4.155  743.0  21.0  -230.0
4.187  830.0  22.0  -230.0
4.202  870.0  20.0  -230.0
4.234  938.0  20.0  -230.0
4.234  938.0  20.0  -230.0
4.249  968.0  20.0  -230.0
4.264  991.0  19.0  -230.0
4.281  1008.0  19.0  -230.0
4.315  1023.0  25.0  -230.0
4.315  1023.0  25.0  -230.0
4.331  1023.0  21.0  -230.0
4.347  1023.0  20.0  -230.0
4.381  1012.0  24.0  -230.0
4.397  983.0  28.0  -230.0
4.397  983.0  28.0  -230.0
4.412  947.0  24.0  -230.0
4.427  911.0  24.0  -230.0
4.459  823.0  33.0  -230.0
4.474  778.0  33.0  -230.0
4.474  778.0  33.0  -230.0
4.506  680.0  32.0  -230.0
4.521  631.0  34.0  -230.0
4.537  584.0  33.0  -230.0
4.537  584.0  33.0  -230.0
4.569  495.0  31.0  -230.0
4.584  456.0  31.0  -230.0
4.599  414.0  31.0  -230.0
4.631  348.0  29.0  -230.0
4.631  348.0  29.0  -230.0
4.646  322.0  32.0  -230.0
4.662  299.0  31.0  -230.0
4.692  264.0  32.0  -230.0
4.709  252.0  30.0  -230.0
4.709  252.0  30.0  -230.0
4.724  247.0  31.0  -230.0
4.755  244.0  32.0  -230.0
4.771  244.0  30.0  -230.0
4.787  243.0  30.0  -230.0
4.787  243.0  30.0  -230.0
4.817  269.0  30.0  -230.0
4.834  293.0  31.0  -230.0
4.865  349.0  30.0  -230.0
4.865  349.0  30.0  -230.0
4.88  384.0  30.0  -230.0
4.895  419.0  30.0  -230.0
4.927  505.0  28.0  -230.0
4.942  552.0  23.0  -230.0
4.942  552.0  23.0  -230.0
4.958  601.0  21.0  -230.0
4.989  700.0  22.0  -230.0
5.005  750.0  20.0  -230.0
5.037  838.0  25.0  -230.0
5.037  838.0  25.0  -230.0
5.052  879.0  23.0  -230.0
5.067  915.0  19.0  -230.0
5.099  975.0  19.0  -230.0
5.114  996.0  18.0  -230.0
5.114  996.0  18.0  -230.0
5.131  1011.0  19.0  -230.0
5.147  1023.0  19.0  -230.0
5.165  1023.0  19.0  -230.0
5.165  1023.0  19.0  -230.0
5.197  1023.0  19.0  -230.0
5.214  1023.0  20.0  -230.0
5.231  1010.0  23.0  -230.0
5.262  944.0  23.0  -230.0
5.277  908.0  25.0  -230.0
5.277  908.0  25.0  -230.0
5.293  866.0  29.0  -230.0
5.324  772.0  33.0  -230.0
5.34  723.0  33.0  -230.0
5.34  723.0  33.0  -230.0
5.371  623.0  34.0  -230.0
5.387  577.0  33.0  -230.0
5.402  531.0  33.0  -230.0
5.434  449.0  32.0  -230.0
5.449  408.0  32.0  -230.0
5.449  408.0  32.0  -230.0
5.465  377.0  30.0  -230.0
5.495  322.0  34.0  -230.0
5.512  299.0  33.0  -230.0
5.512  299.0  33.0  -230.0
5.527  277.0  31.0  -230.0
5.558  252.0  31.0  -230.0
5.574  247.0  33.0  -230.0
5.574  247.0  33.0  -230.0
5.59  245.0  30.0  -230.0
5.62  244.0  30.0  -230.0
5.637  244.0  30.0  -230.0
5.667  270.0  30.0  -230.0
5.683  294.0  32.0  -230.0
5.683  294.0  32.0  -230.0
5.699  320.0  31.0  -230.0
5.714  347.0  32.0  -230.0
5.745  419.0  30.0  -230.0
5.745  419.0  30.0  -230.0
5.761  463.0  30.0  -230.0
5.792  553.0  24.0  -230.0
5.808  604.0  23.0  -230.0
5.823  655.0  22.0  -230.0
5.823  655.0  22.0  -230.0
5.855  753.0  21.0  -230.0
5.87  798.0  20.0  -230.0
5.885  841.0  20.0  -230.0
5.917  915.0  19.0  -230.0
5.917  915.0  19.0  -230.0
5.933  945.0  19.0  -230.0
5.948  974.0  19.0  -230.0
5.981  1010.0  19.0  -230.0
5.997  1023.0  19.0  -230.0
5.997  1023.0  19.0  -230.0
6.013  1023.0  21.0  -230.0
6.031  1023.0  20.0  -230.0
6.064  1023.0  20.0  -230.0
6.08  1010.0  22.0  -230.0
6.08  1010.0  22.0  -230.0
6.096  980.0  29.0  -230.0
6.127  907.0  23.0  -230.0
6.142  862.0  26.0  -230.0
6.142  862.0  26.0  -230.0
6.158  815.0  33.0  -230.0
6.19  719.0  33.0  -230.0
6.205  672.0  31.0  -230.0
6.237  577.0  33.0  -230.0
6.237  577.0  33.0  -230.0
6.252  532.0  33.0  -230.0
6.267  488.0  33.0  -230.0
6.299  411.0  30.0  -230.0
6.315  379.0  31.0  -230.0
6.315  379.0  31.0  -230.0
6.33  348.0  32.0  -230.0
6.345  322.0  31.0  -230.0
6.377  278.0  32.0  -230.0
6.377  278.0  32.0  -230.0
6.392  264.0  31.0  -230.0
6.423  246.0  29.0  -230.0
6.439  245.0  29.0  -230.0
6.455  244.0  30.0  -230.0
6.455  244.0  30.0  -230.0
6.486  243.0  30.0  -230.0
6.502  246.0  29.0  -230.0
6.517  269.0  30.0  -230.0
6.548  318.0  30.0  -230.0
6.548  318.0  30.0  -230.0
6.564  349.0  30.0  -230.0
6.58  388.0  30.0  -230.0
6.61  466.0  27.0  -230.0
6.626  511.0  27.0  -230.0
6.626  511.0  27.0  -230.0
6.642  559.0  20.0  -230.0
6.673  658.0  21.0  -230.0
6.688  705.0  21.0  -230.0
6.72  797.0  23.0  -230.0
6.72  797.0  23.0  -230.0
6.735  840.0  27.0  -230.0
6.751  879.0  25.0  -230.0
6.767  914.0  20.0  -230.0
6.782  944.0  19.0  -230.0
6.798  974.0  19.0  -230.0
6.813  994.0  19.0  -230.0
6.847  1023.0  19.0  -230.0
6.863  1023.0  19.0  -230.0
6.863  1023.0  19.0  -230.0
6.88  1023.0  19.0  -230.0
6.914  1023.0  22.0  -230.0
6.93  1007.0  23.0  -230.0
6.93  1007.0  23.0  -230.0
6.945  976.0  23.0  -230.0
6.962  939.0  23.0  -230.0
6.992  858.0  28.0  -230.0
7.008  813.0  31.0  -230.0
7.008  813.0  31.0  -230.0
7.04  717.0  33.0  -230.0
7.055  669.0  32.0  -230.0
7.07  620.0  33.0  -230.0
7.102  529.0  33.0  -230.0
7.102  529.0  33.0  -230.0
7.117  485.0  33.0  -230.0
7.133  446.0  32.0  -230.0
7.148  405.0  31.0  -230.0
7.18  343.0  31.0  -230.0
7.18  343.0  31.0  -230.0
7.195  317.0  31.0  -230.0
7.227  275.0  33.0  -230.0
7.242  262.0  29.0  -230.0
7.258  250.0  29.0  -230.0
7.258  250.0  29.0  -230.0
7.288  245.0  30.0  -230.0
7.305  244.0  31.0  -230.0
7.32  244.0  32.0  -230.0
7.32  244.0  32.0  -230.0
7.351  249.0  29.0  -230.0
7.367  275.0  31.0  -230.0
7.383  298.0  31.0  -230.0
7.413  355.0  30.0  -230.0
7.413  355.0  30.0  -230.0
7.43  395.0  30.0  -230.0
7.46  472.0  29.0  -230.0
7.476  516.0  20.0  -230.0
7.491  564.0  21.0  -230.0
7.491  564.0  21.0  -230.0
7.523  663.0  20.0  -230.0
7.538  712.0  21.0  -230.0
7.554  757.0  21.0  -230.0
7.57  803.0  25.0  -230.0
7.57  803.0  25.0  -230.0
7.601  887.0  20.0  -230.0
7.616  920.0  22.0  -230.0
7.632  954.0  19.0  -230.0
7.664  1000.0  22.0  -230.0
7.664  1000.0  22.0  -230.0
7.681  1015.0  21.0  -230.0
7.698  1023.0  21.0  -230.0
7.731  1023.0  21.0  -230.0
7.747  1023.0  22.0  -230.0
7.747  1023.0  22.0  -230.0
7.764  1023.0  23.0  -230.0
7.796  969.0  28.0  -230.0
7.812  932.0  24.0  -230.0
7.812  932.0  24.0  -230.0
7.828  893.0  24.0  -230.0
7.859  807.0  32.0  -230.0
7.874  758.0  33.0  -230.0
7.889  707.0  33.0  -230.0
7.889  707.0  33.0  -230.0
7.906  660.0  32.0  -230.0
7.937  566.0  32.0  -230.0
7.952  517.0  33.0  -230.0
7.984  434.0  31.0  -230.0
7.984  434.0  31.0  -230.0
7.999  396.0  30.0  -230.0
8.014  367.0  30.0  -230.0
8.046  313.0  31.0  -230.0
8.061  290.0  31.0  -230.0
8.061  290.0  31.0  -230.0
8.077  273.0  32.0  -230.0
8.109  249.0  29.0  -230.0
8.124  246.0  30.0  -230.0
8.124  246.0  30.0  -230.0
8.139  245.0  31.0  -230.0
8.171  244.0  28.0  -230.0
8.186  243.0  30.0  -230.0
8.202  252.0  29.0  -230.0
8.202  252.0  29.0  -230.0
8.233  301.0  32.0  -230.0
8.249  329.0  32.0  -230.0
8.28  398.0  29.0  -230.0
8.296  435.0  29.0  -230.0
8.296  435.0  29.0  -230.0
8.311  476.0  30.0  -230.0
8.342  571.0  25.0  -230.0
8.357  622.0  23.0  -230.0
8.374  672.0  22.0  -230.0
8.374  672.0  22.0  -230.0
8.404  769.0  20.0  -230.0
8.42  814.0  20.0  -230.0
8.436  858.0  20.0  -230.0
8.467  928.0  19.0  -230.0
8.467  928.0  19.0  -230.0
8.482  960.0  19.0  -230.0
8.499  984.0  19.0  -230.0
8.515  1003.0  19.0  -230.0
8.548  1023.0  18.0  -230.0
8.548  1023.0  18.0  -230.0
8.565  1023.0  18.0  -230.0
8.582  1023.0  22.0  -230.0
8.614  1023.0  21.0  -230.0
8.631  998.0  22.0  -230.0
8.631  998.0  22.0  -230.0
8.646  965.0  24.0  -230.0
8.677  890.0  25.0  -230.0
8.693  848.0  31.0  -230.0
8.693  848.0  31.0  -230.0
8.709  801.0  31.0  -230.0
8.739  701.0  32.0  -230.0
8.755  653.0  33.0  -230.0
8.771  604.0  33.0  -230.0
8.771  604.0  33.0  -230.0
8.802  512.0  33.0  -230.0
8.817  469.0  31.0  -230.0
8.834  431.0  32.0  -230.0
8.864  366.0  31.0  -230.0
8.864  366.0  31.0  -230.0
8.88  337.0  33.0  -230.0
8.911  289.0  31.0  -230.0
8.927  272.0  28.0  -230.0
8.942  258.0  29.0  -230.0
8.942  258.0  29.0  -230.0
8.974  246.0  28.0  -230.0
8.989  245.0  27.0  -230.0
9.005  244.0  30.0  -230.0
9.005  244.0  30.0  -230.0
9.036  243.0  32.0  -230.0
9.052  254.0  31.0  -230.0
9.067  281.0  32.0  -230.0
9.099  333.0  30.0  -230.0
9.099  333.0  30.0  -230.0
9.114  364.0  30.0  -230.0
9.129  404.0  29.0  -230.0
9.161  485.0  26.0  -230.0
9.177  532.0  21.0  -230.0
9.177  532.0  21.0  -230.0
9.192  581.0  21.0  -230.0
9.224  678.0  22.0  -230.0
9.239  728.0  21.0  -230.0
9.254  775.0  21.0  -230.0
9.254  775.0  21.0  -230.0
9.285  861.0  20.0  -230.0
9.302  899.0  19.0  -230.0
9.332  961.0  19.0  -230.0
9.348  984.0  19.0  -230.0
9.348  984.0  19.0  -230.0
9.365  1003.0  18.0  -230.0
9.381  1018.0  18.0  -230.0
9.414  1023.0  18.0  -230.0
9.432  1023.0  19.0  -230.0
9.432  1023.0  19.0  -230.0
9.448  1023.0  22.0  -230.0
9.464  1023.0  25.0  -230.0
9.496  959.0  28.0  -230.0
9.511  922.0  24.0  -230.0
9.511  922.0  24.0  -230.0
9.542  837.0  31.0  -230.0
9.559  792.0  31.0  -230.0
9.574  743.0  32.0  -230.0
9.589  694.0  33.0  -230.0
9.589  694.0  33.0  -230.0
9.62  599.0  33.0  -230.0
9.636  555.0  34.0  -230.0
9.667  469.0  31.0  -230.0
9.667  469.0  31.0  -230.0
9.682  429.0  33.0  -230.0
9.699  392.0  31.0  -230.0
9.73  334.0  32.0  -230.0
9.745  308.0  30.0  -230.0
9.745  308.0  30.0  -230.0
9.777  270.0  29.0  -230.0
9.792  256.0  32.0  -230.0
9.807  248.0  28.0  -230.0
9.824  245.0  29.0  -230.0
9.824  245.0  29.0  -230.0
9.854  244.0  31.0  -230.0
9.87  243.0  30.0  -230.0
9.902  258.0  32.0  -230.0
9.902  258.0  32.0  -230.0
9.917  284.0  32.0  -230.0
9.932  307.0  32.0  -230.0
9.964  371.0  32.0  -230.0
9.979  409.0  30.0  -230.0
9.979  409.0  30.0  -230.0
9.995  452.0  26.0  -230.0
10.028  543.0  21.0  -230.0
10.044  593.0  20.0  -230.0
10.06  645.0  21.0  -230.0
10.06  645.0  21.0  -230.0
10.077  698.0  21.0  -230.0
10.11  798.0  20.0  -230.0
10.127  845.0  19.0  -230.0
10.127  845.0  19.0  -230.0
10.143  888.0  20.0  -230.0
10.177  958.0  19.0  -230.0
10.193  984.0  20.0  -230.0
10.211  1004.0  18.0  -230.0
10.211  1004.0  18.0  -230.0
10.229  1019.0  18.0  -230.0
10.247  1023.0  23.0  -230.0
10.264  1023.0  18.0  -230.0
10.3  1023.0  19.0  -230.0
10.3  1023.0  19.0  -230.0
10.317  1010.0  22.0  -230.0
10.334  978.0  23.0  -230.0
10.35  942.0  24.0  -230.0
10.384  855.0  27.0  -230.0
10.384  855.0  27.0  -230.0
10.4  806.0  31.0  -230.0
10.417  755.0  31.0  -230.0
10.434  703.0  33.0  -230.0
10.434  703.0  33.0  -230.0
10.467  599.0  33.0  -230.0
10.483  550.0  34.0  -230.0
10.501  502.0  33.0  -230.0
10.517  460.0  31.0  -230.0
10.517  460.0  31.0  -230.0
10.55  380.0  31.0  -230.0
10.567  348.0  31.0  -230.0
10.584  320.0  31.0  -230.0
10.616  275.0  27.0  -230.0
10.616  275.0  27.0  -230.0
10.634  260.0  31.0  -230.0
10.65  248.0  29.0  -230.0
10.667  246.0  28.0  -230.0
10.7  244.0  30.0  -230.0
10.7  244.0  30.0  -230.0
10.717  243.0  30.0  -230.0
10.733  244.0  31.0  -230.0
10.749  262.0  31.0  -230.0
10.783  316.0  29.0  -230.0
10.783  316.0  29.0  -230.0
10.8  348.0  30.0  -230.0
10.816  390.0  31.0  -230.0
10.833  427.0  29.0  -230.0
10.866  523.0  20.0  -230.0
10.866  523.0  20.0  -230.0
10.883  573.0  21.0  -230.0
10.9  625.0  28.0  -230.0
10.916  676.0  22.0  -230.0
10.949  781.0  21.0  -230.0
10.949  781.0  21.0  -230.0
10.967  828.0  22.0  -230.0
10.983  873.0  21.0  -230.0
11.016  946.0  19.0  -230.0
11.033  975.0  19.0  -230.0
11.033  975.0  19.0  -230.0
11.049  995.0  19.0  -230.0
11.067  1012.0  19.0  -230.0
11.084  1023.0  19.0  -230.0
11.084  1023.0  19.0  -230.0
11.12  1023.0  20.0  -230.0
11.138  1023.0  22.0  -230.0
11.156  1023.0  24.0  -230.0
11.172  994.0  25.0  -230.0
11.172  994.0  25.0  -230.0
11.189  959.0  27.0  -230.0
11.223  879.0  23.0  -230.0
11.239  832.0  31.0  -230.0
11.255  783.0  31.0  -230.0
11.255  783.0  31.0  -230.0
11.272  729.0  32.0  -230.0
11.305  622.0  32.0  -230.0
11.322  572.0  33.0  -230.0
11.338  521.0  33.0  -230.0
11.338  521.0  33.0  -230.0
11.372  436.0  33.0  -230.0
11.388  396.0  31.0  -230.0
11.405  365.0  31.0  -230.0
11.422  334.0  31.0  -230.0
11.422  334.0  31.0  -230.0
11.455  283.0  30.0  -230.0
11.471  268.0  31.0  -230.0
11.489  254.0  28.0  -230.0
11.505  247.0  31.0  -230.0
11.505  247.0  31.0  -230.0
11.538  244.0  31.0  -230.0
11.555  244.0  30.0  -230.0
11.572  243.0  30.0  -230.0
11.604  276.0  32.0  -230.0
11.604  276.0  32.0  -230.0
11.622  302.0  32.0  -230.0
11.638  331.0  30.0  -230.0
11.655  366.0  30.0  -230.0
11.655  366.0  30.0  -230.0
11.688  451.0  27.0  -230.0
11.705  494.0  25.0  -230.0
11.721  546.0  20.0  -230.0
11.738  595.0  21.0  -230.0
11.738  595.0  21.0  -230.0
11.771  702.0  21.0  -230.0
11.788  755.0  20.0  -230.0
11.804  801.0  20.0  -230.0
11.804  801.0  20.0  -230.0
11.822  848.0  19.0  -230.0
11.854  924.0  19.0  -230.0
11.871  958.0  20.0  -230.0
11.888  983.0  19.0  -230.0
11.888  983.0  19.0  -230.0
11.906  1004.0  18.0  -230.0
11.94  1023.0  19.0  -230.0
11.959  1023.0  19.0  -230.0
11.959  1023.0  19.0  -230.0
11.976  1023.0  20.0  -230.0
11.994  1023.0  21.0  -230.0
12.028  979.0  20.0  -230.0
12.045  941.0  21.0  -230.0
12.045  941.0  21.0  -230.0
12.061  901.0  27.0  -230.0
12.078  854.0  29.0  -230.0
12.111  755.0  32.0  -230.0
12.128  701.0  32.0  -230.0
12.128  701.0  32.0  -230.0
12.144  648.0  32.0  -230.0
12.162  595.0  33.0  -230.0
12.194  499.0  33.0  -230.0
12.211  458.0  30.0  -230.0
12.211  458.0  30.0  -230.0
12.228  416.0  30.0  -230.0
12.261  349.0  31.0  -230.0
12.277  322.0  31.0  -230.0
12.295  297.0  31.0  -230.0
12.295  297.0  31.0  -230.0
12.311  276.0  30.0  -230.0
12.327  260.0  30.0  -230.0
12.361  245.0  30.0  -230.0
12.378  244.0  28.0  -230.0
12.378  244.0  28.0  -230.0
12.394  244.0  31.0  -230.0
12.428  244.0  31.0  -230.0
12.444  264.0  31.0  -230.0
12.444  264.0  31.0  -230.0
12.461  291.0  32.0  -230.0
12.494  349.0  30.0  -230.0
12.511  392.0  30.0  -230.0
12.527  429.0  30.0  -230.0
12.527  429.0  30.0  -230.0
12.544  474.0  27.0  -230.0
12.577  572.0  20.0  -230.0
12.594  624.0  22.0  -230.0
12.61  676.0  20.0  -230.0
12.61  676.0  20.0  -230.0
12.627  729.0  21.0  -230.0
12.66  825.0  20.0  -230.0
12.677  869.0  20.0  -230.0
12.677  869.0  20.0  -230.0
12.694  909.0  22.0  -230.0
12.71  942.0  19.0  -230.0
12.743  994.0  18.0  -230.0
12.762  1011.0  17.0  -230.0
12.762  1011.0  17.0  -230.0
12.779  1023.0  17.0  -230.0
12.796  1023.0  18.0  -230.0
12.814  1022.0  18.0  -230.0
12.85  1023.0  26.0  -230.0
12.85  1023.0  26.0  -230.0
12.866  993.0  21.0  -230.0
12.882  958.0  25.0  -230.0
12.9  920.0  22.0  -230.0
12.933  829.0  31.0  -230.0
12.933  829.0  31.0  -230.0
12.949  783.0  31.0  -230.0
12.966  729.0  32.0  -230.0
12.983  677.0  32.0  -230.0
12.983  677.0  32.0  -230.0
13.016  575.0  32.0  -230.0
13.033  525.0  33.0  -230.0
13.049  481.0  30.0  -230.0
13.082  399.0  30.0  -230.0
13.082  399.0  30.0  -230.0
13.1  368.0  29.0  -230.0
13.116  336.0  31.0  -230.0
13.132  309.0  32.0  -230.0
13.166  269.0  28.0  -230.0
13.166  269.0  28.0  -230.0
13.182  253.0  26.0  -230.0
13.199  247.0  31.0  -230.0
13.233  244.0  31.0  -230.0
13.249  244.0  31.0  -230.0
13.249  244.0  31.0  -230.0
13.265  243.0  32.0  -230.0
13.282  249.0  30.0  -230.0
13.316  301.0  32.0  -230.0
13.316  301.0  32.0  -230.0
13.332  332.0  30.0  -230.0
13.348  365.0  30.0  -230.0
13.366  407.0  28.0  -230.0
13.399  492.0  28.0  -230.0
13.399  492.0  28.0  -230.0
13.415  543.0  20.0  -230.0
13.432  593.0  24.0  -230.0
13.465  700.0  21.0  -230.0
13.481  753.0  20.0  -230.0
13.481  753.0  20.0  -230.0
13.499  800.0  20.0  -230.0
13.515  848.0  24.0  -230.0
13.532  891.0  20.0  -230.0
13.565  959.0  19.0  -230.0
13.565  959.0  19.0  -230.0
13.582  984.0  19.0  -230.0
13.599  1005.0  21.0  -230.0
13.618  1020.0  18.0  -230.0
13.652  1023.0  17.0  -230.0
13.652  1023.0  17.0  -230.0
13.67  1023.0  18.0  -230.0
13.688  1023.0  18.0  -230.0
13.706  1010.0  19.0  -230.0
13.706  1010.0  19.0  -230.0
13.739  955.0  21.0  -230.0
13.756  933.0  23.0  -230.0
13.772  913.0  23.0  -230.0
13.805  884.0  23.0  -230.0
13.805  884.0  23.0  -230.0
13.822  875.0  24.0  -230.0
13.839  871.0  24.0  -230.0
13.855  870.0  24.0  -230.0
13.855  870.0  24.0  -230.0
13.872  870.0  25.0  -230.0
13.905  870.0  24.0  -230.0
13.922  870.0  24.0  -230.0
13.938  869.0  25.0  -230.0
13.938  869.0  25.0  -230.0
13.972  870.0  24.0  -230.0
13.988  870.0  25.0  -230.0
14.005  870.0  25.0  -230.0
14.022  870.0  25.0  -230.0
14.022  870.0  25.0  -230.0
14.055  870.0  25.0  -230.0
14.071  870.0  25.0  -230.0
