10.26  580.0  1023.0  215.0
10.26  580.0  1023.0  215.0
10.26  580.0  1023.0  215.0
10.26  580.0  1023.0  215.0
10.26  580.0  1023.0  215.0
10.26  580.0  1023.0  215.0
10.26  580.0  1023.0  215.0
10.26  580.0  1023.0  215.0
10.26  580.0  1023.0  215.0
10.26  580.0  1023.0  215.0
10.26  580.0  1023.0  215.0
10.26  580.0  1023.0  215.0
10.26  580.0  1023.0  215.0
10.26  580.0  1023.0  215.0
10.26  580.0  1023.0  215.0
10.26  580.0  1023.0  215.0
10.26  580.0  1023.0  215.0
10.26  580.0  1023.0  215.0
10.26  580.0  1023.0  215.0
10.26  580.0  1023.0  215.0
10.26  580.0  1023.0  215.0
10.26  580.0  1023.0  215.0
10.26  580.0  1023.0  215.0
10.26  580.0  1023.0  215.0
10.26  580.0  1023.0  215.0
10.26  580.0  1023.0  215.0
10.26  580.0  1023.0  215.0
10.26  580.0  1023.0  215.0
10.26  580.0  1023.0  215.0
10.26  580.0  1023.0  215.0
10.26  580.0  1023.0  215.0
10.26  580.0  1023.0  215.0
10.26  580.0  1023.0  215.0
10.26  580.0  1023.0  215.0
10.26  580.0  1023.0  215.0
10.26  580.0  1023.0  215.0
0.024  437.0  0.0  589.0
0.057  746.0  1023.0  188.0
0.074  502.0  1023.0  561.0
0.092  199.0  1023.0  868.0
0.109  311.0  487.0  974.0
0.14  787.0  0.0  213.0
0.156  742.0  985.0  95.0
0.176  629.0  1023.0  420.0
0.194  418.0  1023.0  713.0
0.194  418.0  1023.0  713.0
0.212  274.0  1023.0  920.0
0.232  332.0  1017.0  1014.0
0.27  436.0  536.0  1023.0
0.27  436.0  536.0  1023.0
0.286  463.0  49.0  926.0
0.302  501.0  0.0  371.0
0.32  854.0  242.0  158.0
0.32  854.0  242.0  158.0
0.356  640.0  1023.0  295.0
0.536  632.0  1023.0  344.0
0.536  632.0  1023.0  344.0
0.574  307.0  1023.0  874.0
0.592  309.0  1023.0  995.0
0.611  383.0  802.0  1023.0
0.611  383.0  802.0  1023.0
0.629  431.0  294.0  1023.0
0.661  763.0  0.0  261.0
0.678  784.0  861.0  120.0
0.697  678.0  1023.0  157.0
0.697  678.0  1023.0  157.0
0.716  641.0  1023.0  415.0
0.735  445.0  1023.0  692.0
0.753  283.0  1023.0  908.0
0.774  326.0  1023.0  1010.0
0.774  326.0  1023.0  1010.0
0.812  424.0  987.0  1023.0
0.83  455.0  496.0  1023.0
0.847  472.0  22.0  893.0
0.847  472.0  22.0  893.0
0.863  521.0  0.0  360.0
0.898  721.0  1023.0  68.0
0.917  640.0  1023.0  318.0
0.935  512.0  1023.0  591.0
0.935  512.0  1023.0  591.0
0.954  330.0  1023.0  853.0
0.973  304.0  1023.0  987.0
0.992  377.0  868.0  1023.0
1.01  429.0  365.0  1023.0
1.01  429.0  365.0  1023.0
1.03  452.0  265.0  1023.0
1.068  470.0  63.0  953.0
1.084  464.0  0.0  409.0
1.084  464.0  0.0  409.0
1.1  820.0  0.0  175.0
1.119  738.0  668.0  73.0
1.137  651.0  1023.0  54.0
1.157  611.0  1023.0  309.0
1.157  611.0  1023.0  309.0
1.177  663.0  1023.0  434.0
1.216  700.0  1023.0  614.0
1.236  679.0  1023.0  687.0
1.256  653.0  1023.0  755.0
1.256  653.0  1023.0  755.0
1.275  628.0  1023.0  819.0
1.295  607.0  1023.0  885.0
1.355  741.0  1023.0  929.0
1.355  741.0  1023.0  929.0
1.376  680.0  1023.0  943.0
1.395  634.0  1023.0  978.0
1.395  634.0  1023.0  978.0
1.416  586.0  1023.0  1020.0
1.436  759.0  1023.0  942.0
1.456  688.0  1023.0  953.0
1.475  638.0  1023.0  987.0
1.475  638.0  1023.0  987.0
1.496  591.0  1023.0  1023.0
1.516  763.0  1023.0  948.0
1.536  689.0  1023.0  961.0
1.576  593.0  1023.0  1023.0
1.576  593.0  1023.0  1023.0
1.596  759.0  1023.0  954.0
1.615  690.0  1023.0  966.0
1.635  638.0  1023.0  999.0
1.635  638.0  1023.0  999.0
1.656  590.0  1023.0  1023.0
1.676  760.0  1023.0  957.0
1.695  691.0  1023.0  969.0
1.717  632.0  1023.0  1002.0
1.717  632.0  1023.0  1002.0
1.736  802.0  1023.0  916.0
1.756  724.0  1023.0  917.0
1.776  665.0  1023.0  953.0
1.796  620.0  1023.0  996.0
1.796  620.0  1023.0  996.0
1.816  575.0  1023.0  1023.0
1.837  748.0  1023.0  961.0
1.856  686.0  1023.0  975.0
1.876  633.0  1023.0  1009.0
1.876  633.0  1023.0  1009.0
1.896  794.0  1023.0  921.0
1.916  722.0  1023.0  925.0
1.956  613.0  1023.0  1002.0
1.956  613.0  1023.0  1002.0
1.956  613.0  1023.0  1002.0
1.996  713.0  1023.0  928.0
2.016  659.0  1023.0  964.0
2.037  612.0  1023.0  1008.0
2.037  612.0  1023.0  1008.0
2.057  785.0  1023.0  924.0
2.076  714.0  1023.0  930.0
2.096  658.0  1023.0  968.0
2.117  612.0  1023.0  1008.0
2.117  612.0  1023.0  1008.0
2.137  784.0  1023.0  928.0
2.156  709.0  1023.0  935.0
2.177  651.0  1023.0  971.0
2.197  609.0  1023.0  1014.0
2.197  609.0  1023.0  1014.0
2.216  778.0  1023.0  931.0
2.237  708.0  1023.0  939.0
2.256  656.0  1023.0  974.0
2.277  606.0  1023.0  1017.0
2.277  606.0  1023.0  1017.0
2.296  775.0  1023.0  933.0
2.317  709.0  1023.0  945.0
2.336  651.0  1023.0  979.0
2.336  651.0  1023.0  979.0
2.377  777.0  1023.0  941.0
2.397  705.0  1023.0  947.0
2.416  648.0  1023.0  982.0
2.438  604.0  1023.0  1022.0
2.438  604.0  1023.0  1022.0
2.457  769.0  1023.0  942.0
2.477  702.0  1023.0  953.0
2.496  649.0  1023.0  987.0
2.518  598.0  1023.0  1023.0
2.518  598.0  1023.0  1023.0
2.537  771.0  1023.0  944.0
2.556  701.0  1023.0  955.0
2.577  643.0  1023.0  989.0
2.597  599.0  1023.0  1023.0
2.597  599.0  1023.0  1023.0
2.617  768.0  1023.0  946.0
2.637  698.0  1023.0  960.0
2.657  642.0  1023.0  993.0
2.657  642.0  1023.0  993.0
2.677  596.0  1023.0  1023.0
2.717  694.0  1023.0  963.0
2.737  639.0  1023.0  997.0
2.757  595.0  1023.0  1023.0
2.757  595.0  1023.0  1023.0
2.778  762.0  1023.0  953.0
2.797  694.0  1023.0  966.0
2.818  640.0  1023.0  1000.0
2.838  800.0  1023.0  910.0
2.838  800.0  1023.0  910.0
2.857  724.0  1023.0  915.0
2.877  670.0  1023.0  950.0
2.918  580.0  1023.0  1023.0
2.918  580.0  1023.0  1023.0
2.937  754.0  1023.0  958.0
2.937  686.0  1023.0  972.0
2.957  686.0  1023.0  972.0
2.978  633.0  1023.0  1006.0
2.998  797.0  1023.0  919.0
3.017  723.0  1023.0  924.0
3.017  723.0  1023.0  924.0
3.038  665.0  1023.0  957.0
3.058  620.0  1023.0  1000.0
3.097  713.0  1023.0  924.0
3.118  659.0  1023.0  963.0
3.118  659.0  1023.0  963.0
3.138  614.0  1023.0  1007.0
3.158  783.0  1023.0  924.0
3.178  713.0  1023.0  932.0
3.197  659.0  1023.0  968.0
3.197  659.0  1023.0  968.0
3.218  611.0  1023.0  1010.0
3.238  785.0  1023.0  928.0
3.258  714.0  1023.0  938.0
3.258  714.0  1023.0  938.0
3.277  655.0  1023.0  973.0
3.298  610.0  1023.0  1015.0
3.318  780.0  1023.0  935.0
3.338  708.0  1023.0  943.0
3.338  708.0  1023.0  943.0
3.357  654.0  1023.0  976.0
3.379  608.0  1023.0  1020.0
3.418  704.0  1023.0  946.0
3.438  654.0  1023.0  982.0
3.438  654.0  1023.0  982.0
3.459  601.0  1023.0  1023.0
3.478  775.0  1023.0  942.0
3.497  704.0  1023.0  952.0
3.497  704.0  1023.0  952.0
3.518  647.0  1023.0  985.0
3.538  602.0  1023.0  1023.0
3.558  772.0  1023.0  944.0
3.578  695.0  1023.0  957.0
3.578  695.0  1023.0  957.0
3.598  647.0  1023.0  994.0
3.618  600.0  1023.0  1023.0
3.639  767.0  1023.0  946.0
3.658  700.0  1023.0  963.0
3.658  700.0  1023.0  963.0
3.678  637.0  1023.0  996.0
3.699  591.0  1023.0  1023.0
3.719  765.0  1023.0  955.0
3.738  690.0  1023.0  966.0
3.738  690.0  1023.0  966.0
3.759  635.0  1023.0  1001.0
3.799  723.0  1023.0  917.0
3.818  668.0  1023.0  955.0
3.84  620.0  1023.0  1000.0
3.84  620.0  1023.0  1000.0
3.859  789.0  1023.0  916.0
3.878  719.0  1023.0  924.0
3.899  662.0  1023.0  961.0
3.899  662.0  1023.0  961.0
3.919  617.0  1023.0  1003.0
3.939  788.0  1023.0  922.0
3.958  714.0  1023.0  929.0
3.979  659.0  1023.0  966.0
3.979  659.0  1023.0  966.0
3.999  613.0  1023.0  1010.0
4.019  779.0  1023.0  928.0
4.039  710.0  1023.0  937.0
4.059  657.0  1023.0  973.0
4.079  610.0  1023.0  1016.0
4.079  610.0  1023.0  1016.0
4.1  775.0  1023.0  935.0
4.119  707.0  1023.0  944.0
4.119  707.0  1023.0  944.0
4.139  655.0  1023.0  979.0
4.179  773.0  1023.0  940.0
4.199  706.0  1023.0  952.0
4.218  644.0  1023.0  985.0
4.218  644.0  1023.0  985.0
4.24  602.0  1023.0  1023.0
4.259  770.0  1023.0  945.0
4.279  695.0  1023.0  958.0
4.299  646.0  1023.0  993.0
4.299  646.0  1023.0  993.0
4.32  596.0  1023.0  1023.0
4.339  766.0  1023.0  951.0
4.359  695.0  1023.0  965.0
4.379  641.0  1023.0  999.0
4.379  641.0  1023.0  999.0
4.4  591.0  1023.0  1023.0
4.419  761.0  1023.0  954.0
4.44  689.0  1023.0  970.0
4.46  634.0  1023.0  1005.0
4.46  634.0  1023.0  1005.0
4.48  799.0  1023.0  917.0
4.5  723.0  1023.0  924.0
4.519  669.0  1023.0  958.0
4.519  669.0  1023.0  958.0
4.54  616.0  1023.0  1002.0
4.559  789.0  1023.0  919.0
4.599  663.0  1023.0  966.0
4.62  612.0  1023.0  1011.0
4.62  612.0  1023.0  1011.0
4.64  782.0  1023.0  927.0
4.66  712.0  1023.0  937.0
4.679  655.0  1023.0  971.0
4.701  608.0  1023.0  1014.0
4.701  608.0  1023.0  1014.0
4.72  780.0  1023.0  933.0
4.74  703.0  1023.0  943.0
4.759  650.0  1023.0  978.0
4.759  650.0  1023.0  978.0
4.781  605.0  1023.0  1023.0
4.8  772.0  1023.0  940.0
4.819  704.0  1023.0  951.0
4.84  648.0  1023.0  987.0
4.84  648.0  1023.0  987.0
4.86  600.0  1023.0  1023.0
4.88  766.0  1023.0  947.0
4.9  699.0  1023.0  961.0
4.92  643.0  1023.0  996.0
4.92  643.0  1023.0  996.0
4.94  595.0  1023.0  1023.0
4.96  765.0  1023.0  952.0
4.98  692.0  1023.0  968.0
5.001  643.0  1023.0  1001.0
5.001  643.0  1023.0  1001.0
5.041  730.0  1023.0  918.0
5.06  668.0  1023.0  956.0
5.08  622.0  1023.0  999.0
5.101  581.0  1023.0  1023.0
5.101  581.0  1023.0  1023.0
5.121  751.0  1023.0  962.0
5.14  683.0  1023.0  980.0
5.16  631.0  1023.0  1014.0
5.16  631.0  1023.0  1014.0
5.181  792.0  1023.0  926.0
5.2  719.0  1023.0  935.0
5.22  663.0  1023.0  969.0
5.241  613.0  1023.0  1013.0
5.261  782.0  1023.0  931.0
5.261  782.0  1023.0  931.0
5.28  711.0  1023.0  940.0
5.301  657.0  1023.0  974.0
5.321  606.0  1023.0  1017.0
5.321  606.0  1023.0  1017.0
5.36  707.0  1023.0  946.0
5.381  651.0  1023.0  983.0
5.401  604.0  1023.0  1023.0
5.421  773.0  1023.0  944.0
5.421  773.0  1023.0  944.0
5.441  702.0  1023.0  955.0
5.46  647.0  1023.0  991.0
5.481  600.0  1023.0  1023.0
5.501  765.0  1023.0  950.0
5.501  765.0  1023.0  950.0
5.521  698.0  1023.0  963.0
5.54  644.0  1023.0  996.0
5.561  595.0  1023.0  1023.0
5.581  764.0  1023.0  954.0
5.581  764.0  1023.0  954.0
5.601  692.0  1023.0  970.0
5.621  637.0  1023.0  1005.0
5.642  802.0  1023.0  915.0
5.642  802.0  1023.0  915.0
5.661  725.0  1023.0  921.0
5.681  667.0  1023.0  957.0
5.702  619.0  1023.0  1001.0
5.722  790.0  1023.0  919.0
5.722  790.0  1023.0  919.0
5.761  658.0  1023.0  963.0
5.782  617.0  1023.0  1007.0
5.801  782.0  1023.0  925.0
5.821  711.0  1023.0  934.0
5.821  711.0  1023.0  934.0
5.841  660.0  1023.0  971.0
5.862  609.0  1023.0  1013.0
5.881  779.0  1023.0  933.0
5.881  779.0  1023.0  933.0
5.902  711.0  1023.0  944.0
5.921  653.0  1023.0  978.0
5.942  607.0  1023.0  1020.0
5.962  774.0  1023.0  940.0
5.962  774.0  1023.0  940.0
5.982  702.0  1023.0  950.0
6.001  651.0  1023.0  987.0
6.022  600.0  1023.0  1023.0
6.022  600.0  1023.0  1023.0
6.062  700.0  1023.0  960.0
6.081  643.0  1023.0  994.0
6.103  599.0  1023.0  1023.0
6.122  765.0  1023.0  951.0
6.122  765.0  1023.0  951.0
6.141  694.0  1023.0  966.0
6.163  639.0  1023.0  1001.0
6.182  803.0  1023.0  912.0
6.182  803.0  1023.0  912.0
6.202  725.0  1023.0  915.0
6.221  670.0  1023.0  953.0
6.242  623.0  1023.0  996.0
6.242  623.0  1023.0  996.0
6.262  578.0  1023.0  1023.0
6.282  750.0  1023.0  961.0
6.302  685.0  1023.0  979.0
6.323  629.0  1023.0  1012.0
6.323  629.0  1023.0  1012.0
6.342  792.0  1023.0  927.0
6.363  717.0  1023.0  933.0
6.403  614.0  1023.0  1012.0
6.422  780.0  1023.0  932.0
6.422  780.0  1023.0  932.0
6.443  709.0  1023.0  941.0
6.462  655.0  1023.0  976.0
6.482  607.0  1023.0  1020.0
6.482  607.0  1023.0  1020.0
6.503  774.0  1023.0  940.0
6.522  705.0  1023.0  949.0
6.542  648.0  1023.0  985.0
6.563  602.0  1023.0  1023.0
6.563  602.0  1023.0  1023.0
6.583  770.0  1023.0  946.0
6.602  701.0  1023.0  958.0
