0.0  0.0  469.0  122025.0
0.0  0.0  469.0  122025.0
0.0  0.0  469.0  122025.0
0.0  0.0  469.0  122025.0
0.0  0.0  469.0  122025.0
0.0  0.0  469.0  122025.0
0.0  0.0  469.0  122025.0
0.0  0.0  469.0  122025.0
0.0  0.0  469.0  122025.0
0.0  0.0  469.0  122025.0
0.0  0.0  469.0  122025.0
0.0  0.0  469.0  122025.0
0.0  0.0  469.0  122025.0
0.0  0.0  469.0  122025.0
0.0  0.0  469.0  122025.0
0.0  0.0  469.0  122025.0
0.0  0.0  469.0  122025.0
0.0  0.0  469.0  122025.0
0.0  0.0  469.0  122025.0
0.0  0.0  469.0  122025.0
0.0  0.0  469.0  122025.0
0.0  0.0  469.0  122025.0
0.0  0.0  469.0  122025.0
0.0  0.0  469.0  122025.0
0.0  0.0  469.0  122025.0
0.0  0.0  469.0  122025.0
0.0  0.0  469.0  122025.0
0.0  0.0  469.0  122025.0
0.0  0.0  469.0  122025.0
0.0  0.0  469.0  122025.0
0.0  0.0  469.0  122025.0
0.0  0.0  469.0  122025.0
0.0  0.0  469.0  122025.0
0.0  0.0  469.0  122025.0
0.0  0.0  469.0  122025.0
0.0  0.0  469.0  122025.0
0.0  0.0  469.0  122025.0
0.0  0.0  469.0  122025.0
0.0  0.0  469.0  122025.0
0.0  0.0  469.0  122025.0
0.0  0.0  469.0  122025.0
0.0  0.0  469.0  0.0
0.0  0.0  469.0  2.0
0.0  0.0  469.0  2.0
0.0  0.0  469.0  3.0
0.0  0.0  469.0  9.0
0.0  0.0  469.0  9.0
0.0  0.0  469.0  41.0
0.0  0.0  469.0  58.0
0.0  0.0  469.0  82.0
0.0  0.0  469.0  82.0
0.0  0.0  469.0  108.0
0.0  0.0  469.0  126.0
0.0  0.0  469.0  145.0
0.0  0.0  469.0  163.0
0.0  0.0  469.0  163.0
0.0  0.0  469.0  183.0
0.0  0.0  469.0  210.0
0.0  0.0  469.0  229.0
0.0  0.0  469.0  248.0
0.0  0.0  469.0  248.0
0.0  0.0  469.0  276.0
0.0  0.0  469.0  294.0
0.0  0.0  469.0  314.0
0.0  0.0  469.0  332.0
0.0  0.0  469.0  332.0
0.0  0.0  469.0  351.0
0.0  0.0  469.0  379.0
0.0  0.0  469.0  398.0
0.0  0.0  469.0  398.0
0.0  0.0  469.0  416.0
0.0  0.0  469.0  445.0
0.0  0.0  469.0  463.0
0.0  0.0  469.0  482.0
0.0  0.0  469.0  482.0
0.0  0.0  469.0  510.0
0.0  0.0  469.0  529.0
0.0  0.0  469.0  547.0
0.0  0.0  469.0  547.0
0.0  0.0  469.0  576.0
0.0  0.0  469.0  594.0
0.0  0.0  469.0  613.0
0.0  0.0  469.0  613.0
0.0  0.0  469.0  642.0
0.0  0.0  469.0  660.0
0.0  0.0  469.0  678.0
0.0  0.0  469.0  707.0
0.0  0.0  469.0  707.0
0.0  0.0  469.0  726.0
0.0  0.0  469.0  744.0
0.0  0.0  469.0  744.0
0.0  0.0  469.0  773.0
0.0  0.0  469.0  791.0
0.0  0.0  469.0  809.0
0.0  0.0  469.0  838.0
0.0  0.0  469.0  838.0
0.0  0.0  469.0  857.0
0.0  0.0  469.0  884.0
0.0  0.0  469.0  903.0
0.0  0.0  469.0  950.0
0.0  0.0  469.0  978.0
0.0  0.0  469.0  978.0
0.0  0.0  469.0  997.0
0.0  0.0  469.0  1016.0
0.0  0.0  469.0  1038.0
0.0  0.0  469.0  1058.0
0.0  0.0  469.0  1058.0
0.0  0.0  469.0  1079.0
0.0  0.0  469.0  1099.0
0.0  0.0  469.0  1121.0
0.0  0.0  469.0  1141.0
0.0  0.0  469.0  1141.0
0.0  0.0  469.0  1162.0
0.0  0.0  469.0  1183.0
0.0  0.0  469.0  1204.0
0.0  0.0  469.0  1234.0
0.0  0.0  469.0  1234.0
0.0  0.0  469.0  1256.0
0.0  0.0  469.0  1276.0
0.0  0.0  469.0  1297.0
0.0  0.0  469.0  1297.0
0.0  0.0  469.0  1318.0
0.0  0.0  469.0  1339.0
0.0  0.0  469.0  1359.0
0.0  0.0  469.0  1381.0
0.0  0.0  469.0  1381.0
0.0  0.0  469.0  1401.0
0.0  0.0  469.0  1422.0
0.0  0.0  469.0  1443.0
0.0  0.0  469.0  1464.0
0.0  0.0  469.0  1464.0
0.0  0.0  469.0  1484.0
0.0  0.0  469.0  1506.0
0.0  0.0  470.0  1526.0
0.0  0.0  469.0  1547.0
0.0  0.0  469.0  1547.0
0.0  0.0  469.0  1567.0
0.0  0.0  469.0  1589.0
0.0  0.0  469.0  1609.0
0.0  0.0  469.0  1630.0
0.0  0.0  469.0  1630.0
0.0  0.0  469.0  1651.0
0.0  0.0  469.0  1672.0
0.0  0.0  469.0  1692.0
0.0  0.0  469.0  1692.0
0.0  0.0  469.0  1714.0
0.0  0.0  469.0  1734.0
0.0  0.0  469.0  1755.0
0.0  0.0  469.0  1776.0
0.0  0.0  469.0  1776.0
0.0  0.0  469.0  1807.0
0.0  0.0  469.0  1827.0
0.0  0.0  469.0  1839.0
0.0  0.0  469.0  1859.0
0.0  0.0  469.0  1859.0
0.0  0.0  469.0  1880.0
0.0  0.0  469.0  1900.0
0.0  0.0  469.0  1932.0
0.0  0.0  469.0  1932.0
0.0  0.0  469.0  1952.0
0.0  0.0  469.0  1974.0
0.0  0.0  469.0  1994.0
0.0  0.0  469.0  2015.0
0.0  0.0  469.0  2015.0
0.0  0.0  469.0  2036.0
0.0  0.0  469.0  2057.0
0.0  0.0  469.0  2077.0
0.0  0.0  469.0  2098.0
0.0  0.0  469.0  2098.0
0.0  0.0  469.0  2119.0
0.0  0.0  469.0  2140.0
0.0  0.0  469.0  2160.0
0.0  0.0  469.0  2182.0
0.0  0.0  469.0  2182.0
0.0  0.0  469.0  2202.0
0.0  0.0  469.0  2223.0
0.0  0.0  469.0  2244.0
0.0  0.0  469.0  2265.0
0.0  0.0  469.0  2265.0
0.0  0.0  469.0  2285.0
0.0  0.0  469.0  2307.0
0.0  0.0  469.0  2327.0
0.0  0.0  469.0  2327.0
0.0  0.0  469.0  2348.0
0.0  0.0  469.0  2369.0
0.0  0.0  469.0  2390.0
0.0  0.0  469.0  2410.0
0.0  0.0  469.0  2430.0
0.0  0.0  469.0  2430.0
0.0  0.0  469.0  2452.0
0.0  0.0  469.0  2472.0
0.0  0.0  469.0  2493.0
0.0  0.0  469.0  2493.0
0.0  0.0  469.0  2525.0
0.0  0.0  469.0  2545.0
0.0  0.0  469.0  2566.0
0.0  0.0  469.0  2566.0
0.0  0.0  469.0  2587.0
0.0  0.0  469.0  2618.0
0.0  0.0  469.0  2639.0
0.0  0.0  469.0  2660.0
0.0  0.0  469.0  2660.0
0.0  0.0  469.0  2680.0
0.0  0.0  469.0  2702.0
0.0  0.0  469.0  2722.0
0.0  0.0  469.0  2743.0
0.0  0.0  469.0  2743.0
0.0  0.0  469.0  2763.0
0.0  0.0  469.0  2785.0
0.0  0.0  469.0  2795.0
0.0  0.0  469.0  2826.0
0.0  0.0  469.0  2826.0
0.0  0.0  469.0  2847.0
0.0  0.0  469.0  2868.0
0.0  0.0  469.0  2888.0
0.0  0.0  469.0  2910.0
0.0  0.0  469.0  2910.0
0.0  0.0  469.0  2930.0
0.0  0.0  469.0  2951.0
0.0  0.0  469.0  2972.0
0.0  0.0  469.0  2972.0
0.0  0.0  469.0  2993.0
0.0  0.0  469.0  3013.0
0.0  0.0  469.0  3035.0
0.0  0.0  469.0  3055.0
0.0  0.0  469.0  3076.0
0.0  0.0  469.0  3076.0
0.0  0.0  469.0  3096.0
0.0  0.0  469.0  3118.0
0.0  0.0  469.0  3138.0
0.0  0.0  469.0  3138.0
0.0  0.0  469.0  3159.0
0.0  0.0  469.0  3180.0
0.0  0.0  469.0  3201.0
0.0  0.0  469.0  3221.0
0.0  0.0  469.0  3221.0
0.0  0.0  469.0  3243.0
0.0  0.0  469.0  3273.0
0.0  0.0  469.0  3283.0
0.0  0.0  469.0  3305.0
0.0  0.0  469.0  3305.0
0.0  0.0  469.0  3325.0
0.0  0.0  469.0  3346.0
0.0  0.0  469.0  3367.0
0.0  0.0  469.0  3367.0
0.0  0.0  469.0  3398.0
0.0  0.0  469.0  3419.0
0.0  0.0  469.0  3440.0
0.0  0.0  469.0  3461.0
0.0  0.0  469.0  3461.0
0.0  0.0  469.0  3481.0
0.0  0.0  469.0  3503.0
0.0  0.0  469.0  3523.0
0.0  0.0  469.0  3544.0
0.0  0.0  469.0  3544.0
0.0  0.0  469.0  3564.0
0.0  0.0  469.0  3586.0
0.0  0.0  469.0  3606.0
0.0  0.0  469.0  3606.0
0.0  0.0  469.0  3627.0
0.0  0.0  469.0  3648.0
0.0  0.0  469.0  3668.0
0.0  0.0  469.0  3689.0
0.0  0.0  469.0  3689.0
0.0  0.0  469.0  3710.0
0.0  0.0  469.0  3741.0
0.0  0.0  469.0  3751.0
0.0  0.0  469.0  3773.0
0.0  0.0  469.0  3773.0
0.0  0.0  469.0  3793.0
0.0  0.0  469.0  3814.0
0.0  0.0  469.0  3835.0
0.0  0.0  469.0  3856.0
0.0  0.0  469.0  3856.0
0.0  0.0  469.0  3876.0
0.0  0.0  469.0  3908.0
0.0  0.0  469.0  3929.0
0.0  0.0  469.0  3929.0
0.0  0.0  469.0  3949.0
0.0  0.0  469.0  3971.0
0.0  0.0  469.0  3991.0
0.0  0.0  469.0  4012.0
0.0  0.0  469.0  4012.0
0.0  0.0  469.0  4033.0
0.0  0.0  469.0  4054.0
0.0  0.0  469.0  4074.0
0.0  0.0  469.0  4094.0
0.0  0.0  469.0  4094.0
0.0  0.0  469.0  4116.0
0.0  0.0  469.0  4136.0
0.0  0.0  469.0  4157.0
0.0  0.0  469.0  4157.0
0.0  0.0  469.0  4178.0
0.0  0.0  469.0  4199.0
0.0  0.0  469.0  4219.0
0.0  0.0  469.0  4241.0
0.0  0.0  469.0  4241.0
0.0  0.0  469.0  4261.0
0.0  0.0  469.0  4282.0
0.0  0.0  469.0  4303.0
0.0  0.0  469.0  4324.0
0.0  0.0  469.0  4324.0
0.0  0.0  469.0  4344.0
0.0  0.0  469.0  4366.0
0.0  0.0  469.0  4397.0
0.0  0.0  469.0  4417.0
0.0  0.0  469.0  4417.0
0.0  0.0  469.0  4439.0
0.0  0.0  469.0  4459.0
0.0  0.0  469.0  4480.0
0.0  0.0  469.0  4490.0
0.0  0.0  469.0  4501.0
0.0  0.0  469.0  4521.0
0.0  0.0  469.0  4542.0
0.0  0.0  469.0  4562.0
0.0  0.0  469.0  4562.0
0.0  0.0  469.0  4584.0
0.0  0.0  469.0  4604.0
0.0  0.0  469.0  4625.0
0.0  0.0  469.0  4646.0
0.0  0.0  469.0  4646.0
0.0  0.0  469.0  4667.0
0.0  0.0  469.0  4687.0
0.0  0.0  469.0  4709.0
0.0  0.0  469.0  4729.0
0.0  0.0  469.0  4729.0
0.0  0.0  469.0  4750.0
0.0  0.0  469.0  4771.0
0.0  0.0  469.0  4792.0
0.0  0.0  469.0  4792.0
0.0  0.0  469.0  4812.0
0.0  0.0  469.0  4834.0
0.0  0.0  469.0  4854.0
0.0  0.0  469.0  4875.0
0.0  0.0  469.0  4875.0
0.0  0.0  469.0  4895.0
0.0  0.0  469.0  4927.0
0.0  0.0  469.0  4947.0
0.0  0.0  469.0  4969.0
0.0  0.0  469.0  4969.0
0.0  0.0  469.0  4989.0
0.0  0.0  469.0  5010.0
0.0  0.0  469.0  5031.0
0.0  0.0  469.0  5031.0
0.0  0.0  469.0  5052.0
0.0  0.0  469.0  5072.0
0.0  0.0  469.0  5093.0
0.0  0.0  469.0  5114.0
0.0  0.0  469.0  5114.0
0.0  0.0  469.0  5135.0
0.0  0.0  469.0  5155.0
0.0  0.0  469.0  5177.0
0.0  0.0  469.0  5197.0
0.0  0.0  469.0  5197.0
0.0  0.0  469.0  5218.0
0.0  0.0  469.0  5239.0
0.0  0.0  469.0  5260.0
0.0  0.0  469.0  5260.0
0.0  0.0  469.0  5280.0
0.0  0.0  469.0  5302.0
0.0  0.0  469.0  5322.0
0.0  0.0  469.0  5343.0
0.0  0.0  469.0  5343.0
0.0  0.0  469.0  5364.0
0.0  0.0  469.0  5395.0
0.0  0.0  469.0  5415.0
0.0  0.0  469.0  5415.0
0.0  0.0  469.0  5437.0
0.0  0.0  469.0  5457.0
0.0  0.0  469.0  5478.0
0.0  0.0  469.0  5499.0
0.0  0.0  469.0  5499.0
0.0  0.0  469.0  5520.0
0.0  0.0  469.0  5530.0
0.0  0.0  469.0  5561.0
0.0  0.0  469.0  5582.0
0.0  0.0  469.0  5582.0
0.0  0.0  469.0  5603.0
0.0  0.0  469.0  5623.0
0.0  0.0  469.0  5645.0
0.0  0.0  469.0  5665.0
0.0  0.0  469.0  5665.0
0.0  0.0  469.0  5686.0
0.0  0.0  469.0  5707.0
0.0  0.0  469.0  5728.0
0.0  0.0  469.0  5748.0
0.0  0.0  469.0  5748.0
0.0  0.0  469.0  5770.0
0.0  0.0  469.0  5790.0
0.0  0.0  469.0  5811.0
0.0  0.0  469.0  5832.0
0.0  0.0  469.0  5832.0
0.0  0.0  469.0  5853.0
0.0  0.0  469.0  5873.0
0.0  0.0  469.0  5894.0
0.0  0.0  469.0  5915.0
0.0  0.0  469.0  5915.0
0.0  0.0  469.0  5936.0
0.0  0.0  469.0  5956.0
0.0  0.0  469.0  5978.0
0.0  0.0  469.0  5998.0
0.0  0.0  469.0  5998.0
0.0  0.0  469.0  6019.0
0.0  0.0  469.0  6040.0
0.0  0.0  469.0  6061.0
0.0  0.0  469.0  6081.0
0.0  0.0  469.0  6081.0
0.0  0.0  469.0  6103.0
0.0  0.0  469.0  6123.0
0.0  0.0  469.0  6144.0
0.0  0.0  469.0  6165.0
0.0  0.0  469.0  6165.0
0.0  0.0  469.0  6185.0
0.0  0.0  469.0  6206.0
0.0  0.0  469.0  6226.0
0.0  0.0  469.0  6226.0
0.0  0.0  469.0  6258.0
0.0  0.0  469.0  6268.0
0.0  0.0  469.0  6300.0
0.0  0.0  469.0  6310.0
0.0  0.0  469.0  6331.0
0.0  0.0  469.0  6331.0
0.0  0.0  469.0  6351.0
0.0  0.0  469.0  6373.0
0.0  0.0  469.0  6393.0
0.0  0.0  469.0  6424.0
0.0  0.0  469.0  6424.0
0.0  0.0  469.0  6446.0
0.0  0.0  469.0  6466.0
0.0  0.0  469.0  6487.0
0.0  0.0  469.0  6487.0
0.0  0.0  469.0  6508.0
0.0  0.0  469.0  6529.0
0.0  0.0  469.0  6549.0
0.0  0.0  469.0  6571.0
0.0  0.0  469.0  6571.0
0.0  0.0  469.0  6591.0
0.0  0.0  469.0  6611.0
0.0  0.0  469.0  6633.0
