0.0  1.0  1.0  1.0
0.0  1.0  1.0  1.0
0.0  1.0  1.0  1.0
0.0  1.0  1.0  1.0
0.0  1.0  1.0  1.0
0.0  1.0  1.0  1.0
0.0  1.0  1.0  1.0
0.0  1.0  1.0  1.0
0.0  1.0  1.0  1.0
0.0  1.0  1.0  1.0
0.0  1.0  1.0  1.0
0.0  1.0  1.0  1.0
0.0  1.0  1.0  1.0
0.0  1.0  1.0  1.0
0.0  1.0  1.0  1.0
0.0  1.0  1.0  1.0
0.0  1.0  1.0  1.0
0.0  1.0  1.0  1.0
0.0  1.0  1.0  1.0
0.0  1.0  1.0  1.0
0.0  1.0  1.0  1.0
0.0  1.0  1.0  1.0
0.0  1.0  1.0  1.0
0.0  1.0  1.0  1.0
0.0  1.0  1.0  1.0
0.0  1.0  1.0  1.0
0.0  1.0  1.0  1.0
0.0  1.0  1.0  1.0
0.0  1.0  1.0  1.0
0.0  1.0  1.0  1.0
0.0  1.0  1.0  1.0
0.0  1.0  1.0  1.0
0.0  1.0  1.0  1.0
0.0  1.0  1.0  1.0
0.0  1.0  1.0  1.0
0.0  1.0  1.0  1.0
0.0  1.0  1.0  1.0
0.0  1.0  1.0  1.0
0.0  1.0  1.0  1.0
0.0  1.0  1.0  1.0
0.0  1.0  1.0  1.0
0.0  1.0  1.0  1.0
0.0  1.0  1.0  1.0
0.0  0.0  339.0  1.0
0.0  0.0  339.0  2.0
0.0  0.0  339.0  3.0
0.0  0.0  339.0  3.0
0.0  0.0  339.0  9.0
0.0  0.0  339.0  32.0
0.0  0.0  339.0  58.0
0.0  0.0  339.0  58.0
0.0  0.0  339.0  74.0
0.0  0.0  339.0  99.0
0.0  0.0  339.0  117.0
0.0  0.0  339.0  136.0
0.0  0.0  339.0  154.0
0.0  0.0  339.0  154.0
0.0  0.0  339.0  183.0
0.0  0.0  339.0  201.0
0.0  0.0  339.0  220.0
0.0  0.0  339.0  220.0
0.0  0.0  339.0  248.0
0.0  0.0  339.0  267.0
0.0  0.0  339.0  285.0
0.0  0.0  339.0  285.0
0.0  0.0  339.0  314.0
0.0  0.0  339.0  332.0
0.0  0.0  340.0  351.0
0.0  0.0  339.0  369.0
0.0  0.0  339.0  369.0
0.0  0.0  339.0  398.0
0.0  0.0  339.0  416.0
0.0  0.0  339.0  416.0
0.0  0.0  339.0  445.0
0.0  0.0  339.0  463.0
0.0  0.0  339.0  482.0
0.0  0.0  339.0  510.0
0.0  0.0  339.0  510.0
0.0  0.0  340.0  529.0
0.0  0.0  340.0  547.0
0.0  0.0  340.0  547.0
0.0  0.0  339.0  576.0
0.0  0.0  339.0  594.0
0.0  0.0  339.0  622.0
0.0  0.0  339.0  642.0
0.0  0.0  339.0  642.0
0.0  0.0  339.0  660.0
0.0  0.0  339.0  678.0
0.0  0.0  339.0  707.0
0.0  0.0  339.0  707.0
0.0  0.0  339.0  726.0
0.0  0.0  339.0  753.0
0.0  0.0  339.0  773.0
0.0  0.0  339.0  782.0
0.0  0.0  339.0  791.0
0.0  0.0  339.0  819.0
0.0  0.0  339.0  838.0
0.0  0.0  339.0  893.0
0.0  0.0  339.0  913.0
0.0  0.0  339.0  913.0
0.0  0.0  339.0  950.0
0.0  0.0  339.0  968.0
0.0  0.0  339.0  988.0
0.0  0.0  339.0  988.0
0.0  0.0  339.0  1006.0
0.0  0.0  339.0  1027.0
0.0  0.0  339.0  1048.0
0.0  0.0  339.0  1048.0
0.0  0.0  339.0  1069.0
0.0  0.0  339.0  1089.0
0.0  0.0  339.0  1111.0
0.0  0.0  339.0  1131.0
0.0  0.0  339.0  1131.0
0.0  0.0  339.0  1162.0
0.0  0.0  339.0  1183.0
0.0  0.0  339.0  1204.0
0.0  0.0  339.0  1204.0
0.0  0.0  339.0  1224.0
0.0  0.0  340.0  1234.0
0.0  0.0  339.0  1266.0
0.0  0.0  339.0  1287.0
0.0  0.0  339.0  1287.0
0.0  0.0  339.0  1308.0
0.0  0.0  340.0  1329.0
0.0  0.0  339.0  1349.0
0.0  0.0  339.0  1371.0
0.0  0.0  339.0  1371.0
0.0  0.0  339.0  1391.0
0.0  0.0  339.0  1412.0
0.0  0.0  339.0  1432.0
0.0  0.0  340.0  1454.0
0.0  0.0  340.0  1454.0
0.0  0.0  339.0  1474.0
0.0  0.0  339.0  1495.0
0.0  0.0  339.0  1516.0
0.0  0.0  340.0  1537.0
0.0  0.0  339.0  1557.0
0.0  0.0  339.0  1557.0
0.0  0.0  339.0  1579.0
0.0  0.0  339.0  1599.0
0.0  0.0  339.0  1619.0
0.0  0.0  339.0  1619.0
0.0  0.0  340.0  1641.0
0.0  0.0  339.0  1661.0
0.0  0.0  339.0  1682.0
0.0  0.0  340.0  1703.0
0.0  0.0  340.0  1703.0
0.0  0.0  339.0  1724.0
0.0  0.0  339.0  1744.0
0.0  0.0  339.0  1765.0
0.0  0.0  339.0  1765.0
0.0  0.0  339.0  1786.0
0.0  0.0  339.0  1807.0
0.0  0.0  339.0  1827.0
0.0  0.0  339.0  1849.0
0.0  0.0  339.0  1849.0
0.0  0.0  339.0  1869.0
0.0  0.0  339.0  1900.0
0.0  0.0  339.0  1922.0
0.0  0.0  339.0  1942.0
0.0  0.0  339.0  1942.0
0.0  0.0  339.0  1963.0
0.0  0.0  339.0  1984.0
0.0  0.0  339.0  2004.0
0.0  0.0  339.0  2025.0
0.0  0.0  339.0  2025.0
0.0  0.0  339.0  2046.0
0.0  0.0  339.0  2067.0
0.0  0.0  339.0  2087.0
0.0  0.0  339.0  2087.0
0.0  0.0  339.0  2109.0
0.0  0.0  339.0  2129.0
0.0  0.0  339.0  2150.0
0.0  0.0  339.0  2171.0
0.0  0.0  339.0  2171.0
0.0  0.0  339.0  2192.0
0.0  0.0  339.0  2212.0
0.0  0.0  339.0  2233.0
0.0  0.0  339.0  2254.0
0.0  0.0  339.0  2254.0
0.0  0.0  339.0  2275.0
0.0  0.0  339.0  2295.0
0.0  0.0  340.0  2317.0
0.0  0.0  339.0  2337.0
0.0  0.0  339.0  2337.0
0.0  0.0  339.0  2358.0
0.0  0.0  339.0  2379.0
0.0  0.0  340.0  2400.0
0.0  0.0  340.0  2400.0
0.0  0.0  339.0  2430.0
0.0  0.0  339.0  2452.0
0.0  0.0  339.0  2472.0
0.0  0.0  339.0  2504.0
0.0  0.0  339.0  2504.0
0.0  0.0  339.0  2525.0
0.0  0.0  339.0  2545.0
0.0  0.0  339.0  2566.0
0.0  0.0  339.0  2566.0
0.0  0.0  339.0  2587.0
0.0  0.0  339.0  2608.0
0.0  0.0  339.0  2628.0
0.0  0.0  339.0  2650.0
0.0  0.0  339.0  2650.0
0.0  0.0  339.0  2670.0
0.0  0.0  339.0  2691.0
0.0  0.0  339.0  2712.0
0.0  0.0  339.0  2733.0
0.0  0.0  339.0  2733.0
0.0  0.0  339.0  2763.0
0.0  0.0  339.0  2785.0
0.0  0.0  339.0  2805.0
0.0  0.0  339.0  2805.0
0.0  0.0  339.0  2826.0
0.0  0.0  339.0  2847.0
0.0  0.0  339.0  2868.0
0.0  0.0  339.0  2888.0
0.0  0.0  339.0  2888.0
0.0  0.0  339.0  2910.0
0.0  0.0  339.0  2930.0
0.0  0.0  339.0  2951.0
0.0  0.0  339.0  2972.0
0.0  0.0  339.0  2972.0
0.0  0.0  339.0  2993.0
0.0  0.0  340.0  3013.0
0.0  0.0  339.0  3035.0
0.0  0.0  339.0  3055.0
0.0  0.0  339.0  3055.0
0.0  0.0  339.0  3076.0
0.0  0.0  339.0  3096.0
0.0  0.0  339.0  3118.0
0.0  0.0  339.0  3118.0
0.0  0.0  339.0  3138.0
0.0  0.0  340.0  3159.0
0.0  0.0  340.0  3180.0
0.0  0.0  339.0  3201.0
0.0  0.0  339.0  3201.0
0.0  0.0  339.0  3221.0
0.0  0.0  340.0  3243.0
0.0  0.0  339.0  3273.0
0.0  0.0  339.0  3294.0
0.0  0.0  339.0  3294.0
0.0  0.0  339.0  3315.0
0.0  0.0  339.0  3325.0
0.0  0.0  339.0  3346.0
0.0  0.0  339.0  3378.0
0.0  0.0  339.0  3378.0
0.0  0.0  339.0  3398.0
0.0  0.0  339.0  3419.0
0.0  0.0  339.0  3440.0
0.0  0.0  339.0  3440.0
0.0  0.0  340.0  3461.0
0.0  0.0  339.0  3481.0
0.0  0.0  339.0  3503.0
0.0  0.0  339.0  3523.0
0.0  0.0  339.0  3523.0
0.0  0.0  339.0  3544.0
0.0  0.0  339.0  3564.0
0.0  0.0  339.0  3586.0
0.0  0.0  340.0  3606.0
0.0  0.0  340.0  3606.0
0.0  0.0  339.0  3627.0
0.0  0.0  340.0  3648.0
0.0  0.0  339.0  3668.0
0.0  0.0  339.0  3668.0
0.0  0.0  339.0  3700.0
0.0  0.0  339.0  3721.0
0.0  0.0  339.0  3741.0
0.0  0.0  339.0  3741.0
0.0  0.0  339.0  3762.0
0.0  0.0  339.0  3783.0
0.0  0.0  339.0  3804.0
0.0  0.0  339.0  3824.0
0.0  0.0  339.0  3824.0
0.0  0.0  339.0  3846.0
0.0  0.0  339.0  3866.0
0.0  0.0  339.0  3887.0
0.0  0.0  339.0  3908.0
0.0  0.0  339.0  3908.0
0.0  0.0  339.0  3929.0
0.0  0.0  339.0  3949.0
0.0  0.0  339.0  3971.0
0.0  0.0  339.0  3991.0
