820.589  804.0  208.0  6.0
820.589  804.0  208.0  6.0
820.589  804.0  208.0  6.0
820.589  804.0  208.0  6.0
820.589  804.0  208.0  6.0
820.589  804.0  208.0  6.0
820.589  804.0  208.0  6.0
820.589  804.0  208.0  6.0
820.589  804.0  208.0  6.0
820.589  804.0  208.0  6.0
820.589  804.0  208.0  6.0
820.589  804.0  208.0  6.0
820.589  804.0  208.0  6.0
820.589  804.0  208.0  6.0
820.589  804.0  208.0  6.0
820.589  804.0  208.0  6.0
820.589  804.0  208.0  6.0
820.589  804.0  208.0  6.0
820.589  804.0  208.0  6.0
820.589  804.0  208.0  6.0
820.589  804.0  208.0  6.0
820.589  804.0  208.0  6.0
820.589  804.0  208.0  6.0
820.589  804.0  208.0  6.0
820.589  804.0  208.0  6.0
820.589  804.0  208.0  6.0
820.589  804.0  208.0  6.0
820.589  804.0  208.0  6.0
820.589  804.0  208.0  6.0
820.589  804.0  208.0  6.0
820.589  804.0  208.0  6.0
820.589  804.0  208.0  6.0
820.589  804.0  208.0  6.0
820.589  804.0  208.0  6.0
820.589  804.0  208.0  6.0
820.589  804.0  208.0  6.0
820.589  804.0  208.0  6.0
820.589  804.0  208.0  6.0
820.589  804.0  208.0  6.0
820.589  804.0  208.0  6.0
820.589  804.0  208.0  6.0
0.0  804.0  208.0  6.0
0.0020  804.0  208.0  6.0
0.0020  804.0  208.0  209.0
0.0020  804.0  208.0  6.0
0.012  804.0  208.0  6.0
0.036  804.0  208.0  5.0
0.036  804.0  208.0  5.0
0.062  804.0  209.0  5.0
0.078  804.0  208.0  6.0
0.095  804.0  208.0  5.0
0.121  804.0  208.0  5.0
0.121  804.0  208.0  5.0
0.141  804.0  209.0  5.0
0.159  805.0  209.0  6.0
0.187  804.0  208.0  5.0
0.206  804.0  209.0  5.0
0.206  804.0  209.0  5.0
0.225  804.0  209.0  5.0
0.243  804.0  209.0  6.0
0.272  804.0  208.0  5.0
0.272  804.0  209.0  5.0
0.29  804.0  209.0  5.0
0.309  804.0  209.0  5.0
0.328  804.0  209.0  6.0
0.356  804.0  208.0  6.0
0.356  804.0  209.0  5.0
0.374  804.0  209.0  5.0
0.394  804.0  209.0  6.0
0.421  804.0  208.0  6.0
0.421  804.0  208.0  6.0
0.44  804.0  208.0  5.0
0.459  804.0  208.0  5.0
0.487  804.0  209.0  5.0
0.505  804.0  208.0  6.0
0.505  804.0  208.0  6.0
0.525  804.0  208.0  5.0
0.543  804.0  208.0  5.0
0.571  804.0  209.0  5.0
0.59  804.0  209.0  6.0
0.59  804.0  208.0  5.0
0.609  804.0  208.0  5.0
0.627  804.0  209.0  5.0
0.656  804.0  209.0  5.0
0.656  804.0  208.0  6.0
0.674  804.0  208.0  5.0
0.693  804.0  209.0  5.0
0.72  804.0  209.0  5.0
0.74  804.0  209.0  5.0
0.74  804.0  209.0  6.0
0.758  804.0  208.0  6.0
0.777  804.0  208.0  5.0
0.796  804.0  208.0  5.0
0.796  804.0  210.0  5.0
0.824  804.0  210.0  5.0
0.842  804.0  209.0  6.0
0.862  804.0  209.0  6.0
0.889  804.0  208.0  5.0
0.889  804.0  210.0  5.0
0.908  804.0  209.0  6.0
0.927  804.0  209.0  6.0
0.983  804.0  209.0  5.0
1.002  804.0  209.0  6.0
1.002  804.0  209.0  6.0
1.022  804.0  208.0  5.0
1.043  804.0  209.0  5.0
1.064  804.0  209.0  6.0
1.085  804.0  209.0  6.0
1.085  804.0  209.0  6.0
1.105  804.0  208.0  6.0
1.127  804.0  209.0  5.0
1.147  804.0  209.0  5.0
1.147  804.0  208.0  6.0
1.168  804.0  208.0  6.0
1.2  804.0  208.0  6.0
1.22  804.0  208.0  5.0
1.241  804.0  209.0  5.0
1.241  804.0  209.0  5.0
1.262  804.0  209.0  6.0
1.283  804.0  208.0  5.0
1.303  804.0  208.0  5.0
1.325  804.0  209.0  5.0
1.325  804.0  209.0  5.0
1.345  804.0  210.0  6.0
1.366  804.0  208.0  5.0
1.386  804.0  209.0  5.0
1.408  804.0  209.0  5.0
1.408  804.0  209.0  5.0
1.428  804.0  209.0  6.0
1.448  804.0  208.0  6.0
1.47  804.0  209.0  5.0
1.49  804.0  209.0  5.0
1.49  804.0  209.0  5.0
1.511  804.0  208.0  6.0
1.532  804.0  208.0  6.0
1.553  804.0  208.0  5.0
1.573  804.0  209.0  5.0
1.573  804.0  209.0  5.0
1.595  804.0  208.0  6.0
1.615  804.0  208.0  6.0
1.636  804.0  208.0  5.0
1.636  804.0  208.0  5.0
1.657  804.0  209.0  5.0
1.678  804.0  208.0  6.0
1.698  804.0  208.0  5.0
1.719  804.0  208.0  5.0
1.719  804.0  208.0  5.0
1.74  804.0  208.0  5.0
1.761  804.0  208.0  6.0
1.781  804.0  208.0  5.0
1.813  804.0  208.0  5.0
1.813  804.0  208.0  5.0
1.833  804.0  208.0  5.0
1.844  804.0  209.0  5.0
1.865  804.0  208.0  6.0
1.886  804.0  208.0  5.0
1.886  804.0  209.0  5.0
1.906  804.0  209.0  5.0
1.928  804.0  209.0  5.0
1.948  804.0  208.0  6.0
1.979  804.0  208.0  5.0
1.979  804.0  209.0  5.0
2.0  804.0  209.0  5.0
2.021  804.0  209.0  6.0
2.041  804.0  209.0  6.0
2.041  804.0  208.0  6.0
2.063  804.0  208.0  6.0
2.083  804.0  209.0  5.0
2.104  804.0  209.0  6.0
2.125  804.0  208.0  5.0
2.125  804.0  208.0  5.0
2.146  804.0  208.0  5.0
2.166  804.0  208.0  5.0
2.188  805.0  209.0  6.0
2.208  804.0  208.0  6.0
2.208  804.0  208.0  6.0
2.229  804.0  208.0  5.0
2.249  804.0  209.0  5.0
2.271  804.0  209.0  5.0
2.271  804.0  208.0  6.0
2.291  804.0  208.0  6.0
2.312  804.0  208.0  5.0
2.333  804.0  209.0  5.0
2.354  804.0  208.0  6.0
2.354  804.0  208.0  6.0
2.374  804.0  208.0  5.0
2.396  804.0  208.0  5.0
2.416  804.0  209.0  5.0
2.416  804.0  209.0  6.0
2.447  804.0  208.0  5.0
2.468  804.0  208.0  5.0
2.489  804.0  208.0  5.0
2.509  804.0  209.0  5.0
2.509  804.0  209.0  6.0
2.531  804.0  208.0  6.0
2.562  805.0  208.0  5.0
2.582  804.0  208.0  5.0
2.582  804.0  208.0  5.0
2.604  804.0  324.0  5.0
2.624  804.0  352.0  5.0
2.644  804.0  474.0  5.0
2.666  804.0  474.0  5.0
2.666  804.0  474.0  5.0
2.686  804.0  584.0  4.0
2.707  804.0  660.0  4.0
2.728  804.0  697.0  4.0
2.749  804.0  718.0  6.0
2.749  804.0  718.0  6.0
2.769  804.0  718.0  6.0
2.791  804.0  650.0  8.0
2.811  804.0  510.0  8.0
2.822  804.0  437.0  8.0
2.832  804.0  437.0  8.0
2.853  804.0  403.0  10.0
2.874  804.0  403.0  10.0
2.894  804.0  417.0  9.0
2.915  804.0  484.0  8.0
2.915  804.0  484.0  8.0
2.936  804.0  542.0  9.0
2.957  804.0  542.0  9.0
2.977  804.0  566.0  8.0
2.999  804.0  585.0  8.0
2.999  804.0  585.0  8.0
3.019  804.0  622.0  8.0
3.04  804.0  630.0  7.0
3.061  804.0  630.0  7.0
3.061  804.0  661.0  7.0
3.082  804.0  661.0  7.0
3.102  804.0  630.0  9.0
3.134  804.0  552.0  9.0
3.154  804.0  504.0  10.0
3.154  804.0  504.0  10.0
3.175  804.0  504.0  10.0
3.196  804.0  463.0  10.0
3.217  804.0  448.0  10.0
3.237  804.0  543.0  8.0
3.237  804.0  597.0  8.0
3.259  804.0  597.0  8.0
3.279  804.0  597.0  8.0
3.3  804.0  637.0  7.0
3.321  804.0  664.0  7.0
3.321  804.0  626.0  9.0
3.342  804.0  626.0  9.0
3.362  804.0  626.0  9.0
3.383  804.0  542.0  10.0
3.394  804.0  483.0  9.0
3.404  804.0  483.0  9.0
3.425  804.0  474.0  10.0
3.445  804.0  516.0  9.0
3.467  804.0  589.0  6.0
3.487  804.0  589.0  6.0
3.487  804.0  589.0  6.0
3.508  804.0  647.0  7.0
3.529  804.0  637.0  8.0
3.55  804.0  551.0  9.0
3.55  804.0  461.0  9.0
3.57  804.0  461.0  9.0
3.592  804.0  461.0  9.0
3.622  804.0  453.0  10.0
3.622  804.0  487.0  8.0
3.643  804.0  574.0  6.0
3.664  804.0  574.0  6.0
3.685  804.0  660.0  8.0
3.705  804.0  660.0  8.0
3.705  804.0  649.0  6.0
3.727  804.0  649.0  6.0
3.747  804.0  555.0  8.0
3.768  804.0  459.0  10.0
3.789  804.0  443.0  9.0
3.789  804.0  443.0  9.0
3.81  804.0  443.0  9.0
3.83  804.0  497.0  8.0
3.852  804.0  548.0  7.0
3.872  804.0  601.0  6.0
3.872  804.0  641.0  6.0
3.893  804.0  641.0  6.0
3.913  804.0  641.0  6.0
3.935  804.0  578.0  8.0
3.935  804.0  465.0  9.0
3.955  804.0  437.0  9.0
3.976  804.0  437.0  9.0
3.997  804.0  437.0  9.0
4.018  805.0  444.0  8.0
4.018  805.0  497.0  7.0
4.038  804.0  564.0  6.0
4.06  804.0  564.0  6.0
4.08  804.0  566.0  7.0
4.101  804.0  566.0  7.0
4.101  804.0  501.0  8.0
4.122  804.0  449.0  8.0
4.153  804.0  449.0  8.0
4.163  804.0  443.0  8.0
4.195  804.0  455.0  9.0
4.195  804.0  455.0  9.0
4.215  804.0  490.0  7.0
4.226  804.0  490.0  7.0
4.246  804.0  508.0  7.0
4.246  804.0  527.0  8.0
4.268  804.0  478.0  8.0
4.298  804.0  478.0  8.0
4.32  804.0  478.0  8.0
4.32  804.0  424.0  8.0
4.34  804.0  416.0  9.0
4.361  804.0  465.0  8.0
4.381  804.0  503.0  7.0
4.403  804.0  503.0  7.0
4.403  804.0  503.0  7.0
4.423  804.0  515.0  8.0
4.444  804.0  491.0  8.0
4.465  804.0  446.0  8.0
4.486  804.0  446.0  8.0
4.486  804.0  377.0  9.0
4.506  804.0  377.0  9.0
4.528  804.0  358.0  9.0
4.548  804.0  360.0  8.0
4.569  804.0  360.0  8.0
4.569  804.0  452.0  8.0
4.59  804.0  503.0  8.0
4.621  804.0  503.0  8.0
4.641  804.0  490.0  8.0
4.663  804.0  490.0  8.0
4.663  804.0  421.0  9.0
4.683  804.0  352.0  10.0
4.704  805.0  274.0  9.0
4.714  804.0  274.0  9.0
4.714  804.0  274.0  9.0
4.766  804.0  267.0  9.0
4.766  804.0  272.0  10.0
4.788  804.0  266.0  9.0
4.808  804.0  286.0  9.0
4.808  804.0  286.0  9.0
4.829  804.0  286.0  9.0
4.85  804.0  290.0  10.0
4.871  804.0  286.0  10.0
4.891  804.0  284.0  9.0
4.891  804.0  284.0  9.0
4.912  804.0  279.0  10.0
4.933  804.0  279.0  10.0
4.954  804.0  300.0  10.0
4.954  804.0  300.0  10.0
4.974  804.0  305.0  9.0
4.996  804.0  279.0  10.0
5.016  804.0  279.0  10.0
5.037  804.0  275.0  10.0
5.058  804.0  279.0  9.0
5.058  804.0  279.0  9.0
5.079  804.0  281.0  10.0
5.099  804.0  272.0  10.0
5.131  804.0  268.0  9.0
5.131  804.0  268.0  9.0
5.141  804.0  268.0  9.0
5.172  804.0  262.0  10.0
5.183  804.0  262.0  10.0
5.203  804.0  263.0  9.0
5.203  804.0  263.0  9.0
5.234  804.0  264.0  9.0
5.256  804.0  264.0  9.0
5.276  804.0  258.0  10.0
5.276  804.0  255.0  9.0
5.297  804.0  255.0  9.0
5.318  804.0  269.0  9.0
5.339  804.0  269.0  9.0
5.339  804.0  253.0  10.0
5.359  804.0  253.0  10.0
5.38  804.0  255.0  10.0
5.401  804.0  257.0  9.0
5.422  804.0  260.0  10.0
5.422  804.0  260.0  10.0
5.442  804.0  260.0  9.0
5.464  804.0  260.0  9.0
5.484  804.0  262.0  9.0
5.516  804.0  263.0  10.0
5.516  804.0  286.0  10.0
5.536  804.0  286.0  10.0
5.557  804.0  286.0  10.0
5.577  804.0  297.0  9.0
5.599  804.0  277.0  9.0
5.599  804.0  266.0  10.0
5.619  804.0  264.0  9.0
5.64  804.0  264.0  9.0
5.661  804.0  265.0  9.0
5.661  804.0  265.0  9.0
5.682  804.0  265.0  9.0
5.702  804.0  270.0  10.0
5.724  804.0  286.0  9.0
5.744  804.0  341.0  9.0
5.744  804.0  341.0  9.0
5.765  804.0  341.0  9.0
5.786  804.0  368.0  10.0
5.807  804.0  406.0  9.0
5.827  804.0  417.0  9.0
5.827  804.0  385.0  10.0
5.849  804.0  385.0  10.0
5.869  804.0  327.0  9.0
5.89  804.0  327.0  9.0
5.91  804.0  264.0  9.0
5.91  804.0  261.0  10.0
5.932  804.0  261.0  10.0
5.952  804.0  328.0  9.0
5.972  804.0  328.0  9.0
5.972  804.0  395.0  9.0
5.994  804.0  418.0  9.0
6.025  804.0  418.0  9.0
6.045  804.0  416.0  9.0
6.045  804.0  369.0  9.0
6.067  804.0  289.0  9.0
6.087  804.0  289.0  9.0
6.108  804.0  289.0  9.0
6.129  804.0  255.0  10.0
6.129  804.0  259.0  9.0
6.15  804.0  329.0  9.0
6.17  804.0  380.0  9.0
6.192  804.0  380.0  9.0
6.212  804.0  380.0  9.0
6.212  804.0  397.0  9.0
6.233  804.0  372.0  8.0
6.254  804.0  372.0  8.0
6.275  804.0  284.0  9.0
6.295  804.0  251.0  9.0
6.295  804.0  251.0  9.0
6.317  804.0  250.0  9.0
6.337  804.0  250.0  9.0
6.358  804.0  254.0  9.0
6.378  804.0  367.0  9.0
6.378  804.0  396.0  8.0
6.4  804.0  396.0  8.0
6.42  804.0  396.0  8.0
6.44  804.0  380.0  9.0
6.462  804.0  340.0  9.0
6.462  804.0  260.0  9.0
6.482  804.0  255.0  9.0
6.503  804.0  255.0  9.0
6.524  804.0  255.0  9.0
6.545  804.0  254.0  9.0
6.545  804.0  366.0  8.0
6.565  804.0  427.0  8.0
6.597  804.0  427.0  8.0
6.618  804.0  404.0  9.0
6.618  804.0  347.0  9.0
6.628  804.0  347.0  9.0
6.649  804.0  267.0  9.0
6.68  804.0  267.0  9.0
6.701  804.0  255.0  9.0
6.701  804.0  253.0  9.0
6.722  804.0  253.0  9.0
6.743  804.0  366.0  8.0
6.763  804.0  366.0  8.0
6.763  804.0  386.0  9.0
6.785  804.0  380.0  9.0
6.805  804.0  336.0  8.0
6.825  804.0  336.0  8.0
6.847  804.0  336.0  8.0
6.847  804.0  264.0  9.0
6.867  804.0  257.0  10.0
6.888  804.0  257.0  9.0
6.908  804.0  255.0  9.0
6.93  804.0  255.0  9.0
6.93  804.0  255.0  9.0
6.971  804.0  253.0  9.0
6.971  804.0  253.0  9.0
6.992  804.0  370.0  8.0
7.013  804.0  371.0  9.0
7.033  805.0  371.0  9.0
7.033  805.0  300.0  9.0
7.065  804.0  300.0  9.0
7.086  804.0  255.0  9.0
7.096  804.0  254.0  9.0
7.117  804.0  254.0  9.0
7.117  804.0  255.0  9.0
7.138  804.0  255.0  9.0
7.158  804.0  255.0  8.0
7.19  804.0  363.0  9.0
7.211  804.0  363.0  9.0
7.211  804.0  368.0  9.0
7.231  804.0  349.0  8.0
7.252  804.0  284.0  8.0
7.273  804.0  284.0  8.0
7.293  804.0  284.0  8.0
7.293  804.0  260.0  9.0
7.315  804.0  259.0  9.0
7.335  804.0  259.0  8.0
7.356  804.0  259.0  8.0
7.376  804.0  260.0  9.0
7.376  804.0  358.0  9.0
7.398  804.0  358.0  9.0
7.418  804.0  358.0  9.0
7.439  804.0  381.0  9.0
7.46  804.0  358.0  9.0
7.46  804.0  284.0  9.0
7.481  804.0  284.0  9.0
7.501  804.0  284.0  9.0
7.523  804.0  260.0  9.0
7.523  804.0  259.0  9.0
7.543  804.0  259.0  10.0
7.564  804.0  259.0  9.0
7.585  804.0  259.0  9.0
7.606  804.0  259.0  9.0
7.606  804.0  259.0  8.0
7.626  804.0  362.0  9.0
7.648  804.0  379.0  8.0
7.668  804.0  379.0  8.0
7.689  804.0  353.0  8.0
7.689  804.0  353.0  8.0
7.709  804.0  264.0  9.0
7.731  804.0  264.0  9.0
7.751  804.0  262.0  9.0
7.772  804.0  264.0  8.0
7.772  804.0  263.0  9.0
7.793  804.0  364.0  9.0
7.824  804.0  364.0  9.0
7.845  804.0  364.0  9.0
7.845  804.0  393.0  8.0
7.866  804.0  385.0  9.0
7.886  804.0  288.0  9.0
7.897  804.0  288.0  9.0
7.918  804.0  265.0  8.0
7.918  804.0  265.0  8.0
7.939  804.0  267.0  8.0
7.959  804.0  267.0  9.0
7.991  804.0  267.0  9.0
8.011  804.0  270.0  8.0
8.011  804.0  391.0  8.0
8.032  804.0  391.0  8.0
8.053  804.0  428.0  9.0
8.074  804.0  428.0  9.0
8.084  804.0  357.0  9.0
8.094  804.0  267.0  8.0
8.116  804.0  270.0  9.0
8.136  804.0  270.0  9.0
8.157  804.0  270.0  9.0
8.178  804.0  270.0  9.0
8.178  804.0  268.0  8.0
8.199  804.0  400.0  9.0
8.219  804.0  400.0  9.0
8.24  804.0  450.0  9.0
8.24  804.0  368.0  8.0
8.261  804.0  368.0  8.0
8.282  804.0  271.0  9.0
8.302  804.0  271.0  9.0
8.324  804.0  270.0  10.0
8.324  804.0  269.0  9.0
8.344  804.0  269.0  9.0
8.365  804.0  269.0  9.0
8.386  804.0  269.0  9.0
8.407  804.0  270.0  9.0
8.407  804.0  331.0  9.0
8.427  804.0  324.0  9.0
8.449  804.0  279.0  9.0
8.469  804.0  279.0  9.0
8.489  804.0  279.0  9.0
8.489  804.0  271.0  9.0
8.511  804.0  272.0  8.0
8.531  804.0  272.0  8.0
8.552  804.0  273.0  9.0
8.572  804.0  272.0  10.0
8.572  804.0  272.0  10.0
8.594  804.0  270.0  8.0
8.625  804.0  270.0  8.0
8.646  804.0  272.0  9.0
8.667  804.0  274.0  10.0
8.667  804.0  273.0  9.0
8.687  804.0  273.0  9.0
8.697  804.0  273.0  9.0
8.719  804.0  274.0  9.0
8.719  804.0  271.0  9.0
8.739  804.0  269.0  9.0
8.77  804.0  269.0  8.0
8.792  804.0  269.0  8.0
8.812  804.0  269.0  8.0
8.812  804.0  270.0  9.0
8.833  804.0  265.0  9.0
8.854  804.0  267.0  8.0
8.875  804.0  267.0  8.0
8.895  804.0  267.0  9.0
8.895  804.0  267.0  9.0
8.916  804.0  268.0  10.0
8.937  804.0  266.0  9.0
8.957  804.0  266.0  9.0
8.957  804.0  266.0  9.0
8.979  804.0  263.0  10.0
8.999  804.0  263.0  10.0
9.02  804.0  266.0  9.0
9.04  804.0  266.0  9.0
9.04  804.0  263.0  9.0
9.062  804.0  264.0  10.0
9.082  804.0  261.0  9.0
9.114  804.0  261.0  9.0
9.135  804.0  261.0  9.0
9.135  804.0  260.0  8.0
9.155  804.0  259.0  10.0
9.177  804.0  258.0  9.0
9.187  804.0  255.0  9.0
9.207  804.0  255.0  9.0
9.207  804.0  255.0  9.0
9.238  804.0  258.0  9.0
9.26  804.0  258.0  10.0
9.28  804.0  258.0  10.0
9.28  804.0  257.0  8.0
9.3  804.0  262.0  9.0
9.322  804.0  262.0  9.0
9.342  804.0  261.0  10.0
9.363  804.0  261.0  9.0
9.363  804.0  261.0  9.0
9.384  804.0  258.0  9.0
9.405  804.0  256.0  10.0
9.425  804.0  256.0  10.0
9.447  804.0  257.0  9.0
9.447  804.0  257.0  9.0
9.467  804.0  260.0  9.0
9.488  804.0  256.0  10.0
9.509  804.0  256.0  9.0
9.53  804.0  256.0  9.0
9.53  804.0  256.0  9.0
9.55  804.0  258.0  8.0
9.571  804.0  253.0  9.0
9.592  804.0  254.0  9.0
9.592  804.0  254.0  9.0
9.613  804.0  255.0  9.0
9.633  804.0  255.0  9.0
9.655  804.0  253.0  10.0
9.675  804.0  244.0  10.0
9.675  804.0  244.0  10.0
9.696  805.0  245.0  8.0
9.717  804.0  246.0  9.0
9.738  804.0  246.0  9.0
9.758  804.0  245.0  10.0
9.758  804.0  245.0  10.0
9.78  804.0  245.0  9.0
9.8  804.0  248.0  8.0
9.831  804.0  248.0  10.0
9.852  804.0  248.0  10.0
9.852  804.0  248.0  10.0
9.873  804.0  248.0  9.0
9.893  804.0  246.0  9.0
9.915  804.0  247.0  10.0
9.915  804.0  245.0  9.0
9.935  804.0  245.0  9.0
9.956  804.0  245.0  9.0
9.977  804.0  246.0  9.0
9.998  804.0  245.0  10.0
9.998  804.0  245.0  10.0
10.019  804.0  244.0  10.0
10.031  804.0  245.0  9.0
10.054  804.0  245.0  9.0
10.077  804.0  247.0  10.0
10.077  804.0  247.0  10.0
10.099  804.0  245.0  10.0
10.123  804.0  245.0  9.0
10.145  804.0  246.0  9.0
10.168  804.0  246.0  9.0
10.168  804.0  246.0  9.0
10.18  804.0  244.0  10.0
10.203  804.0  245.0  9.0
10.225  804.0  246.0  9.0
10.249  804.0  247.0  10.0
10.249  804.0  247.0  10.0
10.271  804.0  247.0  10.0
10.294  804.0  246.0  9.0
10.305  804.0  245.0  8.0
10.305  804.0  245.0  9.0
10.329  804.0  245.0  9.0
10.351  804.0  243.0  9.0
10.375  804.0  243.0  9.0
10.397  804.0  246.0  8.0
10.397  804.0  245.0  9.0
10.42  804.0  245.0  9.0
10.443  804.0  244.0  10.0
10.455  804.0  245.0  9.0
10.477  804.0  245.0  9.0
10.477  804.0  245.0  9.0
10.5  804.0  245.0  9.0
10.523  804.0  246.0  10.0
10.546  804.0  245.0  9.0
10.568  804.0  245.0  9.0
10.568  804.0  244.0  9.0
10.592  804.0  244.0  9.0
10.603  804.0  244.0  10.0
10.626  804.0  243.0  9.0
10.626  804.0  242.0  9.0
10.649  804.0  240.0  10.0
10.672  804.0  240.0  10.0
10.694  804.0  240.0  10.0
10.718  804.0  243.0  9.0
10.718  804.0  244.0  9.0
10.729  804.0  244.0  9.0
10.752  804.0  243.0  9.0
10.775  804.0  243.0  10.0
10.798  804.0  243.0  10.0
10.798  804.0  244.0  8.0
10.82  804.0  244.0  8.0
10.844  804.0  244.0  9.0
10.866  804.0  244.0  10.0
10.877  804.0  244.0  8.0
10.877  804.0  244.0  8.0
10.9  804.0  244.0  8.0
10.924  804.0  245.0  9.0
10.946  804.0  244.0  10.0
10.946  804.0  243.0  9.0
10.969  804.0  244.0  9.0
10.992  804.0  244.0  9.0
11.003  804.0  244.0  10.0
11.026  804.0  244.0  10.0
11.026  804.0  246.0  9.0
11.049  804.0  246.0  9.0
11.072  804.0  246.0  9.0
11.095  804.0  249.0  10.0
11.118  804.0  249.0  10.0
11.118  804.0  250.0  10.0
11.141  805.0  250.0  10.0
11.152  804.0  251.0  9.0
11.175  804.0  248.0  10.0
11.198  804.0  250.0  10.0
11.198  804.0  250.0  10.0
11.22  804.0  253.0  9.0
11.244  804.0  253.0  9.0
11.267  804.0  254.0  10.0
11.289  804.0  254.0  10.0
11.289  804.0  250.0  9.0
11.3  804.0  250.0  9.0
11.324  804.0  252.0  9.0
11.346  804.0  252.0  9.0
11.369  804.0  250.0  10.0
11.369  804.0  255.0  9.0
11.393  804.0  255.0  9.0
11.404  804.0  256.0  9.0
11.426  804.0  256.0  9.0
11.45  804.0  256.0  9.0
11.45  804.0  254.0  8.0
11.472  804.0  254.0  8.0
11.495  804.0  256.0  8.0
11.518  804.0  249.0  9.0
11.518  804.0  248.0  9.0
11.541  804.0  248.0  9.0
11.564  804.0  248.0  9.0
11.576  804.0  249.0  8.0
11.598  804.0  250.0  9.0
11.598  804.0  249.0  9.0
11.621  804.0  249.0  9.0
11.644  804.0  249.0  9.0
11.667  804.0  251.0  8.0
11.678  804.0  250.0  9.0
11.678  804.0  252.0  10.0
11.701  804.0  252.0  8.0
11.724  804.0  252.0  8.0
11.747  804.0  252.0  8.0
11.769  804.0  251.0  8.0
11.769  804.0  246.0  10.0
11.793  804.0  245.0  9.0
11.804  804.0  245.0  9.0
11.827  804.0  247.0  8.0
11.827  804.0  247.0  8.0
11.85  804.0  247.0  10.0
11.873  804.0  247.0  10.0
11.895  804.0  244.0  9.0
11.919  804.0  247.0  8.0
11.919  804.0  247.0  9.0
11.941  804.0  247.0  9.0
11.953  804.0  247.0  9.0
11.976  804.0  246.0  9.0
11.999  804.0  247.0  8.0
11.999  804.0  248.0  9.0
12.021  804.0  248.0  9.0
12.045  804.0  248.0  9.0
12.067  804.0  246.0  8.0
12.09  804.0  246.0  8.0
12.09  804.0  248.0  8.0
12.101  804.0  248.0  9.0
12.125  804.0  248.0  9.0
12.147  804.0  248.0  9.0
12.171  804.0  248.0  9.0
12.171  804.0  248.0  9.0
12.193  804.0  248.0  9.0
12.216  804.0  248.0  9.0
12.227  804.0  248.0  9.0
12.251  804.0  252.0  8.0
12.251  804.0  252.0  9.0
12.273  804.0  252.0  9.0
12.296  804.0  251.0  9.0
12.319  804.0  251.0  9.0
12.331  804.0  251.0  8.0
12.331  804.0  251.0  9.0
12.353  804.0  251.0  9.0
12.377  804.0  251.0  9.0
12.399  804.0  250.0  9.0
12.422  804.0  250.0  8.0
12.422  804.0  251.0  8.0
12.445  804.0  251.0  9.0
12.468  804.0  251.0  9.0
12.479  804.0  250.0  8.0
12.502  804.0  250.0  8.0
12.502  804.0  248.0  8.0
12.525  804.0  253.0  9.0
12.548  804.0  253.0  9.0
12.571  804.0  252.0  9.0
12.571  804.0  252.0  9.0
12.582  804.0  248.0  8.0
12.605  804.0  248.0  8.0
12.627  804.0  252.0  9.0
12.651  804.0  250.0  9.0
12.651  804.0  252.0  8.0
12.674  804.0  252.0  8.0
12.696  804.0  252.0  8.0
12.708  804.0  251.0  9.0
12.742  804.0  249.0  9.0
12.742  804.0  249.0  8.0
12.753  804.0  250.0  9.0
12.777  804.0  250.0  9.0
12.8  804.0  250.0  9.0
12.8  804.0  248.0  9.0
12.822  804.0  248.0  8.0
12.846  804.0  250.0  8.0
12.857  805.0  250.0  8.0
12.879  804.0  249.0  9.0
12.879  804.0  249.0  9.0
12.903  804.0  250.0  8.0
12.925  804.0  251.0  8.0
12.948  804.0  251.0  8.0
12.972  804.0  250.0  9.0
12.972  804.0  248.0  9.0
12.994  804.0  248.0  9.0
13.005  804.0  249.0  8.0
13.028  804.0  249.0  8.0
13.051  804.0  250.0  9.0
13.051  804.0  248.0  9.0
13.074  804.0  249.0  8.0
13.096  804.0  249.0  8.0
13.12  804.0  249.0  8.0
13.12  804.0  249.0  9.0
13.131  804.0  248.0  9.0
13.165  804.0  249.0  8.0
13.177  804.0  250.0  8.0
13.2  804.0  250.0  8.0
13.2  804.0  249.0  9.0
13.222  804.0  249.0  9.0
13.246  804.0  250.0  8.0
13.268  804.0  250.0  8.0
13.268  804.0  250.0  8.0
13.291  804.0  249.0  9.0
13.315  804.0  249.0  9.0
13.337  804.0  250.0  9.0
13.348  804.0  250.0  8.0
13.348  804.0  250.0  8.0
13.372  804.0  251.0  9.0
13.394  804.0  250.0  9.0
13.417  804.0  250.0  8.0
13.417  804.0  250.0  8.0
13.441  804.0  250.0  8.0
13.463  804.0  251.0  9.0
13.486  804.0  250.0  9.0
13.497  804.0  250.0  8.0
13.497  804.0  250.0  8.0
13.52  804.0  250.0  8.0
13.543  804.0  250.0  8.0
13.565  804.0  248.0  9.0
13.589  804.0  247.0  8.0
13.589  804.0  247.0  8.0
13.612  804.0  248.0  8.0
13.635  804.0  249.0  10.0
13.646  804.0  249.0  10.0
13.669  804.0  249.0  9.0
13.669  804.0  249.0  9.0
13.691  804.0  251.0  8.0
13.715  804.0  250.0  9.0
13.737  804.0  250.0  9.0
13.737  804.0  250.0  9.0
13.76  804.0  250.0  9.0
13.772  804.0  250.0  9.0
13.806  804.0  251.0  9.0
13.817  804.0  251.0  9.0
13.817  804.0  251.0  9.0
13.841  804.0  251.0  8.0
13.863  804.0  251.0  8.0
13.886  804.0  253.0  9.0
13.91  804.0  252.0  10.0
13.91  804.0  252.0  10.0
13.921  804.0  252.0  8.0
13.943  804.0  253.0  8.0
13.966  804.0  252.0  9.0
13.989  804.0  252.0  9.0
13.989  804.0  252.0  9.0
14.012  804.0  252.0  8.0
14.035  804.0  253.0  8.0
14.047  804.0  253.0  10.0
14.069  804.0  253.0  10.0
14.069  804.0  253.0  10.0
14.092  804.0  251.0  9.0
14.115  804.0  252.0  8.0
14.138  804.0  253.0  9.0
14.149  804.0  252.0  9.0
14.149  804.0  252.0  9.0
14.173  804.0  252.0  9.0
14.195  804.0  253.0  8.0
14.218  804.0  253.0  9.0
14.241  804.0  252.0  10.0
14.241  804.0  252.0  10.0
14.264  804.0  252.0  8.0
14.286  804.0  252.0  8.0
14.298  804.0  253.0  8.0
14.332  804.0  253.0  10.0
14.332  804.0  250.0  9.0
14.344  804.0  250.0  9.0
14.367  804.0  252.0  8.0
14.39  804.0  252.0  8.0
14.39  804.0  251.0  9.0
14.412  804.0  251.0  9.0
14.424  804.0  252.0  9.0
14.447  804.0  252.0  8.0
14.47  804.0  252.0  9.0
14.47  804.0  252.0  9.0
14.492  804.0  252.0  9.0
14.516  804.0  251.0  9.0
14.538  804.0  252.0  8.0
14.561  804.0  252.0  9.0
14.561  804.0  251.0  9.0
14.573  804.0  251.0  9.0
14.596  804.0  251.0  9.0
14.618  804.0  252.0  8.0
14.642  804.0  252.0  8.0
14.642  804.0  252.0  9.0
14.664  804.0  252.0  9.0
14.675  804.0  252.0  8.0
14.698  804.0  252.0  8.0
14.722  804.0  253.0  8.0
14.722  804.0  252.0  9.0
14.744  804.0  252.0  9.0
14.768  804.0  252.0  9.0
14.79  804.0  252.0  9.0
14.813  804.0  253.0  8.0
14.813  804.0  252.0  9.0
14.824  804.0  252.0  9.0
14.848  804.0  252.0  9.0
14.87  804.0  252.0  8.0
14.893  804.0  253.0  9.0
14.893  804.0  253.0  9.0
14.905  804.0  253.0  9.0
14.927  804.0  252.0  9.0
14.95  804.0  252.0  8.0
14.973  804.0  252.0  8.0
14.973  804.0  252.0  8.0
14.996  804.0  252.0  8.0
15.019  804.0  252.0  9.0
15.042  804.0  251.0  8.0
15.053  804.0  253.0  8.0
15.053  804.0  252.0  9.0
15.076  804.0  252.0  9.0
15.099  804.0  252.0  9.0
15.122  804.0  251.0  9.0
15.144  804.0  251.0  8.0
15.144  804.0  251.0  9.0
15.168  804.0  251.0  9.0
15.191  804.0  250.0  9.0
15.202  804.0  250.0  9.0
15.202  804.0  251.0  8.0
15.224  804.0  251.0  9.0
15.248  804.0  251.0  9.0
15.27  804.0  250.0  9.0
15.293  804.0  251.0  8.0
15.293  804.0  251.0  8.0
15.316  804.0  252.0  9.0
15.339  804.0  252.0  9.0
15.362  804.0  251.0  9.0
15.374  804.0  251.0  8.0
15.374  804.0  252.0  8.0
15.396  804.0  252.0  8.0
15.419  804.0  252.0  8.0
15.442  804.0  251.0  9.0
15.465  804.0  251.0  8.0
15.465  804.0  251.0  8.0
15.476  804.0  252.0  9.0
15.5  804.0  252.0  9.0
15.522  804.0  252.0  9.0
15.545  804.0  251.0  9.0
15.545  804.0  252.0  8.0
15.568  804.0  253.0  9.0
15.591  804.0  253.0  9.0
15.613  804.0  252.0  9.0
15.613  804.0  252.0  9.0
15.625  804.0  253.0  8.0
15.648  804.0  253.0  8.0
15.671  804.0  253.0  9.0
15.693  805.0  251.0  10.0
15.717  804.0  252.0  8.0
15.717  804.0  252.0  8.0
15.739  804.0  254.0  8.0
15.751  804.0  254.0  8.0
15.774  804.0  253.0  10.0
15.774  804.0  253.0  9.0
15.797  804.0  253.0  8.0
15.819  804.0  253.0  8.0
15.843  804.0  253.0  8.0
15.865  804.0  252.0  10.0
15.865  804.0  252.0  9.0
15.888  804.0  254.0  8.0
15.9  804.0  253.0  9.0
15.923  804.0  253.0  9.0
15.945  804.0  253.0  9.0
15.945  804.0  253.0  9.0
15.969  804.0  252.0  8.0
15.991  804.0  254.0  9.0
16.003  804.0  254.0  9.0
16.025  804.0  253.0  9.0
16.025  804.0  253.0  9.0
16.049  804.0  253.0  8.0
16.071  804.0  254.0  9.0
16.094  804.0  254.0  9.0
16.094  804.0  254.0  9.0
16.117  804.0  254.0  9.0
16.129  804.0  254.0  9.0
16.151  804.0  257.0  8.0
16.175  804.0  257.0  8.0
16.175  804.0  255.0  10.0
16.197  804.0  255.0  9.0
16.22  804.0  255.0  9.0
16.243  804.0  256.0  8.0
16.266  804.0  256.0  8.0
16.266  804.0  256.0  9.0
16.277  804.0  254.0  9.0
16.301  804.0  255.0  8.0
16.323  804.0  255.0  8.0
16.346  804.0  255.0  8.0
16.346  804.0  255.0  9.0
16.369  804.0  255.0  9.0
16.392  804.0  255.0  8.0
16.414  804.0  256.0  9.0
16.425  804.0  256.0  9.0
16.425  804.0  256.0  9.0
16.449  804.0  255.0  9.0
16.472  804.0  255.0  8.0
16.494  804.0  256.0  8.0
16.506  804.0  256.0  8.0
16.506  804.0  256.0  9.0
16.54  804.0  256.0  9.0
16.551  804.0  256.0  9.0
16.575  804.0  256.0  9.0
16.575  804.0  256.0  8.0
16.598  804.0  256.0  9.0
16.62  804.0  255.0  9.0
16.644  804.0  255.0  9.0
16.666  804.0  255.0  9.0
16.666  804.0  255.0  8.0
16.689  804.0  255.0  9.0
16.701  804.0  255.0  9.0
16.723  804.0  256.0  8.0
16.746  804.0  256.0  8.0
16.746  804.0  256.0  8.0
16.77  804.0  255.0  9.0
16.792  804.0  253.0  9.0
16.815  804.0  254.0  8.0
16.815  804.0  254.0  8.0
16.826  804.0  255.0  8.0
16.849  804.0  254.0  9.0
16.872  804.0  254.0  9.0
16.894  804.0  255.0  9.0
16.894  804.0  255.0  9.0
16.918  804.0  256.0  8.0
16.941  804.0  256.0  9.0
16.964  804.0  256.0  9.0
16.975  804.0  256.0  9.0
16.975  804.0  256.0  9.0
16.998  804.0  256.0  8.0
17.02  804.0  256.0  9.0
17.044  804.0  255.0  9.0
17.067  804.0  256.0  8.0
17.067  804.0  256.0  8.0
17.089  804.0  256.0  8.0
17.113  804.0  256.0  9.0
17.124  804.0  259.0  9.0
17.146  804.0  257.0  8.0
17.146  804.0  257.0  8.0
17.17  804.0  257.0  8.0
17.192  804.0  258.0  9.0
17.215  804.0  259.0  10.0
17.239  804.0  257.0  8.0
17.239  804.0  257.0  8.0
17.25  804.0  259.0  8.0
17.272  804.0  259.0  8.0
17.296  804.0  258.0  10.0
17.318  804.0  257.0  9.0
17.318  804.0  257.0  9.0
17.341  804.0  258.0  8.0
17.352  804.0  259.0  9.0
17.376  804.0  259.0  9.0
17.376  804.0  259.0  9.0
17.398  804.0  259.0  9.0
17.421  804.0  260.0  8.0
17.444  804.0  259.0  9.0
17.467  804.0  257.0  9.0
17.467  804.0  257.0  9.0
17.489  804.0  257.0  9.0
17.502  804.0  258.0  8.0
17.524  804.0  259.0  9.0
17.547  804.0  256.0  9.0
17.547  804.0  256.0  8.0
17.57  804.0  256.0  8.0
17.593  804.0  256.0  8.0
17.615  804.0  260.0  9.0
17.627  804.0  258.0  9.0
17.627  804.0  257.0  8.0
17.65  804.0  257.0  8.0
17.673  804.0  257.0  8.0
17.696  804.0  259.0  8.0
17.719  804.0  257.0  9.0
17.719  804.0  257.0  9.0
17.741  804.0  257.0  9.0
17.765  804.0  257.0  8.0
17.776  804.0  257.0  9.0
17.799  804.0  257.0  9.0
17.799  804.0  257.0  9.0
17.821  804.0  257.0  9.0
17.845  804.0  257.0  8.0
17.867  804.0  258.0  9.0
17.879  804.0  258.0  9.0
17.879  804.0  257.0  9.0
17.902  804.0  257.0  9.0
17.925  804.0  256.0  8.0
17.947  804.0  256.0  9.0
17.947  804.0  257.0  9.0
17.971  804.0  256.0  8.0
17.993  804.0  256.0  8.0
18.016  804.0  256.0  8.0
18.028  804.0  257.0  8.0
18.028  804.0  258.0  10.0
18.051  804.0  256.0  9.0
18.073  804.0  256.0  9.0
18.097  804.0  256.0  9.0
18.119  804.0  256.0  8.0
18.119  804.0  258.0  9.0
18.142  804.0  257.0  9.0
18.153  804.0  257.0  9.0
18.188  804.0  258.0  8.0
18.188  804.0  258.0  8.0
18.199  804.0  258.0  9.0
18.222  804.0  256.0  9.0
18.245  804.0  256.0  9.0
18.268  804.0  256.0  8.0
18.268  804.0  255.0  9.0
18.29  804.0  255.0  9.0
18.302  804.0  255.0  9.0
18.336  804.0  254.0  9.0
18.348  804.0  255.0  8.0
18.348  804.0  256.0  9.0
18.371  804.0  254.0  9.0
18.394  804.0  254.0  9.0
18.416  804.0  254.0  9.0
18.428  804.0  254.0  8.0
18.428  804.0  254.0  8.0
18.462  804.0  254.0  10.0
18.473  804.0  254.0  10.0
18.497  804.0  253.0  9.0
18.52  804.0  253.0  9.0
18.52  804.0  254.0  8.0
18.542  804.0  254.0  9.0
18.566  805.0  254.0  9.0
18.577  804.0  254.0  9.0
18.577  804.0  255.0  8.0
18.611  804.0  255.0  8.0
18.622  804.0  256.0  9.0
18.646  804.0  256.0  9.0
18.668  804.0  254.0  9.0
18.668  804.0  254.0  8.0
18.691  804.0  254.0  8.0
18.714  804.0  254.0  8.0
18.737  804.0  254.0  8.0
18.748  804.0  253.0  10.0
18.748  804.0  255.0  9.0
18.771  804.0  256.0  8.0
18.794  804.0  255.0  10.0
18.817  804.0  255.0  10.0
18.84  804.0  255.0  10.0
18.84  804.0  254.0  9.0
18.851  804.0  256.0  8.0
18.874  804.0  256.0  9.0
18.897  804.0  256.0  9.0
18.92  804.0  255.0  9.0
18.92  804.0  255.0  9.0
18.942  804.0  256.0  8.0
18.966  804.0  258.0  9.0
18.989  804.0  258.0  9.0
18.989  804.0  256.0  9.0
19.0  804.0  256.0  8.0
19.022  804.0  256.0  8.0
19.046  804.0  256.0  9.0
19.068  804.0  256.0  9.0
19.068  804.0  254.0  10.0
19.091  804.0  254.0  8.0
19.115  804.0  254.0  8.0
19.137  804.0  253.0  9.0
19.148  804.0  253.0  9.0
19.148  804.0  253.0  9.0
19.172  804.0  254.0  9.0
19.194  804.0  253.0  8.0
19.217  804.0  252.0  9.0
19.24  804.0  252.0  9.0
19.24  804.0  252.0  9.0
19.263  804.0  251.0  9.0
19.274  804.0  253.0  8.0
19.298  804.0  254.0  9.0
19.32  804.0  254.0  9.0
19.32  804.0  255.0  9.0
19.343  804.0  255.0  9.0
19.366  804.0  255.0  8.0
19.378  804.0  255.0  8.0
19.411  804.0  256.0  9.0
19.411  804.0  253.0  9.0
19.423  804.0  255.0  8.0
19.446  804.0  255.0  8.0
19.469  804.0  255.0  8.0
19.469  804.0  255.0  8.0
19.492  804.0  254.0  9.0
19.515  804.0  252.0  8.0
19.526  804.0  255.0  8.0
19.549  804.0  255.0  8.0
19.572  804.0  255.0  8.0
19.572  804.0  255.0  9.0
19.595  804.0  252.0  9.0
19.617  804.0  253.0  8.0
19.641  804.0  253.0  8.0
19.641  804.0  255.0  9.0
19.652  804.0  255.0  9.0
19.675  804.0  254.0  9.0
19.698  804.0  255.0  8.0
19.721  804.0  255.0  8.0
19.721  804.0  255.0  9.0
19.743  804.0  254.0  9.0
19.767  804.0  254.0  9.0
19.789  804.0  256.0  8.0
19.801  804.0  256.0  8.0
19.801  804.0  255.0  9.0
19.823  804.0  254.0  9.0
19.847  804.0  254.0  8.0
19.869  804.0  254.0  8.0
19.869  804.0  254.0  8.0
19.893  804.0  253.0  8.0
19.915  804.0  251.0  10.0
19.927  804.0  251.0  8.0
19.949  804.0  253.0  8.0
19.949  804.0  253.0  8.0
19.973  804.0  253.0  8.0
19.995  804.0  252.0  9.0
20.018  804.0  250.0  9.0
20.041  804.0  251.0  8.0
20.041  804.0  251.0  8.0
20.064  804.0  251.0  9.0
20.075  804.0  251.0  9.0
20.099  804.0  251.0  9.0
20.121  804.0  251.0  8.0
20.121  804.0  251.0  8.0
20.144  804.0  252.0  9.0
20.167  804.0  252.0  9.0
20.19  804.0  250.0  10.0
20.212  804.0  251.0  8.0
20.212  804.0  251.0  8.0
20.225  804.0  252.0  8.0
20.247  804.0  251.0  9.0
20.27  804.0  250.0  8.0
20.293  804.0  250.0  8.0
20.293  804.0  250.0  8.0
20.316  804.0  251.0  8.0
20.338  805.0  251.0  10.0
20.349  804.0  250.0  9.0
20.349  804.0  250.0  9.0
20.373  804.0  251.0  8.0
20.396  804.0  251.0  8.0
20.418  804.0  251.0  9.0
20.442  804.0  250.0  9.0
20.442  804.0  250.0  9.0
20.453  804.0  249.0  8.0
20.475  804.0  249.0  9.0
20.499  804.0  249.0  9.0
20.521  804.0  250.0  9.0
20.521  804.0  250.0  9.0
20.544  804.0  250.0  9.0
20.568  804.0  250.0  8.0
20.59  804.0  248.0  10.0
20.601  804.0  248.0  10.0
20.613  804.0  248.0  10.0
20.625  804.0  249.0  8.0
20.647  804.0  249.0  8.0
20.67  804.0  250.0  10.0
20.694  804.0  249.0  9.0
20.694  804.0  249.0  9.0
20.705  804.0  249.0  9.0
20.727  804.0  247.0  8.0
20.75  804.0  244.0  10.0
20.773  804.0  243.0  9.0
20.773  804.0  243.0  9.0
20.796  804.0  243.0  8.0
20.818  804.0  243.0  8.0
20.831  804.0  243.0  9.0
20.853  804.0  243.0  9.0
20.853  804.0  241.0  9.0
20.876  804.0  241.0  8.0
20.899  804.0  243.0  9.0
20.922  804.0  243.0  9.0
20.944  804.0  243.0  9.0
20.944  804.0  242.0  9.0
20.968  804.0  241.0  8.0
20.979  804.0  242.0  8.0
21.002  804.0  242.0  10.0
21.025  804.0  242.0  10.0
21.025  804.0  242.0  10.0
21.048  804.0  241.0  9.0
21.07  804.0  241.0  8.0
21.094  804.0  242.0  9.0
21.116  804.0  242.0  9.0
21.116  804.0  241.0  9.0
21.128  804.0  241.0  9.0
21.15  804.0  242.0  8.0
21.174  804.0  242.0  9.0
21.174  804.0  242.0  9.0
21.196  804.0  241.0  9.0
21.208  804.0  241.0  8.0
21.242  804.0  241.0  8.0
21.254  804.0  242.0  9.0
21.254  804.0  242.0  9.0
21.276  804.0  240.0  9.0
21.3  804.0  240.0  8.0
21.322  804.0  242.0  8.0
21.345  804.0  242.0  8.0
21.345  804.0  241.0  9.0
21.357  804.0  241.0  9.0
21.391  804.0  241.0  8.0
21.402  804.0  241.0  8.0
21.426  804.0  241.0  9.0
21.426  804.0  241.0  9.0
21.448  804.0  241.0  9.0
21.471  804.0  242.0  9.0
21.494  804.0  241.0  8.0
21.506  804.0  242.0  9.0
21.506  804.0  242.0  9.0
21.528  804.0  243.0  9.0
21.551  804.0  243.0  9.0
21.574  804.0  247.0  8.0
21.597  804.0  249.0  9.0
21.597  804.0  249.0  9.0
21.619  804.0  244.0  9.0
21.632  804.0  244.0  8.0
21.654  804.0  244.0  8.0
21.677  804.0  244.0  8.0
21.677  804.0  244.0  8.0
21.7  804.0  243.0  9.0
21.723  804.0  243.0  8.0
21.734  804.0  244.0  8.0
21.734  804.0  244.0  8.0
21.769  804.0  244.0  8.0
21.78  804.0  243.0  10.0
21.803  804.0  246.0  9.0
21.826  804.0  245.0  8.0
21.826  804.0  245.0  8.0
21.849  804.0  245.0  8.0
21.871  804.0  245.0  9.0
21.895  804.0  244.0  9.0
21.917  804.0  245.0  8.0
21.917  804.0  245.0  9.0
21.928  804.0  245.0  9.0
21.951  804.0  246.0  9.0
21.975  804.0  246.0  9.0
21.997  804.0  335.0  8.0
21.997  804.0  335.0  9.0
22.008  804.0  335.0  9.0
22.032  804.0  319.0  9.0
22.054  804.0  319.0  9.0
22.077  804.0  308.0  8.0
22.077  804.0  275.0  8.0
22.1  804.0  275.0  8.0
22.123  804.0  269.0  9.0
22.146  805.0  350.0  8.0
22.158  804.0  350.0  8.0
22.158  804.0  410.0  8.0
22.18  804.0  410.0  8.0
22.203  804.0  440.0  8.0
22.226  804.0  516.0  8.0
22.226  804.0  515.0  5.0
22.249  804.0  515.0  5.0
22.272  804.0  515.0  5.0
22.295  804.0  652.0  6.0
22.306  804.0  697.0  4.0
22.306  804.0  754.0  4.0
22.329  804.0  747.0  4.0
22.351  804.0  747.0  4.0
22.375  804.0  747.0  4.0
22.397  804.0  684.0  5.0
22.397  804.0  533.0  4.0
22.409  804.0  476.0  5.0
22.432  804.0  476.0  5.0
22.455  805.0  453.0  5.0
22.477  804.0  453.0  5.0
22.477  804.0  450.0  5.0
22.501  804.0  450.0  5.0
22.523  804.0  448.0  5.0
22.546  804.0  473.0  5.0
22.558  804.0  490.0  4.0
22.569  804.0  490.0  4.0
22.581  804.0  609.0  5.0
22.603  804.0  609.0  5.0
22.627  804.0  628.0  5.0
22.627  804.0  548.0  4.0
22.649  804.0  548.0  4.0
22.672  804.0  548.0  4.0
22.695  804.0  470.0  5.0
22.718  804.0  433.0  6.0
22.718  804.0  432.0  5.0
22.729  804.0  425.0  5.0
22.752  804.0  425.0  5.0
22.775  804.0  425.0  5.0
22.798  804.0  486.0  5.0
22.798  804.0  622.0  4.0
22.809  804.0  653.0  4.0
22.833  804.0  549.0  5.0
22.855  804.0  549.0  5.0
22.878  804.0  549.0  5.0
22.878  804.0  464.0  5.0
22.901  804.0  430.0  5.0
22.924  804.0  418.0  5.0
22.946  804.0  418.0  5.0
22.959  804.0  481.0  5.0
22.959  804.0  481.0  5.0
22.981  804.0  529.0  4.0
23.004  804.0  599.0  5.0
23.027  804.0  599.0  5.0
23.05  804.0  519.0  5.0
23.05  804.0  463.0  4.0
23.061  804.0  463.0  4.0
23.096  804.0  440.0  5.0
23.107  804.0  440.0  5.0
23.13  804.0  443.0  5.0
23.13  804.0  484.0  4.0
23.153  804.0  484.0  4.0
23.176  804.0  527.0  5.0
23.198  804.0  527.0  5.0
23.209  804.0  547.0  5.0
23.209  804.0  502.0  4.0
23.233  804.0  459.0  5.0
23.256  804.0  459.0  5.0
23.278  804.0  443.0  6.0
23.302  804.0  443.0  6.0
23.302  804.0  450.0  5.0
23.324  804.0  485.0  4.0
23.335  804.0  485.0  4.0
23.359  804.0  499.0  5.0
23.382  804.0  511.0  5.0
23.382  804.0  511.0  5.0
23.404  804.0  495.0  4.0
23.428  804.0  495.0  4.0
23.439  804.0  463.0  6.0
23.473  804.0  436.0  5.0
23.473  804.0  436.0  5.0
23.484  804.0  454.0  4.0
23.507  804.0  454.0  4.0
23.53  804.0  495.0  5.0
23.53  804.0  534.0  5.0
23.554  804.0  523.0  4.0
23.576  804.0  523.0  4.0
23.587  804.0  523.0  4.0
23.61  804.0  466.0  5.0
23.61  804.0  439.0  6.0
23.633  804.0  413.0  5.0
23.656  804.0  446.0  4.0
23.678  804.0  446.0  4.0
23.702  804.0  446.0  4.0
23.702  804.0  503.0  5.0
23.713  804.0  530.0  4.0
23.736  804.0  503.0  4.0
23.759  804.0  503.0  4.0
23.782  804.0  451.0  6.0
23.782  804.0  451.0  6.0
23.804  804.0  414.0  6.0
23.816  804.0  410.0  5.0
23.839  804.0  410.0  5.0
23.862  804.0  446.0  6.0
23.885  804.0  492.0  5.0
23.885  804.0  492.0  5.0
23.908  804.0  509.0  4.0
23.93  804.0  509.0  4.0
23.954  804.0  477.0  5.0
23.954  804.0  437.0  6.0
23.965  804.0  397.0  5.0
23.988  804.0  397.0  5.0
24.01  804.0  397.0  5.0
24.034  804.0  396.0  5.0
24.034  804.0  416.0  5.0
24.056  805.0  462.0  4.0
24.079  804.0  462.0  4.0
24.091  804.0  462.0  4.0
24.114  804.0  474.0  5.0
24.114  804.0  451.0  5.0
24.136  804.0  406.0  5.0
24.16  804.0  336.0  5.0
24.182  804.0  336.0  5.0
24.205  804.0  319.0  6.0
24.205  804.0  319.0  6.0
24.216  804.0  409.0  5.0
24.24  804.0  409.0  5.0
24.262  804.0  454.0  4.0
24.286  804.0  470.0  6.0
24.286  804.0  433.0  5.0
24.308  804.0  433.0  5.0
24.331  804.0  433.0  5.0
24.342  804.0  345.0  5.0
24.366  804.0  329.0  6.0
24.366  804.0  391.0  5.0
24.388  804.0  391.0  5.0
24.411  804.0  391.0  5.0
24.434  804.0  435.0  5.0
24.434  804.0  466.0  5.0
24.457  804.0  458.0  6.0
24.468  804.0  423.0  5.0
24.492  804.0  423.0  5.0
24.514  804.0  334.0  6.0
24.514  804.0  334.0  6.0
24.537  804.0  317.0  6.0
24.56  804.0  383.0  5.0
24.583  804.0  383.0  5.0
24.605  804.0  435.0  5.0
24.605  804.0  435.0  5.0
24.617  804.0  463.0  5.0
24.64  804.0  443.0  5.0
24.663  804.0  443.0  5.0
24.686  804.0  402.0  5.0
24.686  804.0  306.0  6.0
24.709  804.0  306.0  6.0
24.72  804.0  277.0  5.0
24.742  804.0  277.0  5.0
24.766  804.0  323.0  5.0
24.766  804.0  400.0  6.0
24.788  804.0  441.0  5.0
24.811  804.0  441.0  5.0
24.835  804.0  441.0  5.0
24.857  804.0  414.0  5.0
24.857  804.0  330.0  6.0
24.868  804.0  278.0  6.0
24.892  804.0  278.0  6.0
24.914  804.0  278.0  6.0
24.937  804.0  272.0  5.0
24.937  804.0  348.0  6.0
24.961  804.0  387.0  6.0
24.972  804.0  408.0  5.0
24.994  804.0  408.0  5.0
25.018  804.0  408.0  5.0
25.018  804.0  408.0  6.0
25.04  804.0  364.0  6.0
25.063  804.0  293.0  5.0
25.086  804.0  293.0  5.0
25.098  804.0  287.0  6.0
25.098  804.0  287.0  6.0
25.12  804.0  338.0  6.0
25.143  804.0  398.0  5.0
25.166  804.0  398.0  5.0
25.189  804.0  424.0  6.0
25.189  804.0  413.0  6.0
25.211  805.0  413.0  6.0
25.235  804.0  322.0  5.0
25.246  804.0  322.0  5.0
25.269  804.0  288.0  5.0
25.269  804.0  288.0  6.0
25.292  804.0  362.0  5.0
25.315  804.0  362.0  5.0
25.337  804.0  362.0  5.0
25.337  804.0  406.0  5.0
25.361  804.0  407.0  6.0
25.372  804.0  374.0  6.0
25.395  804.0  374.0  6.0
25.418  804.0  374.0  6.0
25.418  804.0  287.0  5.0
25.441  804.0  280.0  6.0
25.463  804.0  294.0  6.0
25.487  804.0  361.0  5.0
25.509  804.0  361.0  5.0
25.509  804.0  402.0  6.0
25.521  804.0  402.0  6.0
25.543  804.0  409.0  6.0
25.567  804.0  376.0  5.0
25.589  804.0  376.0  5.0
25.589  804.0  303.0  6.0
25.612  804.0  303.0  6.0
25.624  804.0  300.0  6.0
25.647  804.0  383.0  5.0
25.669  804.0  383.0  5.0
25.669  804.0  452.0  5.0
25.693  804.0  493.0  5.0
25.715  804.0  493.0  5.0
25.738  804.0  537.0  4.0
25.75  804.0  537.0  4.0
25.75  804.0  602.0  5.0
25.773  804.0  619.0  5.0
25.795  804.0  621.0  4.0
25.819  804.0  621.0  4.0
25.841  804.0  621.0  4.0
25.841  804.0  672.0  4.0
25.852  804.0  707.0  3.0
25.875  804.0  690.0  0.0
25.899  804.0  626.0  0.0
25.921  804.0  626.0  0.0
25.921  804.0  626.0  0.0
25.944  804.0  480.0  2.0
25.967  804.0  417.0  2.0
25.99  804.0  365.0  3.0
26.001  804.0  365.0  3.0
26.001  804.0  343.0  3.0
26.024  804.0  343.0  3.0
26.047  804.0  378.0  3.0
26.07  804.0  452.0  1.0
26.07  804.0  452.0  1.0
26.093  804.0  508.0  1.0
26.116  804.0  508.0  1.0
26.138  804.0  616.0  1.0
26.162  804.0  650.0  0.0
26.162  804.0  650.0  0.0
26.173  804.0  661.0  1.0
26.195  804.0  723.0  0.0
26.219  804.0  723.0  0.0
26.242  804.0  823.0  0.0
26.242  804.0  823.0  0.0
26.264  805.0  860.0  0.0
26.275  804.0  790.0  1.0
26.299  804.0  790.0  1.0
26.321  804.0  708.0  3.0
26.321  804.0  708.0  3.0
26.344  804.0  595.0  5.0
26.368  804.0  444.0  8.0
26.39  804.0  365.0  8.0
26.413  804.0  288.0  9.0
26.413  804.0  288.0  9.0
26.425  804.0  288.0  9.0
26.447  804.0  355.0  9.0
26.47  804.0  445.0  5.0
26.47  804.0  701.0  4.0
26.493  804.0  701.0  4.0
26.516  804.0  701.0  4.0
26.539  804.0  834.0  0.0
26.551  804.0  921.0  0.0
26.551  804.0  876.0  0.0
26.573  804.0  876.0  0.0
26.596  804.0  740.0  7.0
26.619  804.0  740.0  7.0
26.642  804.0  498.0  9.0
26.642  804.0  357.0  11.0
26.664  804.0  357.0  11.0
26.688  804.0  295.0  12.0
26.699  804.0  364.0  11.0
26.722  804.0  364.0  11.0
26.722  804.0  456.0  7.0
26.744  805.0  456.0  7.0
26.768  804.0  652.0  6.0
26.79  804.0  708.0  6.0
26.802  804.0  650.0  7.0
26.802  804.0  650.0  7.0
26.825  804.0  650.0  7.0
26.848  804.0  495.0  9.0
26.87  804.0  377.0  11.0
26.894  804.0  361.0  10.0
26.894  804.0  361.0  10.0
26.916  804.0  433.0  7.0
26.939  804.0  433.0  7.0
26.951  804.0  600.0  7.0
26.974  804.0  761.0  4.0
26.974  804.0  761.0  4.0
26.996  804.0  836.0  0.0
27.02  804.0  785.0  6.0
27.031  804.0  785.0  6.0
27.042  804.0  563.0  6.0
27.065  804.0  563.0  6.0
27.076  804.0  438.0  9.0
27.1  804.0  416.0  10.0
27.122  804.0  419.0  10.0
27.122  804.0  419.0  10.0
27.145  804.0  419.0  10.0
27.168  804.0  436.0  8.0
27.191  804.0  481.0  7.0
27.214  804.0  499.0  6.0
27.214  804.0  499.0  6.0
27.226  804.0  499.0  6.0
27.248  804.0  496.0  5.0
27.271  804.0  501.0  5.0
27.294  804.0  672.0  3.0
27.294  804.0  818.0  0.0
27.317  804.0  818.0  0.0
27.339  804.0  818.0  0.0
27.352  804.0  880.0  0.0
27.374  804.0  892.0  0.0
27.374  804.0  885.0  0.0
27.397  804.0  885.0  0.0
27.42  804.0  762.0  4.0
27.443  804.0  762.0  4.0
27.454  804.0  484.0  9.0
27.454  804.0  219.0  10.0
27.476  804.0  219.0  10.0
27.5  804.0  171.0  11.0
27.523  804.0  172.0  12.0
27.546  804.0  172.0  12.0
27.546  804.0  172.0  12.0
27.569  804.0  183.0  12.0
27.591  804.0  185.0  11.0
27.602  804.0  181.0  12.0
27.602  804.0  183.0  12.0
27.626  804.0  180.0  11.0
27.649  804.0  180.0  11.0
27.671  804.0  180.0  11.0
27.695  804.0  176.0  12.0
27.695  804.0  181.0  12.0
27.717  804.0  181.0  12.0
27.74  804.0  178.0  11.0
27.752  805.0  178.0  11.0
27.774  804.0  178.0  12.0
27.797  804.0  181.0  12.0
27.797  804.0  181.0  12.0
27.821  804.0  198.0  13.0
27.832  804.0  258.0  14.0
27.854  804.0  258.0  14.0
27.854  804.0  328.0  14.0
27.877  804.0  328.0  14.0
27.9  804.0  354.0  15.0
27.923  804.0  400.0  16.0
27.947  804.0  415.0  16.0
27.947  804.0  415.0  16.0
27.969  804.0  415.0  16.0
27.98  804.0  455.0  16.0
28.003  804.0  489.0  17.0
28.026  804.0  494.0  17.0
28.026  804.0  466.0  14.0
28.049  804.0  466.0  14.0
28.071  804.0  466.0  14.0
28.095  804.0  353.0  13.0
28.118  804.0  203.0  13.0
28.118  804.0  215.0  12.0
28.129  804.0  215.0  12.0
28.152  804.0  215.0  12.0
28.175  804.0  215.0  12.0
28.197  804.0  214.0  13.0
28.197  804.0  214.0  13.0
28.221  804.0  251.0  13.0
28.243  804.0  429.0  16.0
28.255  804.0  706.0  22.0
28.278  804.0  706.0  22.0
28.278  804.0  706.0  22.0
28.301  804.0  879.0  24.0
28.323  804.0  990.0  25.0
28.347  804.0  966.0  25.0
28.347  804.0  966.0  25.0
28.358  804.0  966.0  25.0
28.381  804.0  968.0  25.0
28.403  803.0  989.0  28.0
28.427  804.0  1009.0  26.0
28.449  804.0  919.0  20.0
28.449  804.0  919.0  20.0
28.472  804.0  919.0  20.0
28.495  804.0  621.0  15.0
28.507  804.0  348.0  14.0
28.529  805.0  201.0  13.0
28.553  804.0  203.0  13.0
28.553  804.0  203.0  13.0
28.575  804.0  203.0  13.0
28.598  804.0  212.0  14.0
28.621  803.0  210.0  14.0
28.633  804.0  256.0  14.0
28.633  804.0  364.0  16.0
28.655  804.0  364.0  16.0
28.679  804.0  364.0  16.0
28.701  804.0  441.0  16.0
28.724  804.0  595.0  17.0
28.724  804.0  595.0  17.0
28.747  804.0  804.0  22.0
28.77  804.0  804.0  22.0
28.781  804.0  929.0  24.0
28.804  804.0  949.0  22.0
28.804  804.0  909.0  20.0
28.827  804.0  909.0  20.0
28.85  804.0  765.0  18.0
28.872  804.0  543.0  15.0
28.884  804.0  543.0  15.0
28.884  804.0  543.0  15.0
28.907  804.0  368.0  14.0
28.93  804.0  226.0  14.0
28.953  804.0  197.0  13.0
28.976  804.0  197.0  13.0
28.976  804.0  175.0  13.0
28.998  804.0  175.0  13.0
29.01  804.0  189.0  14.0
29.033  804.0  348.0  16.0
29.056  804.0  348.0  16.0
29.056  804.0  468.0  20.0
29.079  804.0  750.0  25.0
29.102  804.0  750.0  25.0
29.113  804.0  750.0  25.0
29.113  804.0  880.0  24.0
29.135  804.0  882.0  23.0
29.159  804.0  749.0  20.0
29.181  804.0  534.0  16.0
29.204  804.0  534.0  16.0
29.204  804.0  391.0  14.0
29.228  804.0  391.0  14.0
29.25  805.0  225.0  13.0
29.273  804.0  188.0  13.0
29.296  804.0  188.0  13.0
29.296  804.0  168.0  13.0
29.319  804.0  233.0  14.0
29.33  804.0  233.0  14.0
29.353  804.0  302.0  14.0
29.376  804.0  386.0  16.0
29.376  804.0  386.0  16.0
29.399  804.0  461.0  17.0
29.422  804.0  462.0  16.0
29.445  804.0  462.0  16.0
29.445  804.0  462.0  16.0
29.467  804.0  407.0  14.0
29.479  804.0  326.0  14.0
29.502  804.0  187.0  14.0
29.524  804.0  197.0  13.0
29.524  804.0  197.0  13.0
29.548  804.0  197.0  13.0
29.571  804.0  224.0  14.0
29.593  804.0  373.0  17.0
29.617  804.0  461.0  18.0
29.617  804.0  461.0  18.0
29.639  804.0  461.0  18.0
29.65  804.0  571.0  18.0
29.673  804.0  475.0  16.0
29.673  804.0  475.0  16.0
29.697  804.0  356.0  14.0
29.719  804.0  175.0  13.0
29.743  804.0  177.0  14.0
29.743  804.0  177.0  14.0
29.788  804.0  223.0  15.0
29.788  804.0  223.0  15.0
29.799  804.0  398.0  17.0
29.822  804.0  578.0  19.0
29.845  804.0  587.0  17.0
29.914  804.0  320.0  15.0
29.971  804.0  227.0  15.0
29.993  804.0  439.0  17.0
30.017  804.0  641.0  19.0
30.017  804.0  670.0  17.0
30.04  804.0  670.0  17.0
30.073  804.0  361.0  15.0
30.097  804.0  198.0  14.0
30.143  804.0  188.0  14.0
30.166  804.0  188.0  14.0
30.188  804.0  390.0  17.0
30.212  804.0  631.0  18.0
30.223  804.0  692.0  17.0
30.223  804.0  522.0  16.0
30.245  804.0  522.0  16.0
30.268  804.0  522.0  16.0
30.291  804.0  399.0  14.0
30.314  804.0  271.0  14.0
30.314  804.0  175.0  14.0
30.337  804.0  212.0  16.0
30.36  804.0  212.0  16.0
30.371  804.0  212.0  16.0
30.394  804.0  415.0  16.0
30.394  804.0  415.0  16.0
30.417  804.0  618.0  18.0
30.44  804.0  635.0  17.0
30.462  804.0  486.0  16.0
30.486  804.0  356.0  15.0
30.497  804.0  356.0  15.0
30.497  804.0  356.0  15.0
30.52  804.0  180.0  15.0
30.543  804.0  182.0  14.0
30.566  804.0  348.0  16.0
30.566  804.0  543.0  18.0
30.588  804.0  543.0  18.0
30.6  804.0  543.0  18.0
30.635  804.0  643.0  17.0
30.646  804.0  535.0  16.0
30.646  804.0  411.0  15.0
30.668  804.0  411.0  15.0
30.692  804.0  411.0  15.0
30.692  804.0  265.0  14.0
30.714  804.0  174.0  14.0
30.737  804.0  174.0  14.0
30.749  804.0  274.0  16.0
30.772  804.0  274.0  16.0
30.794  804.0  440.0  17.0
30.794  804.0  577.0  17.0
30.818  805.0  577.0  17.0
30.84  804.0  487.0  17.0
30.863  804.0  399.0  15.0
30.863  804.0  399.0  15.0
30.875  804.0  272.0  14.0
30.909  804.0  181.0  15.0
30.92  804.0  181.0  15.0
30.944  804.0  301.0  16.0
30.944  804.0  447.0  17.0
30.966  804.0  447.0  17.0
30.989  804.0  522.0  18.0
31.012  804.0  447.0  17.0
31.035  804.0  447.0  17.0
31.035  804.0  374.0  14.0
31.057  804.0  374.0  14.0
31.069  804.0  241.0  15.0
31.092  804.0  256.0  16.0
31.115  804.0  256.0  16.0
31.137  804.0  381.0  16.0
31.137  804.0  381.0  16.0
31.161  804.0  455.0  17.0
31.172  804.0  486.0  17.0
31.172  804.0  425.0  15.0
31.195  804.0  425.0  15.0
31.218  804.0  345.0  14.0
31.241  804.0  345.0  14.0
31.263  804.0  233.0  15.0
31.263  804.0  255.0  16.0
31.287  804.0  381.0  16.0
31.298  804.0  381.0  16.0
31.321  804.0  456.0  18.0
31.344  804.0  456.0  18.0
31.344  804.0  476.0  17.0
31.389  804.0  414.0  15.0
31.389  804.0  414.0  15.0
31.413  804.0  414.0  15.0
31.435  804.0  248.0  15.0
31.435  804.0  164.0  15.0
31.447  804.0  192.0  15.0
31.469  804.0  192.0  15.0
31.493  804.0  354.0  18.0
31.515  804.0  354.0  18.0
31.515  804.0  440.0  19.0
31.538  804.0  455.0  16.0
31.561  804.0  455.0  16.0
31.572  804.0  403.0  16.0
31.595  804.0  270.0  15.0
31.595  804.0  270.0  15.0
31.619  804.0  178.0  15.0
31.641  804.0  193.0  16.0
31.664  804.0  193.0  16.0
31.664  804.0  349.0  17.0
31.687  804.0  445.0  17.0
31.71  804.0  445.0  17.0
31.721  804.0  445.0  17.0
31.745  804.0  455.0  17.0
31.767  804.0  378.0  16.0
31.767  804.0  204.0  14.0
31.79  804.0  190.0  14.0
31.813  804.0  190.0  14.0
31.858  804.0  190.0  16.0
31.916  804.0  361.0  16.0
31.962  804.0  193.0  14.0
31.962  804.0  193.0  14.0
31.984  804.0  164.0  13.0
31.995  804.0  182.0  14.0
32.019  804.0  182.0  14.0
32.041  804.0  182.0  14.0
32.041  804.0  246.0  14.0
32.064  804.0  379.0  16.0
32.088  804.0  410.0  16.0
32.099  804.0  410.0  16.0
32.133  804.0  364.0  14.0
32.156  804.0  364.0  14.0
32.179  804.0  222.0  14.0
32.179  804.0  186.0  14.0
32.19  804.0  186.0  14.0
32.214  804.0  229.0  14.0
32.236  804.0  229.0  14.0
32.236  804.0  276.0  15.0
32.259  804.0  276.0  15.0
32.282  804.0  376.0  16.0
32.327  804.0  414.0  15.0
32.351  804.0  196.0  13.0
32.373  804.0  196.0  13.0
32.373  804.0  196.0  13.0
32.396  804.0  164.0  13.0
32.408  804.0  166.0  14.0
32.431  804.0  260.0  14.0
32.453  804.0  260.0  14.0
32.453  804.0  260.0  14.0
32.477  804.0  344.0  15.0
32.499  804.0  347.0  15.0
32.522  804.0  253.0  13.0
32.522  804.0  253.0  13.0
32.533  804.0  202.0  13.0
32.557  803.0  202.0  13.0
32.579  804.0  173.0  13.0
32.602  804.0  171.0  13.0
32.625  804.0  171.0  13.0
32.625  804.0  234.0  14.0
32.648  804.0  302.0  15.0
32.671  804.0  302.0  15.0
32.683  804.0  305.0  14.0
32.683  804.0  305.0  14.0
32.705  804.0  248.0  13.0
32.728  804.0  187.0  13.0
32.751  804.0  141.0  13.0
32.774  804.0  141.0  13.0
32.796  804.0  141.0  13.0
32.796  804.0  142.0  12.0
32.82  804.0  161.0  14.0
32.831  804.0  297.0  15.0
32.854  804.0  327.0  14.0
32.854  804.0  327.0  14.0
32.877  804.0  327.0  14.0
32.9  804.0  250.0  13.0
32.922  804.0  177.0  13.0
32.922  804.0  177.0  13.0
32.946  804.0  139.0  13.0
32.957  804.0  137.0  13.0
32.979  804.0  137.0  13.0
33.002  804.0  135.0  14.0
33.014  804.0  183.0  14.0
33.026  804.0  183.0  14.0
33.048  804.0  318.0  14.0
33.072  804.0  324.0  14.0
33.072  804.0  324.0  14.0
33.094  804.0  324.0  14.0
33.105  804.0  218.0  13.0
33.14  804.0  147.0  13.0
33.152  804.0  136.0  13.0
33.152  804.0  139.0  13.0
33.174  804.0  139.0  13.0
33.197  804.0  139.0  13.0
33.22  804.0  184.0  14.0
33.243  804.0  337.0  15.0
33.243  804.0  347.0  15.0
33.254  804.0  347.0  15.0
33.277  804.0  224.0  13.0
33.3  804.0  224.0  13.0
33.323  804.0  143.0  13.0
33.323  804.0  139.0  14.0
33.346  804.0  139.0  14.0
33.369  804.0  141.0  13.0
33.391  804.0  141.0  13.0
33.391  804.0  144.0  13.0
33.415  804.0  140.0  14.0
33.426  804.0  140.0  14.0
33.448  804.0  142.0  13.0
33.472  804.0  144.0  13.0
33.472  804.0  144.0  13.0
33.495  804.0  140.0  14.0
33.517  804.0  140.0  14.0
33.541  804.0  139.0  14.0
33.552  804.0  137.0  13.0
33.552  804.0  137.0  14.0
33.574  804.0  137.0  14.0
33.597  804.0  137.0  14.0
33.62  804.0  136.0  14.0
33.643  804.0  136.0  13.0
33.643  804.0  137.0  13.0
33.654  804.0  137.0  14.0
33.689  804.0  137.0  14.0
33.7  804.0  139.0  13.0
33.723  804.0  139.0  13.0
33.723  804.0  139.0  13.0
33.746  804.0  137.0  14.0
33.769  804.0  137.0  14.0
33.792  804.0  139.0  13.0
33.792  804.0  139.0  13.0
33.815  804.0  139.0  12.0
33.838  804.0  139.0  12.0
33.849  804.0  136.0  14.0
33.872  804.0  135.0  13.0
33.872  804.0  135.0  13.0
33.895  804.0  134.0  13.0
33.917  804.0  134.0  13.0
33.941  804.0  134.0  13.0
33.952  804.0  134.0  13.0
33.975  804.0  134.0  13.0
33.975  804.0  133.0  13.0
33.997  804.0  133.0  13.0
34.043  804.0  133.0  13.0
34.078  804.0  132.0  13.0
34.101  804.0  132.0  12.0
34.147  804.0  132.0  12.0
34.147  804.0  133.0  13.0
34.169  804.0  132.0  14.0
34.192  804.0  131.0  13.0
34.215  804.0  131.0  13.0
34.227  804.0  131.0  13.0
34.26  804.0  132.0  13.0
34.26  804.0  131.0  13.0
34.273  803.0  130.0  13.0
34.295  804.0  128.0  13.0
34.318  804.0  128.0  13.0
34.341  804.0  128.0  13.0
34.353  804.0  128.0  13.0
34.353  804.0  128.0  13.0
34.375  804.0  128.0  13.0
34.398  804.0  128.0  13.0
34.421  804.0  128.0  13.0
34.444  804.0  128.0  14.0
34.444  804.0  128.0  14.0
34.466  804.0  128.0  13.0
34.49  804.0  128.0  12.0
34.501  804.0  128.0  12.0
34.524  804.0  128.0  14.0
34.524  804.0  128.0  14.0
34.547  804.0  128.0  13.0
34.57  804.0  128.0  13.0
34.592  804.0  128.0  13.0
34.616  804.0  128.0  14.0
34.616  804.0  128.0  13.0
34.638  804.0  128.0  13.0
34.65  804.0  128.0  12.0
34.673  804.0  128.0  12.0
34.696  804.0  127.0  13.0
34.696  804.0  126.0  13.0
34.718  804.0  127.0  12.0
34.742  804.0  127.0  12.0
34.753  804.0  127.0  13.0
34.776  804.0  127.0  13.0
34.776  804.0  127.0  14.0
34.798  804.0  126.0  12.0
34.822  804.0  128.0  12.0
34.844  804.0  128.0  12.0
34.868  804.0  128.0  12.0
34.868  804.0  127.0  14.0
34.879  804.0  127.0  13.0
34.902  804.0  128.0  12.0
34.924  804.0  128.0  12.0
34.924  804.0  128.0  14.0
34.948  804.0  128.0  14.0
34.97  804.0  128.0  13.0
34.993  804.0  128.0  13.0
35.016  804.0  128.0  13.0
35.016  804.0  128.0  13.0
35.027  804.0  128.0  13.0
35.05  804.0  128.0  13.0
35.074  804.0  128.0  12.0
35.096  804.0  128.0  12.0
35.096  804.0  129.0  13.0
35.119  804.0  128.0  14.0
35.13  804.0  128.0  14.0
35.153  803.0  128.0  12.0
35.176  804.0  129.0  12.0
35.176  804.0  129.0  12.0
35.198  804.0  128.0  14.0
35.222  804.0  128.0  13.0
35.245  804.0  128.0  13.0
35.256  804.0  128.0  13.0
35.279  804.0  128.0  13.0
35.279  804.0  128.0  14.0
35.302  804.0  127.0  13.0
35.324  804.0  128.0  13.0
35.348  804.0  128.0  13.0
35.348  804.0  128.0  13.0
35.359  804.0  128.0  13.0
35.393  804.0  128.0  13.0
35.405  804.0  128.0  13.0
35.428  804.0  128.0  13.0
35.428  804.0  128.0  13.0
35.45  804.0  128.0  14.0
35.474  804.0  128.0  14.0
35.496  804.0  128.0  13.0
35.519  804.0  128.0  13.0
35.519  804.0  128.0  13.0
35.53  804.0  128.0  14.0
35.554  804.0  128.0  14.0
35.576  804.0  128.0  13.0
35.6  804.0  128.0  13.0
35.6  804.0  128.0  13.0
35.622  804.0  128.0  14.0
35.634  804.0  127.0  13.0
35.656  804.0  127.0  13.0
35.656  804.0  127.0  13.0
35.68  805.0  128.0  13.0
35.702  804.0  128.0  14.0
35.725  804.0  128.0  13.0
35.748  804.0  128.0  13.0
35.748  804.0  128.0  13.0
35.771  804.0  128.0  14.0
35.782  804.0  128.0  14.0
35.806  804.0  128.0  13.0
35.828  804.0  128.0  13.0
35.851  804.0  128.0  13.0
35.851  804.0  128.0  13.0
35.874  804.0  128.0  13.0
35.886  804.0  128.0  14.0
35.919  804.0  128.0  13.0
35.919  804.0  128.0  13.0
35.931  804.0  128.0  13.0
35.954  804.0  128.0  14.0
35.977  804.0  127.0  13.0
36.0  804.0  127.0  13.0
36.023  804.0  127.0  13.0
36.023  804.0  128.0  13.0
36.034  804.0  128.0  14.0
36.057  804.0  127.0  13.0
36.08  804.0  127.0  13.0
36.08  804.0  127.0  13.0
36.103  804.0  128.0  13.0
36.125  804.0  128.0  13.0
36.149  804.0  128.0  14.0
36.16  804.0  128.0  14.0
36.16  804.0  128.0  12.0
36.183  804.0  128.0  13.0
36.206  804.0  128.0  13.0
36.229  804.0  127.0  14.0
36.229  804.0  127.0  14.0
36.251  804.0  127.0  13.0
36.275  804.0  128.0  13.0
36.297  804.0  128.0  14.0
36.297  804.0  128.0  14.0
36.32  804.0  128.0  13.0
36.343  804.0  128.0  13.0
36.366  804.0  128.0  13.0
36.377  804.0  128.0  14.0
36.377  804.0  128.0  14.0
36.423  804.0  128.0  13.0
36.423  804.0  128.0  13.0
36.457  804.0  128.0  13.0
36.457  804.0  128.0  13.0
36.481  804.0  128.0  14.0
36.503  804.0  128.0  13.0
36.526  804.0  128.0  13.0
36.549  804.0  128.0  13.0
36.572  804.0  128.0  13.0
36.572  804.0  128.0  13.0
36.583  804.0  128.0  13.0
36.606  804.0  128.0  13.0
36.629  804.0  128.0  13.0
36.652  804.0  128.0  14.0
36.675  804.0  127.0  13.0
36.698  804.0  128.0  13.0
36.72  804.0  128.0  14.0
36.72  804.0  128.0  14.0
36.744  804.0  127.0  13.0
36.766  804.0  127.0  13.0
36.801  804.0  128.0  13.0
36.824  804.0  127.0  13.0
36.846  804.0  128.0  13.0
36.87  804.0  128.0  13.0
36.87  804.0  128.0  13.0
36.892  804.0  128.0  13.0
36.915  804.0  128.0  13.0
36.938  804.0  128.0  13.0
36.95  804.0  128.0  13.0
36.95  804.0  128.0  13.0
36.983  804.0  127.0  14.0
36.995  804.0  127.0  14.0
37.018  804.0  127.0  13.0
37.041  804.0  128.0  13.0
37.064  803.0  128.0  14.0
37.075  804.0  127.0  13.0
37.098  804.0  127.0  13.0
37.121  804.0  128.0  13.0
37.144  804.0  128.0  14.0
37.144  804.0  128.0  14.0
37.167  804.0  128.0  13.0
37.189  804.0  128.0  13.0
37.213  804.0  128.0  13.0
37.235  804.0  129.0  13.0
37.258  804.0  128.0  13.0
37.281  804.0  127.0  13.0
37.281  804.0  127.0  13.0
37.304  804.0  127.0  13.0
37.326  804.0  127.0  14.0
37.339  804.0  128.0  13.0
37.339  804.0  128.0  13.0
37.361  804.0  128.0  13.0
37.384  804.0  129.0  13.0
37.407  804.0  127.0  14.0
37.407  804.0  127.0  14.0
37.43  804.0  127.0  13.0
37.452  804.0  127.0  13.0
37.476  804.0  128.0  13.0
37.487  804.0  128.0  14.0
37.487  804.0  128.0  14.0
37.51  804.0  128.0  13.0
37.533  804.0  129.0  13.0
37.533  804.0  129.0  13.0
37.556  804.0  129.0  13.0
37.578  804.0  128.0  13.0
37.602  804.0  128.0  13.0
37.602  804.0  128.0  13.0
37.624  804.0  129.0  13.0
37.647  804.0  129.0  13.0
37.67  804.0  128.0  13.0
37.67  804.0  128.0  13.0
37.693  804.0  128.0  12.0
37.715  804.0  128.0  13.0
37.739  804.0  128.0  13.0
37.75  804.0  125.0  14.0
37.773  804.0  125.0  14.0
37.773  804.0  125.0  13.0
