0.0  0.0  1.0  1.0
0.0  0.0  1.0  1.0
0.0  0.0  1.0  1.0
0.0  0.0  1.0  1.0
0.0  0.0  1.0  1.0
0.0  0.0  1.0  1.0
0.0  0.0  1.0  1.0
0.0  0.0  1.0  1.0
0.0  0.0  1.0  1.0
0.0  0.0  1.0  1.0
0.0  0.0  1.0  1.0
0.0  0.0  1.0  1.0
0.0  0.0  1.0  1.0
0.0  0.0  1.0  1.0
0.0  0.0  1.0  1.0
0.0  0.0  1.0  1.0
0.0  0.0  1.0  1.0
0.0  0.0  1.0  1.0
0.0  0.0  1.0  1.0
0.0  0.0  1.0  1.0
0.0  0.0  1.0  1.0
0.0  0.0  1.0  1.0
0.0  0.0  1.0  1.0
0.0  0.0  1.0  1.0
0.0  0.0  1.0  1.0
0.0  0.0  1.0  1.0
0.0  0.0  1.0  1.0
0.0  0.0  1.0  1.0
0.0  0.0  1.0  1.0
0.0  0.0  1.0  1.0
0.0  0.0  1.0  1.0
0.0  0.0  1.0  1.0
0.0  0.0  1.0  1.0
0.0  0.0  1.0  1.0
0.0  0.0  1.0  1.0
0.0  0.0  1.0  1.0
0.0  0.0  1.0  1.0
0.0  0.0  1.0  1.0
0.0  0.0  1.0  1.0
0.0  0.0  1.0  1.0
0.0  0.0  1.0  1.0
0.0  0.0  1.0  1.0
0.0  0.0  1.0  1.0
0.0  0.0  1.0  1.0
0.0  0.0  1.0  1.0
0.0  0.0  10230.0  10.0
0.0  0.0  10230.0  20.0
0.0  0.0  10230.0  30.0
0.0  0.0  10230.0  30.0
0.0  0.0  10230.0  120.0
0.0  0.0  10230.0  300.0
0.0  0.0  10230.0  590.0
0.0  0.0  10230.0  770.0
0.0  0.0  10230.0  770.0
0.0  0.0  10230.0  960.0
0.0  0.0  10230.0  1160.0
0.0  0.0  10230.0  1370.0
0.0  0.0  10230.0  1370.0
0.0  0.0  10230.0  1570.0
0.0  0.0  10230.0  1790.0
0.0  0.0  10230.0  1990.0
0.0  0.0  10230.0  2200.0
0.0  0.0  10230.0  2200.0
0.0  0.0  10230.0  2410.0
0.0  0.0  10230.0  2720.0
0.0  0.0  10230.0  2820.0
0.0  0.0  10230.0  3040.0
0.0  0.0  10230.0  3040.0
0.0  0.0  10230.0  3240.0
0.0  0.0  10230.0  3450.0
0.0  0.0  10230.0  3650.0
0.0  0.0  10230.0  3870.0
0.0  0.0  10230.0  3870.0
0.0  0.0  10230.0  4170.0
0.0  0.0  10230.0  4390.0
0.0  0.0  10230.0  4590.0
0.0  0.0  10230.0  4590.0
0.0  0.0  10230.0  5010.0
0.0  0.0  10230.0  5220.0
0.0  0.0  10230.0  5420.0
0.0  0.0  10230.0  5420.0
0.0  0.0  10230.0  5630.0
0.0  0.0  10230.0  5840.0
0.0  0.0  10230.0  6050.0
0.0  0.0  10230.0  6250.0
0.0  0.0  10230.0  6250.0
0.0  0.0  10230.0  6470.0
0.0  0.0  10230.0  6670.0
0.0  0.0  10230.0  6980.0
0.0  0.0  10230.0  6980.0
0.0  0.0  10230.0  7190.0
0.0  0.0  10230.0  7400.0
0.0  0.0  10230.0  7600.0
0.0  0.0  10230.0  7820.0
0.0  0.0  10230.0  8020.0
0.0  0.0  10230.0  8020.0
0.0  0.0  10230.0  8230.0
0.0  0.0  10230.0  8230.0
0.0  0.0  10230.0  8440.0
0.0  0.0  10230.0  8750.0
0.0  0.0  10230.0  9370.0
0.0  0.0  10230.0  9580.0
0.0  0.0  10230.0  9790.0
0.0  0.0  10230.0  10000.0
0.0  0.0  10230.0  10000.0
0.0  0.0  10230.0  10220.0
0.0  0.0  10230.0  10350.0
0.0  0.0  10230.0  10570.0
0.0  0.0  10230.0  10570.0
0.0  0.0  10230.0  10800.0
0.0  0.0  10230.0  11030.0
0.0  0.0  10230.0  11260.0
0.0  0.0  10230.0  11480.0
0.0  0.0  10230.0  11480.0
0.0  0.0  10230.0  11600.0
0.0  0.0  10230.0  11830.0
0.0  0.0  10230.0  12060.0
0.0  0.0  10230.0  12280.0
0.0  0.0  10230.0  12280.0
0.0  0.0  10230.0  12520.0
0.0  0.0  10230.0  12740.0
0.0  0.0  10230.0  12970.0
0.0  0.0  10230.0  12970.0
0.0  0.0  10230.0  13200.0
0.0  0.0  10230.0  13430.0
0.0  0.0  10230.0  13540.0
0.0  0.0  10230.0  13780.0
0.0  0.0  10230.0  13780.0
0.0  0.0  10230.0  14000.0
0.0  0.0  10230.0  14230.0
0.0  0.0  10230.0  14350.0
0.0  0.0  10230.0  14690.0
0.0  0.0  10230.0  14690.0
0.0  0.0  10230.0  14800.0
0.0  0.0  10230.0  15040.0
0.0  0.0  10230.0  15260.0
0.0  0.0  10230.0  15490.0
0.0  0.0  10230.0  15490.0
0.0  0.0  10230.0  15720.0
0.0  0.0  10230.0  15950.0
0.0  0.0  10230.0  16170.0
0.0  0.0  10230.0  16170.0
0.0  0.0  10230.0  16290.0
0.0  0.0  10230.0  16520.0
0.0  0.0  10230.0  16750.0
0.0  0.0  10230.0  16970.0
0.0  0.0  10230.0  16970.0
0.0  0.0  10230.0  17210.0
0.0  0.0  10230.0  17430.0
0.0  0.0  10230.0  17550.0
0.0  0.0  10230.0  17780.0
0.0  0.0  10230.0  17780.0
0.0  0.0  10230.0  18010.0
0.0  0.0  10230.0  18230.0
0.0  0.0  10230.0  18470.0
0.0  0.0  10230.0  18690.0
0.0  0.0  10230.0  18690.0
0.0  0.0  10230.0  18920.0
0.0  0.0  10230.0  19040.0
0.0  0.0  10230.0  19270.0
0.0  0.0  10230.0  19270.0
0.0  0.0  10230.0  19490.0
0.0  0.0  10230.0  19730.0
0.0  0.0  10230.0  19950.0
0.0  0.0  10230.0  20180.0
0.0  0.0  10230.0  20180.0
0.0  0.0  10230.0  20410.0
0.0  0.0  10230.0  20530.0
0.0  0.0  10230.0  20750.0
0.0  0.0  10230.0  20990.0
0.0  0.0  10230.0  20990.0
0.0  0.0  10230.0  21210.0
0.0  0.0  10230.0  21440.0
0.0  0.0  10230.0  21670.0
0.0  0.0  10230.0  21790.0
0.0  0.0  10230.0  21790.0
0.0  0.0  10230.0  22010.0
0.0  0.0  10230.0  22240.0
0.0  0.0  10230.0  22470.0
0.0  0.0  10230.0  22470.0
0.0  0.0  10230.0  22700.0
0.0  0.0  10230.0  22920.0
0.0  0.0  10230.0  23160.0
0.0  0.0  10230.0  23270.0
0.0  0.0  10230.0  23270.0
0.0  0.0  10230.0  23610.0
0.0  0.0  10230.0  23730.0
0.0  0.0  10230.0  23960.0
0.0  0.0  10230.0  24180.0
0.0  0.0  10230.0  24180.0
0.0  0.0  10230.0  24420.0
0.0  0.0  10230.0  24640.0
0.0  0.0  10230.0  24760.0
0.0  0.0  10230.0  25100.0
0.0  0.0  10230.0  25100.0
0.0  0.0  10230.0  25330.0
0.0  0.0  10230.0  25550.0
0.0  0.0  10230.0  25790.0
0.0  0.0  10230.0  25900.0
0.0  0.0  10230.0  25900.0
0.0  0.0  10230.0  26240.0
0.0  0.0  10230.0  26360.0
0.0  0.0  10230.0  26590.0
0.0  0.0  10230.0  26810.0
0.0  0.0  10230.0  26810.0
0.0  0.0  10230.0  27050.0
0.0  0.0  10230.0  27270.0
0.0  0.0  10230.0  27500.0
0.0  0.0  10230.0  27500.0
0.0  0.0  10230.0  27610.0
0.0  0.0  10230.0  27850.0
0.0  0.0  10230.0  28070.0
0.0  0.0  10230.0  28310.0
0.0  0.0  10230.0  28310.0
0.0  0.0  10230.0  28530.0
0.0  0.0  10230.0  28760.0
0.0  0.0  10230.0  28990.0
0.0  0.0  10230.0  29110.0
0.0  0.0  10230.0  29110.0
0.0  0.0  10230.0  29330.0
0.0  0.0  10230.0  29560.0
0.0  0.0  10230.0  29790.0
0.0  0.0  10230.0  30020.0
0.0  0.0  10230.0  30020.0
0.0  0.0  10230.0  30240.0
0.0  0.0  10230.0  30370.0
0.0  0.0  10230.0  30590.0
0.0  0.0  10230.0  30820.0
0.0  0.0  10230.0  30820.0
0.0  0.0  10230.0  31050.0
0.0  0.0  10230.0  31280.0
0.0  0.0  10230.0  31500.0
0.0  0.0  10230.0  31740.0
0.0  0.0  10230.0  31740.0
0.0  0.0  10230.0  31850.0
0.0  0.0  10230.0  32080.0
0.0  0.0  10230.0  32310.0
0.0  0.0  10230.0  32310.0
0.0  0.0  10230.0  32540.0
0.0  0.0  10230.0  32760.0
0.0  0.0  10230.0  33000.0
0.0  0.0  10230.0  33000.0
0.0  0.0  10230.0  33220.0
0.0  0.0  10230.0  33450.0
0.0  0.0  10230.0  33680.0
0.0  0.0  10230.0  33680.0
0.0  0.0  10230.0  33910.0
0.0  0.0  10230.0  34020.0
0.0  0.0  10230.0  34250.0
0.0  0.0  10230.0  34480.0
0.0  0.0  10230.0  34480.0
0.0  0.0  10230.0  34710.0
0.0  0.0  10230.0  34930.0
0.0  0.0  10230.0  35170.0
0.0  0.0  10230.0  35280.0
0.0  0.0  10230.0  35280.0
0.0  0.0  10230.0  35510.0
0.0  0.0  10230.0  35740.0
0.0  0.0  10230.0  35970.0
0.0  0.0  10230.0  36190.0
0.0  0.0  10230.0  36190.0
0.0  0.0  10230.0  36430.0
0.0  0.0  10230.0  36650.0
0.0  0.0  10230.0  36770.0
0.0  0.0  10230.0  37000.0
0.0  0.0  10230.0  37000.0
0.0  0.0  10230.0  37230.0
0.0  0.0  10230.0  37450.0
0.0  0.0  10230.0  37450.0
0.0  0.0  10230.0  37690.0
0.0  0.0  10230.0  37910.0
0.0  0.0  10230.0  38140.0
0.0  0.0  10230.0  38370.0
0.0  0.0  10230.0  38370.0
0.0  0.0  10230.0  38600.0
0.0  0.0  10230.0  38710.0
0.0  0.0  10230.0  39060.0
0.0  0.0  10230.0  39170.0
0.0  0.0  10230.0  39170.0
0.0  0.0  10230.0  39400.0
0.0  0.0  10230.0  39630.0
0.0  0.0  10230.0  39860.0
0.0  0.0  10230.0  39860.0
0.0  0.0  10230.0  39970.0
0.0  0.0  10230.0  40320.0
0.0  0.0  10230.0  40430.0
0.0  0.0  10230.0  40660.0
0.0  0.0  10230.0  40660.0
0.0  0.0  10230.0  40880.0
0.0  0.0  10230.0  41120.0
0.0  0.0  10230.0  41340.0
0.0  0.0  10230.0  41340.0
0.0  0.0  10230.0  41570.0
0.0  0.0  10230.0  41800.0
0.0  0.0  10230.0  41920.0
0.0  0.0  10230.0  42260.0
0.0  0.0  10230.0  42260.0
0.0  0.0  10230.0  42380.0
0.0  0.0  10230.0  42600.0
0.0  0.0  10230.0  42830.0
0.0  0.0  10230.0  43060.0
0.0  0.0  10230.0  43060.0
0.0  0.0  10230.0  43290.0
0.0  0.0  10230.0  43520.0
0.0  0.0  10230.0  43640.0
0.0  0.0  10230.0  43860.0
0.0  0.0  10230.0  43860.0
0.0  0.0  10230.0  44090.0
0.0  0.0  10230.0  44320.0
0.0  0.0  10230.0  44550.0
0.0  0.0  10230.0  44550.0
0.0  0.0  10230.0  44660.0
0.0  0.0  10230.0  45010.0
0.0  0.0  10230.0  45120.0
0.0  0.0  10230.0  45350.0
0.0  0.0  10230.0  45350.0
0.0  0.0  10230.0  45570.0
0.0  0.0  10230.0  45810.0
0.0  0.0  10230.0  46030.0
0.0  0.0  10230.0  46260.0
0.0  0.0  10230.0  46260.0
0.0  0.0  10230.0  46380.0
0.0  0.0  10230.0  46610.0
0.0  0.0  10230.0  46830.0
0.0  0.0  10230.0  47070.0
0.0  0.0  10230.0  47070.0
0.0  0.0  10230.0  47290.0
0.0  0.0  10230.0  47520.0
0.0  0.0  10230.0  47750.0
0.0  0.0  10230.0  47750.0
0.0  0.0  10230.0  47980.0
0.0  0.0  10230.0  48200.0
0.0  0.0  10230.0  48330.0
0.0  0.0  10230.0  48330.0
0.0  0.0  10230.0  48550.0
0.0  0.0  10230.0  48780.0
0.0  0.0  10230.0  49010.0
0.0  0.0  10230.0  49240.0
0.0  0.0  10230.0  49240.0
0.0  0.0  10230.0  49460.0
0.0  0.0  10230.0  49580.0
0.0  0.0  10230.0  49810.0
0.0  0.0  10230.0  50040.0
0.0  0.0  10230.0  50040.0
0.0  0.0  10230.0  50270.0
0.0  0.0  10230.0  50500.0
0.0  0.0  10230.0  50720.0
0.0  0.0  10230.0  50720.0
0.0  0.0  10230.0  50960.0
0.0  0.0  10230.0  51180.0
0.0  0.0  10230.0  51410.0
0.0  0.0  10230.0  51410.0
0.0  0.0  10230.0  51650.0
0.0  0.0  10230.0  51870.0
0.0  0.0  10230.0  51980.0
0.0  0.0  10230.0  51980.0
0.0  0.0  10230.0  52210.0
0.0  0.0  10230.0  52440.0
0.0  0.0  10230.0  52670.0
0.0  0.0  10230.0  52890.0
0.0  0.0  10230.0  52890.0
0.0  0.0  10230.0  53130.0
0.0  0.0  10230.0  53240.0
0.0  0.0  10230.0  53470.0
0.0  0.0  10230.0  53700.0
0.0  0.0  10230.0  53700.0
0.0  0.0  10230.0  53930.0
0.0  0.0  10230.0  54150.0
0.0  0.0  10230.0  54390.0
0.0  0.0  10230.0  54390.0
0.0  0.0  10230.0  54620.0
0.0  0.0  10230.0  54730.0
0.0  0.0  10230.0  54960.0
0.0  0.0  10230.0  55190.0
0.0  0.0  10230.0  55410.0
0.0  0.0  10230.0  55410.0
0.0  0.0  10230.0  55650.0
0.0  0.0  10230.0  55870.0
0.0  0.0  10230.0  55990.0
0.0  0.0  10230.0  55990.0
0.0  0.0  10230.0  56210.0
0.0  0.0  10230.0  56450.0
0.0  0.0  10230.0  56670.0
0.0  0.0  10230.0  56900.0
0.0  0.0  10230.0  56900.0
0.0  0.0  10230.0  57130.0
0.0  0.0  10230.0  57360.0
0.0  0.0  10230.0  57600.0
0.0  0.0  10230.0  57600.0
0.0  0.0  10230.0  57820.0
0.0  0.0  10230.0  57930.0
0.0  0.0  10230.0  58160.0
0.0  0.0  10230.0  58390.0
0.0  0.0  10230.0  58390.0
0.0  0.0  10230.0  58620.0
0.0  0.0  10230.0  58840.0
0.0  0.0  10230.0  59080.0
0.0  0.0  10230.0  59190.0
0.0  0.0  10230.0  59190.0
0.0  0.0  10230.0  59420.0
0.0  0.0  10230.0  59650.0
0.0  0.0  10230.0  59880.0
0.0  0.0  10230.0  59880.0
0.0  0.0  10230.0  60100.0
0.0  0.0  10230.0  60340.0
0.0  0.0  10230.0  60560.0
0.0  0.0  10230.0  60680.0
0.0  0.0  10230.0  60680.0
0.0  0.0  10230.0  60900.0
0.0  0.0  10230.0  61140.0
0.0  0.0  10230.0  61360.0
0.0  0.0  10230.0  61600.0
0.0  0.0  10230.0  61600.0
0.0  0.0  10230.0  61820.0
0.0  0.0  10230.0  62050.0
0.0  0.0  10230.0  62160.0
0.0  0.0  10230.0  62400.0
0.0  0.0  10230.0  62400.0
0.0  0.0  10230.0  62620.0
0.0  0.0  10230.0  62850.0
0.0  0.0  10230.0  63080.0
0.0  0.0  10230.0  63310.0
0.0  0.0  10230.0  63310.0
0.0  0.0  10230.0  63420.0
0.0  0.0  10230.0  63660.0
0.0  0.0  10230.0  63880.0
0.0  0.0  10230.0  64110.0
0.0  0.0  10230.0  64110.0
0.0  0.0  10230.0  64340.0
0.0  0.0  10230.0  64570.0
0.0  0.0  10230.0  64790.0
0.0  0.0  10230.0  64790.0
0.0  0.0  10230.0  64920.0
0.0  0.0  10230.0  65140.0
0.0  0.0  10230.0  65370.0
0.0  0.0  10230.0  65600.0
0.0  0.0  10230.0  65600.0
0.0  0.0  10230.0  65830.0
0.0  0.0  10230.0  65940.0
0.0  0.0  10230.0  66290.0
0.0  0.0  10230.0  66400.0
0.0  0.0  10230.0  66400.0
0.0  0.0  10230.0  66630.0
0.0  0.0  10230.0  66850.0
0.0  0.0  10230.0  67090.0
0.0  0.0  10230.0  67090.0
0.0  0.0  10230.0  67310.0
0.0  0.0  10230.0  67540.0
0.0  0.0  10230.0  67660.0
0.0  0.0  10230.0  67890.0
0.0  0.0  10230.0  67890.0
0.0  0.0  10230.0  68110.0
0.0  0.0  10230.0  68350.0
0.0  0.0  10230.0  68570.0
0.0  0.0  10230.0  68800.0
0.0  0.0  10230.0  68800.0
0.0  0.0  10230.0  69030.0
0.0  0.0  10230.0  69150.0
0.0  0.0  10230.0  69370.0
0.0  0.0  10230.0  69610.0
0.0  0.0  10230.0  69610.0
0.0  0.0  10230.0  69830.0
0.0  0.0  10230.0  70060.0
0.0  0.0  10230.0  70290.0
0.0  0.0  10230.0  70290.0
0.0  0.0  10230.0  70410.0
0.0  0.0  10230.0  70630.0
0.0  0.0  10230.0  70860.0
0.0  0.0  10230.0  71090.0
0.0  0.0  10230.0  71090.0
0.0  0.0  10230.0  71320.0
0.0  0.0  10230.0  71540.0
0.0  0.0  10230.0  71780.0
0.0  0.0  10230.0  71890.0
0.0  0.0  10230.0  71890.0
0.0  0.0  10230.0  72120.0
0.0  0.0  10230.0  72350.0
0.0  0.0  10230.0  72580.0
0.0  0.0  10230.0  72580.0
0.0  0.0  10230.0  72800.0
0.0  0.0  10230.0  73040.0
0.0  0.0  10230.0  73260.0
0.0  0.0  10230.0  73260.0
0.0  0.0  10230.0  73490.0
0.0  0.0  10230.0  73720.0
0.0  0.0  10230.0  73950.0
0.0  0.0  10230.0  74060.0
0.0  0.0  10230.0  74060.0
0.0  0.0  10230.0  74300.0
0.0  0.0  10230.0  74520.0
0.0  0.0  10230.0  74750.0
0.0  0.0  10230.0  74750.0
0.0  0.0  10230.0  74980.0
0.0  0.0  10230.0  75210.0
0.0  0.0  10230.0  75430.0
0.0  0.0  10230.0  75550.0
0.0  0.0  10230.0  75550.0
0.0  0.0  10230.0  75780.0
0.0  0.0  10230.0  76010.0
0.0  0.0  10230.0  76240.0
0.0  0.0  10230.0  76470.0
0.0  0.0  10230.0  76470.0
0.0  0.0  10230.0  76690.0
0.0  0.0  10230.0  76810.0
0.0  0.0  10230.0  77150.0
0.0  0.0  10230.0  77270.0
0.0  0.0  10230.0  77270.0
0.0  0.0  10230.0  77610.0
0.0  0.0  10230.0  77730.0
0.0  0.0  10230.0  77730.0
0.0  0.0  10230.0  77950.0
0.0  0.0  10230.0  78180.0
0.0  0.0  10230.0  78410.0
0.0  0.0  10230.0  78640.0
0.0  0.0  10230.0  78640.0
0.0  0.0  10230.0  78860.0
0.0  0.0  10230.0  79100.0
0.0  0.0  10230.0  79210.0
0.0  0.0  10230.0  79440.0
0.0  0.0  10230.0  79440.0
0.0  0.0  10230.0  79670.0
0.0  0.0  10230.0  79900.0
0.0  0.0  10230.0  80120.0
0.0  0.0  10230.0  80120.0
0.0  0.0  10230.0  80360.0
0.0  0.0  10230.0  80470.0
0.0  0.0  10230.0  80810.0
0.0  0.0  10230.0  80810.0
0.0  0.0  10230.0  81040.0
0.0  0.0  10230.0  81270.0
0.0  0.0  10230.0  81270.0
0.0  0.0  10230.0  81500.0
0.0  0.0  10230.0  81730.0
0.0  0.0  10230.0  81960.0
0.0  0.0  10230.0  82070.0
0.0  0.0  10230.0  82070.0
0.0  0.0  10230.0  82300.0
0.0  0.0  10230.0  82530.0
0.0  0.0  10230.0  82750.0
0.0  0.0  10230.0  82990.0
0.0  0.0  10230.0  82990.0
0.0  0.0  10230.0  83100.0
0.0  0.0  10230.0  83440.0
0.0  0.0  10230.0  83560.0
0.0  0.0  10230.0  83790.0
0.0  0.0  10230.0  83790.0
0.0  0.0  10230.0  84010.0
0.0  0.0  10230.0  84250.0
0.0  0.0  10230.0  84480.0
0.0  0.0  10230.0  84700.0
0.0  0.0  10230.0  84700.0
0.0  0.0  10230.0  84810.0
0.0  0.0  10230.0  85050.0
0.0  0.0  10230.0  85270.0
0.0  0.0  10230.0  85500.0
0.0  0.0  10230.0  85500.0
0.0  0.0  10230.0  85730.0
0.0  0.0  10230.0  85850.0
0.0  0.0  10230.0  86070.0
0.0  0.0  10230.0  86310.0
0.0  0.0  10230.0  86310.0
0.0  0.0  10230.0  86530.0
0.0  0.0  10230.0  86760.0
0.0  0.0  10230.0  86990.0
0.0  0.0  10230.0  86990.0
0.0  0.0  10230.0  87220.0
0.0  0.0  10230.0  87330.0
0.0  0.0  10230.0  87680.0
0.0  0.0  10230.0  87790.0
0.0  0.0  10230.0  87790.0
0.0  0.0  10230.0  88020.0
0.0  0.0  10230.0  88250.0
0.0  0.0  10230.0  88480.0
0.0  0.0  10230.0  88700.0
0.0  0.0  10230.0  88700.0
0.0  0.0  10230.0  88820.0
0.0  0.0  10230.0  89050.0
0.0  0.0  10230.0  89280.0
0.0  0.0  10230.0  89280.0
0.0  0.0  10230.0  89500.0
0.0  0.0  10230.0  89740.0
0.0  0.0  10230.0  89960.0
0.0  0.0  10230.0  90080.0
0.0  0.0  10230.0  90080.0
0.0  0.0  10230.0  90310.0
0.0  0.0  10230.0  90540.0
0.0  0.0  10230.0  90760.0
0.0  0.0  10230.0  91000.0
0.0  0.0  10230.0  91000.0
0.0  0.0  10230.0  91220.0
0.0  0.0  10230.0  91450.0
0.0  0.0  10230.0  91570.0
0.0  0.0  10230.0  91800.0
0.0  0.0  10230.0  91800.0
0.0  0.0  10230.0  92020.0
0.0  0.0  10230.0  92260.0
0.0  0.0  10230.0  92480.0
0.0  0.0  10230.0  92710.0
0.0  0.0  10230.0  92710.0
0.0  0.0  10230.0  92820.0
0.0  0.0  10230.0  93060.0
0.0  0.0  10230.0  93280.0
0.0  0.0  10230.0  93280.0
0.0  0.0  10230.0  93510.0
0.0  0.0  10230.0  93740.0
0.0  0.0  10230.0  93970.0
0.0  0.0  10230.0  94200.0
0.0  0.0  10230.0  94200.0
0.0  0.0  10230.0  94320.0
0.0  0.0  10230.0  94540.0
0.0  0.0  10230.0  94770.0
0.0  0.0  10230.0  95000.0
0.0  0.0  10230.0  95000.0
0.0  0.0  10230.0  95230.0
0.0  0.0  10230.0  95450.0
0.0  0.0  10230.0  95690.0
0.0  0.0  10230.0  95690.0
0.0  0.0  10230.0  95910.0
0.0  0.0  10230.0  96030.0
0.0  0.0  10230.0  96260.0
0.0  0.0  10230.0  96490.0
0.0  0.0  10230.0  96490.0
0.0  0.0  10230.0  96710.0
0.0  0.0  10230.0  96950.0
0.0  0.0  10230.0  97170.0
0.0  0.0  10230.0  97400.0
0.0  0.0  10230.0  97400.0
0.0  0.0  10230.0  97510.0
0.0  0.0  10230.0  97750.0
0.0  0.0  10230.0  97970.0
0.0  0.0  10230.0  97970.0
0.0  0.0  10230.0  98210.0
0.0  0.0  10230.0  98430.0
0.0  0.0  10230.0  98660.0
0.0  0.0  10230.0  98890.0
0.0  0.0  10230.0  98890.0
0.0  0.0  10230.0  99010.0
0.0  0.0  10230.0  99230.0
0.0  0.0  10230.0  99460.0
0.0  0.0  10230.0  99690.0
0.0  0.0  10230.0  99690.0
0.0  0.0  10230.0  99920.0
0.0  0.0  10230.0  100030.0
0.0  0.0  10230.0  100290.0
0.0  0.0  10230.0  100290.0
0.0  0.0  10230.0  100530.0
0.0  0.0  10230.0  100780.0
0.0  0.0  10230.0  100910.0
0.0  0.0  10230.0  101160.0
0.0  0.0  10230.0  101160.0
0.0  0.0  10230.0  101400.0
0.0  0.0  10230.0  101660.0
0.0  0.0  10230.0  101780.0
0.0  0.0  10230.0  101780.0
0.0  0.0  10230.0  102030.0
0.0  0.0  10230.0  102280.0
0.0  0.0  10230.0  102410.0
0.0  0.0  10230.0  102650.0
0.0  0.0  10230.0  102650.0
0.0  0.0  10230.0  102910.0
0.0  0.0  10230.0  103150.0
0.0  0.0  10230.0  103280.0
0.0  0.0  10230.0  103530.0
0.0  0.0  10230.0  103530.0
0.0  0.0  10230.0  103650.0
0.0  0.0  10230.0  103900.0
0.0  0.0  10230.0  104150.0
0.0  0.0  10230.0  104280.0
0.0  0.0  10230.0  104280.0
0.0  0.0  10230.0  104520.0
0.0  0.0  10230.0  104770.0
0.0  0.0  10230.0  104900.0
0.0  0.0  10230.0  105150.0
0.0  0.0  10230.0  105400.0
0.0  0.0  10230.0  105400.0
0.0  0.0  10230.0  105650.0
0.0  0.0  10230.0  105770.0
0.0  0.0  10230.0  106020.0
0.0  0.0  10230.0  106020.0
0.0  0.0  10230.0  106280.0
0.0  0.0  10230.0  106400.0
0.0  0.0  10230.0  106640.0
0.0  0.0  10230.0  106900.0
0.0  0.0  10230.0  106900.0
0.0  0.0  10230.0  107020.0
0.0  0.0  10230.0  107270.0
0.0  0.0  10230.0  107530.0
0.0  0.0  10230.0  107650.0
0.0  0.0  10230.0  107650.0
0.0  0.0  10230.0  107890.0
0.0  0.0  10230.0  108140.0
0.0  0.0  10230.0  108270.0
0.0  0.0  10230.0  108520.0
0.0  0.0  10230.0  108520.0
0.0  0.0  10230.0  108760.0
0.0  0.0  10230.0  109020.0
0.0  0.0  10230.0  109140.0
0.0  0.0  10230.0  109390.0
0.0  0.0  10230.0  109390.0
0.0  0.0  10230.0  109640.0
0.0  0.0  10230.0  109770.0
0.0  0.0  10230.0  110010.0
0.0  0.0  10230.0  110010.0
0.0  0.0  10230.0  110270.0
0.0  0.0  10230.0  110390.0
0.0  0.0  10230.0  110640.0
0.0  0.0  10230.0  110890.0
0.0  0.0  10230.0  110890.0
0.0  0.0  10230.0  111020.0
0.0  0.0  10230.0  111260.0
0.0  0.0  10230.0  111520.0
0.0  0.0  10230.0  111760.0
0.0  0.0  10230.0  111760.0
0.0  0.0  10230.0  111890.0
0.0  0.0  10230.0  112130.0
0.0  0.0  10230.0  112390.0
0.0  0.0  10230.0  112510.0
0.0  0.0  10230.0  112510.0
0.0  0.0  10230.0  112760.0
0.0  0.0  10230.0  112890.0
0.0  0.0  10230.0  113140.0
0.0  0.0  10230.0  113140.0
0.0  0.0  10230.0  113380.0
0.0  0.0  10230.0  113640.0
0.0  0.0  10230.0  113640.0
0.0  0.0  10230.0  113880.0
0.0  0.0  10230.0  114130.0
0.0  0.0  10230.0  114390.0
0.0  0.0  10230.0  114510.0
0.0  0.0  10230.0  114510.0
0.0  0.0  10230.0  114750.0
0.0  0.0  10230.0  115010.0
0.0  0.0  10230.0  115260.0
0.0  0.0  10230.0  115260.0
0.0  0.0  10230.0  115380.0
0.0  0.0  10230.0  115640.0
0.0  0.0  10230.0  115880.0
0.0  0.0  10230.0  116000.0
0.0  0.0  10230.0  116000.0
0.0  0.0  10230.0  116260.0
0.0  0.0  10230.0  116380.0
0.0  0.0  10230.0  116630.0
0.0  0.0  10230.0  116880.0
0.0  0.0  10230.0  116880.0
0.0  0.0  10230.0  117130.0
0.0  0.0  10230.0  117250.0
0.0  0.0  10230.0  117510.0
0.0  0.0  10230.0  117760.0
0.0  0.0  10230.0  117760.0
0.0  0.0  10230.0  118000.0
0.0  0.0  10230.0  118120.0
0.0  0.0  10230.0  118380.0
0.0  0.0  10230.0  118380.0
0.0  0.0  10230.0  118630.0
0.0  0.0  10230.0  118750.0
0.0  0.0  10230.0  119000.0
0.0  0.0  10230.0  119250.0
0.0  0.0  10230.0  119250.0
0.0  0.0  10230.0  119370.0
0.0  0.0  10230.0  119630.0
0.0  0.0  10230.0  119870.0
0.0  0.0  10230.0  120120.0
0.0  0.0  10230.0  120120.0
0.0  0.0  10230.0  120250.0
0.0  0.0  10230.0  120500.0
0.0  0.0  10230.0  120750.0
0.0  0.0  10230.0  120750.0
0.0  0.0  10230.0  120880.0
0.0  0.0  10230.0  121120.0
0.0  0.0  10230.0  121370.0
0.0  0.0  10230.0  121630.0
0.0  0.0  10230.0  121630.0
0.0  0.0  10230.0  121750.0
0.0  0.0  10230.0  121990.0
0.0  0.0  10230.0  122250.0
0.0  0.0  10230.0  122250.0
0.0  0.0  10230.0  122500.0
0.0  0.0  10230.0  122620.0
0.0  0.0  10230.0  122880.0
0.0  0.0  10230.0  123000.0
0.0  0.0  10230.0  123000.0
0.0  0.0  10230.0  123240.0
0.0  0.0  10230.0  123500.0
0.0  0.0  10230.0  123750.0
0.0  0.0  10230.0  123870.0
0.0  0.0  10230.0  123870.0
0.0  0.0  10230.0  124110.0
0.0  0.0  10230.0  124370.0
0.0  0.0  10230.0  124490.0
0.0  0.0  10230.0  124740.0
0.0  0.0  10230.0  124740.0
0.0  0.0  10230.0  124990.0
0.0  0.0  10230.0  125240.0
0.0  0.0  10230.0  125360.0
0.0  0.0  10230.0  125360.0
0.0  0.0  10230.0  125620.0
0.0  0.0  10230.0  125740.0
0.0  0.0  10230.0  125990.0
0.0  0.0  10230.0  126240.0
0.0  0.0  10230.0  126240.0
0.0  0.0  10230.0  126370.0
0.0  0.0  10230.0  126610.0
0.0  0.0  10230.0  126870.0
0.0  0.0  10230.0  127110.0
0.0  0.0  10230.0  127110.0
0.0  0.0  10230.0  127240.0
0.0  0.0  10230.0  127490.0
0.0  0.0  10230.0  127740.0
0.0  0.0  10230.0  127860.0
0.0  0.0  10230.0  127860.0
0.0  0.0  10230.0  128110.0
0.0  0.0  10230.0  128360.0
0.0  0.0  10230.0  128610.0
0.0  0.0  10230.0  128730.0
0.0  0.0  10230.0  128730.0
0.0  0.0  10230.0  128990.0
0.0  0.0  10230.0  129110.0
0.0  0.0  10230.0  129360.0
0.0  0.0  10230.0  129610.0
0.0  0.0  10230.0  129610.0
0.0  0.0  10230.0  129860.0
0.0  0.0  10230.0  129980.0
0.0  0.0  10230.0  130240.0
0.0  0.0  10230.0  130240.0
0.0  0.0  10230.0  130480.0
0.0  0.0  10230.0  130610.0
0.0  0.0  10230.0  130860.0
0.0  0.0  10230.0  131110.0
0.0  0.0  10230.0  131110.0
0.0  0.0  10230.0  131350.0
0.0  0.0  10230.0  131490.0
0.0  0.0  10230.0  131730.0
0.0  0.0  10230.0  131980.0
0.0  0.0  10230.0  131980.0
0.0  0.0  10230.0  132100.0
0.0  0.0  10230.0  132360.0
0.0  0.0  10230.0  132600.0
0.0  0.0  10230.0  132600.0
0.0  0.0  10230.0  132730.0
0.0  0.0  10230.0  132980.0
0.0  0.0  10230.0  133230.0
0.0  0.0  10230.0  133480.0
0.0  0.0  10230.0  133480.0
0.0  0.0  10230.0  133610.0
0.0  0.0  10230.0  133850.0
0.0  0.0  10230.0  134100.0
0.0  0.0  10230.0  134230.0
0.0  0.0  10230.0  134230.0
0.0  0.0  10230.0  134480.0
0.0  0.0  10230.0  134720.0
0.0  0.0  10230.0  134980.0
0.0  0.0  10230.0  134980.0
0.0  0.0  10230.0  135100.0
0.0  0.0  10230.0  135350.0
0.0  0.0  10230.0  135480.0
0.0  0.0  10230.0  135730.0
0.0  0.0  10230.0  135730.0
0.0  0.0  10230.0  135970.0
0.0  0.0  10230.0  136090.0
0.0  0.0  10230.0  136350.0
0.0  0.0  10230.0  136600.0
0.0  0.0  10230.0  136720.0
0.0  0.0  10230.0  136850.0
0.0  0.0  10230.0  136980.0
0.0  0.0  10230.0  137220.0
0.0  0.0  10230.0  137480.0
0.0  0.0  10230.0  137480.0
0.0  0.0  10230.0  137600.0
0.0  0.0  10230.0  137850.0
0.0  0.0  10230.0  138090.0
0.0  0.0  10230.0  138220.0
0.0  0.0  10230.0  138470.0
0.0  0.0  10230.0  138470.0
0.0  0.0  10230.0  138720.0
0.0  0.0  10230.0  138850.0
0.0  0.0  10230.0  139100.0
0.0  0.0  10230.0  139100.0
0.0  0.0  10230.0  139340.0
0.0  0.0  10230.0  139470.0
0.0  0.0  10230.0  139720.0
0.0  0.0  10230.0  139970.0
0.0  0.0  10230.0  139970.0
0.0  0.0  10230.0  140220.0
0.0  0.0  10230.0  140340.0
0.0  0.0  10230.0  140590.0
0.0  0.0  10230.0  140850.0
0.0  0.0  10230.0  140850.0
0.0  0.0  10230.0  140970.0
0.0  0.0  10230.0  141210.0
0.0  0.0  10230.0  141470.0
0.0  0.0  10230.0  141590.0
0.0  0.0  10230.0  141590.0
0.0  0.0  10230.0  141840.0
0.0  0.0  10230.0  142090.0
0.0  0.0  10230.0  142220.0
0.0  0.0  10230.0  142220.0
0.0  0.0  10230.0  142460.0
0.0  0.0  10230.0  142710.0
0.0  0.0  10230.0  142840.0
0.0  0.0  10230.0  143090.0
0.0  0.0  10230.0  143090.0
0.0  0.0  10230.0  143330.0
0.0  0.0  10230.0  143590.0
0.0  0.0  10230.0  143710.0
0.0  0.0  10230.0  143960.0
0.0  0.0  10230.0  143960.0
0.0  0.0  10230.0  144220.0
0.0  0.0  10230.0  144460.0
0.0  0.0  10230.0  144580.0
0.0  0.0  10230.0  144580.0
0.0  0.0  10230.0  144840.0
0.0  0.0  10230.0  144960.0
0.0  0.0  10230.0  145210.0
0.0  0.0  10230.0  145460.0
0.0  0.0  10230.0  145460.0
0.0  0.0  10230.0  145710.0
0.0  0.0  10230.0  145830.0
0.0  0.0  10230.0  146080.0
0.0  0.0  10230.0  146330.0
0.0  0.0  10230.0  146330.0
0.0  0.0  10230.0  146580.0
0.0  0.0  10230.0  146700.0
0.0  0.0  10230.0  146960.0
0.0  0.0  10230.0  146960.0
0.0  0.0  10230.0  147210.0
0.0  0.0  10230.0  147330.0
0.0  0.0  10230.0  147580.0
0.0  0.0  10230.0  147830.0
0.0  0.0  10230.0  147830.0
0.0  0.0  10230.0  148080.0
0.0  0.0  10230.0  148210.0
0.0  0.0  10230.0  148450.0
0.0  0.0  10230.0  148580.0
0.0  0.0  10230.0  148580.0
0.0  0.0  10230.0  148830.0
0.0  0.0  10230.0  149080.0
0.0  0.0  10230.0  149320.0
0.0  0.0  10230.0  149460.0
0.0  0.0  10230.0  149460.0
0.0  0.0  10230.0  149700.0
0.0  0.0  10230.0  149950.0
0.0  0.0  10230.0  150070.0
0.0  0.0  10230.0  150070.0
0.0  0.0  10230.0  150330.0
0.0  0.0  10230.0  150570.0
0.0  0.0  10230.0  150700.0
0.0  0.0  10230.0  150950.0
0.0  0.0  10230.0  151080.0
0.0  0.0  10230.0  151200.0
0.0  0.0  10230.0  151320.0
0.0  0.0  10230.0  151580.0
0.0  0.0  10230.0  151820.0
0.0  0.0  10230.0  151950.0
0.0  0.0  10230.0  151950.0
0.0  0.0  10230.0  152200.0
0.0  0.0  10230.0  152450.0
0.0  0.0  10230.0  152690.0
0.0  0.0  10230.0  152690.0
0.0  0.0  10230.0  152830.0
0.0  0.0  10230.0  153070.0
0.0  0.0  10230.0  153320.0
0.0  0.0  10230.0  153450.0
0.0  0.0  10230.0  153450.0
0.0  0.0  10230.0  153700.0
0.0  0.0  10230.0  153940.0
0.0  0.0  10230.0  154070.0
0.0  0.0  10230.0  154320.0
0.0  0.0  10230.0  154320.0
0.0  0.0  10230.0  154570.0
0.0  0.0  10230.0  154690.0
0.0  0.0  10230.0  154950.0
0.0  0.0  10230.0  155190.0
0.0  0.0  10230.0  155190.0
0.0  0.0  10230.0  155320.0
0.0  0.0  10230.0  155570.0
0.0  0.0  10230.0  155820.0
0.0  0.0  10230.0  155820.0
0.0  0.0  10230.0  156060.0
0.0  0.0  10230.0  156200.0
0.0  0.0  10230.0  156440.0
0.0  0.0  10230.0  156690.0
0.0  0.0  10230.0  156690.0
0.0  0.0  10230.0  156820.0
0.0  0.0  10230.0  157070.0
0.0  0.0  10230.0  157310.0
0.0  0.0  10230.0  157570.0
0.0  0.0  10230.0  157570.0
0.0  0.0  10230.0  157690.0
0.0  0.0  10230.0  157940.0
0.0  0.0  10230.0  158190.0
0.0  0.0  10230.0  158190.0
0.0  0.0  10230.0  158320.0
0.0  0.0  10230.0  158560.0
0.0  0.0  10230.0  158820.0
0.0  0.0  10230.0  158940.0
0.0  0.0  10230.0  158940.0
0.0  0.0  10230.0  159190.0
0.0  0.0  10230.0  159440.0
0.0  0.0  10230.0  159690.0
0.0  0.0  10230.0  159810.0
0.0  0.0  10230.0  159810.0
0.0  0.0  10230.0  160060.0
0.0  0.0  10230.0  160310.0
0.0  0.0  10230.0  160440.0
0.0  0.0  10230.0  160680.0
0.0  0.0  10230.0  160680.0
0.0  0.0  10230.0  160940.0
0.0  0.0  10230.0  161060.0
0.0  0.0  10230.0  161310.0
0.0  0.0  10230.0  161310.0
0.0  0.0  10230.0  161560.0
0.0  0.0  10230.0  161810.0
0.0  0.0  10230.0  161930.0
0.0  0.0  10230.0  162190.0
0.0  0.0  10230.0  162190.0
0.0  0.0  10230.0  162430.0
0.0  0.0  10230.0  162560.0
0.0  0.0  10230.0  162810.0
0.0  0.0  10230.0  163060.0
0.0  0.0  10230.0  163060.0
0.0  0.0  10230.0  163180.0
0.0  0.0  10230.0  163440.0
0.0  0.0  10230.0  163680.0
0.0  0.0  10230.0  163680.0
0.0  0.0  10230.0  163930.0
0.0  0.0  10230.0  164050.0
0.0  0.0  10230.0  164310.0
0.0  0.0  10230.0  164430.0
0.0  0.0  10230.0  164430.0
0.0  0.0  10230.0  164670.0
0.0  0.0  10230.0  164930.0
0.0  0.0  10230.0  165180.0
0.0  0.0  10230.0  165300.0
0.0  0.0  10230.0  165300.0
0.0  0.0  10230.0  165560.0
0.0  0.0  10230.0  165800.0
0.0  0.0  10230.0  165920.0
0.0  0.0  10230.0  166180.0
0.0  0.0  10230.0  166180.0
0.0  0.0  10230.0  166430.0
0.0  0.0  10230.0  166550.0
0.0  0.0  10230.0  166800.0
0.0  0.0  10230.0  167050.0
0.0  0.0  10230.0  167050.0
0.0  0.0  10230.0  167300.0
0.0  0.0  10230.0  167430.0
0.0  0.0  10230.0  167680.0
0.0  0.0  10230.0  167800.0
0.0  0.0  10230.0  167800.0
0.0  0.0  10230.0  168040.0
0.0  0.0  10230.0  168300.0
0.0  0.0  10230.0  168420.0
0.0  0.0  10230.0  168670.0
0.0  0.0  10230.0  168670.0
0.0  0.0  10230.0  168920.0
0.0  0.0  10230.0  169050.0
0.0  0.0  10230.0  169290.0
0.0  0.0  10230.0  169550.0
0.0  0.0  10230.0  169550.0
0.0  0.0  10230.0  169790.0
0.0  0.0  10230.0  169920.0
0.0  0.0  10230.0  170170.0
0.0  0.0  10230.0  170420.0
0.0  0.0  10230.0  170420.0
0.0  0.0  10230.0  170540.0
0.0  0.0  10230.0  170800.0
0.0  0.0  10230.0  171040.0
0.0  0.0  10230.0  171170.0
0.0  0.0  10230.0  171170.0
0.0  0.0  10230.0  171420.0
0.0  0.0  10230.0  171670.0
0.0  0.0  10230.0  171790.0
0.0  0.0  10230.0  172040.0
0.0  0.0  10230.0  172040.0
0.0  0.0  10230.0  172290.0
0.0  0.0  10230.0  172420.0
0.0  0.0  10230.0  172660.0
0.0  0.0  10230.0  172660.0
0.0  0.0  10230.0  172920.0
0.0  0.0  10230.0  173160.0
0.0  0.0  10230.0  173290.0
0.0  0.0  10230.0  173540.0
0.0  0.0  10230.0  173540.0
0.0  0.0  10230.0  173790.0
0.0  0.0  10230.0  173910.0
0.0  0.0  10230.0  174170.0
0.0  0.0  10230.0  174290.0
0.0  0.0  10230.0  174290.0
0.0  0.0  10230.0  174540.0
0.0  0.0  10230.0  174790.0
0.0  0.0  10230.0  175040.0
0.0  0.0  10230.0  175160.0
0.0  0.0  10230.0  175160.0
0.0  0.0  10230.0  175420.0
0.0  0.0  10230.0  175660.0
0.0  0.0  10230.0  175790.0
0.0  0.0  10230.0  176030.0
0.0  0.0  10230.0  176030.0
0.0  0.0  10230.0  176290.0
0.0  0.0  10230.0  176530.0
0.0  0.0  10230.0  176660.0
0.0  0.0  10230.0  176910.0
0.0  0.0  10230.0  176910.0
0.0  0.0  10230.0  177030.0
0.0  0.0  10230.0  177280.0
0.0  0.0  10230.0  177540.0
0.0  0.0  10230.0  177780.0
0.0  0.0  10230.0  177780.0
0.0  0.0  10230.0  177900.0
0.0  0.0  10230.0  178160.0
0.0  0.0  10230.0  178410.0
0.0  0.0  10230.0  178530.0
0.0  0.0  10230.0  178530.0
0.0  0.0  10230.0  178790.0
0.0  0.0  10230.0  179030.0
0.0  0.0  10230.0  179150.0
0.0  0.0  10230.0  179150.0
0.0  0.0  10230.0  179410.0
0.0  0.0  10230.0  179660.0
0.0  0.0  10230.0  179900.0
0.0  0.0  10230.0  180020.0
0.0  0.0  10230.0  180020.0
0.0  0.0  10230.0  180280.0
0.0  0.0  10230.0  180530.0
0.0  0.0  10230.0  180650.0
0.0  0.0  10230.0  180910.0
0.0  0.0  10230.0  180910.0
0.0  0.0  10230.0  181150.0
0.0  0.0  10230.0  181270.0
0.0  0.0  10230.0  181530.0
0.0  0.0  10230.0  181530.0
0.0  0.0  10230.0  181780.0
0.0  0.0  10230.0  181900.0
0.0  0.0  10230.0  182150.0
0.0  0.0  10230.0  182400.0
0.0  0.0  10230.0  182400.0
0.0  0.0  10230.0  182650.0
0.0  0.0  10230.0  182780.0
0.0  0.0  10230.0  183020.0
0.0  0.0  10230.0  183270.0
0.0  0.0  10230.0  183270.0
0.0  0.0  10230.0  183400.0
0.0  0.0  10230.0  183650.0
0.0  0.0  10230.0  183900.0
0.0  0.0  10230.0  184020.0
0.0  0.0  10230.0  184020.0
0.0  0.0  10230.0  184270.0
0.0  0.0  10230.0  184520.0
0.0  0.0  10230.0  184640.0
0.0  0.0  10230.0  184900.0
0.0  0.0  10230.0  184900.0
0.0  0.0  10230.0  185140.0
0.0  0.0  10230.0  185400.0
0.0  0.0  10230.0  185520.0
0.0  0.0  10230.0  185520.0
0.0  0.0  10230.0  185770.0
0.0  0.0  10230.0  186010.0
0.0  0.0  10230.0  186150.0
0.0  0.0  10230.0  186390.0
0.0  0.0  10230.0  186390.0
0.0  0.0  10230.0  186640.0
0.0  0.0  10230.0  186770.0
0.0  0.0  10230.0  187020.0
0.0  0.0  10230.0  187260.0
0.0  0.0  10230.0  187260.0
0.0  0.0  10230.0  187520.0
0.0  0.0  10230.0  187640.0
0.0  0.0  10230.0  187890.0
0.0  0.0  10230.0  188010.0
0.0  0.0  10230.0  188140.0
0.0  0.0  10230.0  188270.0
0.0  0.0  10230.0  188510.0
0.0  0.0  10230.0  188770.0
0.0  0.0  10230.0  188770.0
0.0  0.0  10230.0  189020.0
0.0  0.0  10230.0  189140.0
0.0  0.0  10230.0  189390.0
0.0  0.0  10230.0  189520.0
0.0  0.0  10230.0  189640.0
0.0  0.0  10230.0  189760.0
0.0  0.0  10230.0  190010.0
0.0  0.0  10230.0  190260.0
0.0  0.0  10230.0  190390.0
0.0  0.0  10230.0  190390.0
0.0  0.0  10230.0  190630.0
0.0  0.0  10230.0  190890.0
0.0  0.0  10230.0  191010.0
0.0  0.0  10230.0  191010.0
0.0  0.0  10230.0  191260.0
0.0  0.0  10230.0  191510.0
0.0  0.0  10230.0  191760.0
0.0  0.0  10230.0  191880.0
0.0  0.0  10230.0  191880.0
0.0  0.0  10230.0  192140.0
0.0  0.0  10230.0  192380.0
0.0  0.0  10230.0  192510.0
0.0  0.0  10230.0  192760.0
0.0  0.0  10230.0  192760.0
0.0  0.0  10230.0  193010.0
0.0  0.0  10230.0  193130.0
0.0  0.0  10230.0  193390.0
0.0  0.0  10230.0  193630.0
0.0  0.0  10230.0  193630.0
0.0  0.0  10230.0  193760.0
0.0  0.0  10230.0  194000.0
0.0  0.0  10230.0  194260.0
0.0  0.0  10230.0  194380.0
0.0  0.0  10230.0  194380.0
0.0  0.0  10230.0  194630.0
0.0  0.0  10230.0  194880.0
0.0  0.0  10230.0  195130.0
0.0  0.0  10230.0  195130.0
0.0  0.0  10230.0  195250.0
0.0  0.0  10230.0  195510.0
0.0  0.0  10230.0  195750.0
0.0  0.0  10230.0  195880.0
0.0  0.0  10230.0  195880.0
0.0  0.0  10230.0  196130.0
0.0  0.0  10230.0  196380.0
0.0  0.0  10230.0  196500.0
0.0  0.0  10230.0  196760.0
0.0  0.0  10230.0  196760.0
0.0  0.0  10230.0  197000.0
0.0  0.0  10230.0  197250.0
0.0  0.0  10230.0  197380.0
0.0  0.0  10230.0  197380.0
0.0  0.0  10230.0  197630.0
0.0  0.0  10230.0  197870.0
0.0  0.0  10230.0  198130.0
0.0  0.0  10230.0  198250.0
0.0  0.0  10230.0  198250.0
0.0  0.0  10230.0  198500.0
0.0  0.0  10230.0  198750.0
0.0  0.0  10230.0  198880.0
0.0  0.0  10230.0  199120.0
0.0  0.0  10230.0  199120.0
0.0  0.0  10230.0  199380.0
0.0  0.0  10230.0  199500.0
0.0  0.0  10230.0  199750.0
0.0  0.0  10230.0  199750.0
0.0  0.0  10230.0  199990.0
0.0  0.0  10230.0  200130.0
0.0  0.0  10230.0  200370.0
0.0  0.0  10230.0  200620.0
0.0  0.0  10230.0  200620.0
0.0  0.0  10230.0  200870.0
0.0  0.0  10230.0  201000.0
0.0  0.0  10230.0  201240.0
0.0  0.0  10230.0  201500.0
0.0  0.0  10230.0  201500.0
0.0  0.0  10230.0  201620.0
0.0  0.0  10230.0  201870.0
0.0  0.0  10230.0  202120.0
0.0  0.0  10230.0  202370.0
0.0  0.0  10230.0  202370.0
0.0  0.0  10230.0  202490.0
0.0  0.0  10230.0  202750.0
0.0  0.0  10230.0  202870.0
0.0  0.0  10230.0  203120.0
0.0  0.0  10230.0  203120.0
0.0  0.0  10230.0  203370.0
0.0  0.0  10230.0  203620.0
0.0  0.0  10230.0  203740.0
0.0  0.0  10230.0  203740.0
0.0  0.0  10230.0  203990.0
0.0  0.0  10230.0  204240.0
0.0  0.0  10230.0  204360.0
0.0  0.0  10230.0  204610.0
0.0  0.0  10230.0  204610.0
0.0  0.0  10230.0  204870.0
0.0  0.0  10230.0  204990.0
0.0  0.0  10230.0  205240.0
0.0  0.0  10230.0  205490.0
0.0  0.0  10230.0  205740.0
0.0  0.0  10230.0  205740.0
0.0  0.0  10230.0  205860.0
0.0  0.0  10230.0  206120.0
0.0  0.0  10230.0  206240.0
0.0  0.0  10230.0  206240.0
0.0  0.0  10230.0  206480.0
0.0  0.0  10230.0  206740.0
0.0  0.0  10230.0  206990.0
0.0  0.0  10230.0  207110.0
0.0  0.0  10230.0  207110.0
0.0  0.0  10230.0  207370.0
0.0  0.0  10230.0  207610.0
0.0  0.0  10230.0  207730.0
0.0  0.0  10230.0  207730.0
0.0  0.0  10230.0  207980.0
0.0  0.0  10230.0  208240.0
0.0  0.0  10230.0  208480.0
0.0  0.0  10230.0  208600.0
0.0  0.0  10230.0  208600.0
0.0  0.0  10230.0  208860.0
0.0  0.0  10230.0  209110.0
0.0  0.0  10230.0  209230.0
0.0  0.0  10230.0  209480.0
0.0  0.0  10230.0  209480.0
0.0  0.0  10230.0  209730.0
0.0  0.0  10230.0  209850.0
0.0  0.0  10230.0  210110.0
0.0  0.0  10230.0  210360.0
0.0  0.0  10230.0  210360.0
0.0  0.0  10230.0  210480.0
0.0  0.0  10230.0  210730.0
0.0  0.0  10230.0  210980.0
0.0  0.0  10230.0  211230.0
0.0  0.0  10230.0  211230.0
0.0  0.0  10230.0  211360.0
0.0  0.0  10230.0  211600.0
0.0  0.0  10230.0  211850.0
0.0  0.0  10230.0  211970.0
0.0  0.0  10230.0  211970.0
0.0  0.0  10230.0  212230.0
0.0  0.0  10230.0  212350.0
0.0  0.0  10230.0  212600.0
0.0  0.0  10230.0  212600.0
0.0  0.0  10230.0  212850.0
0.0  0.0  10230.0  212980.0
0.0  0.0  10230.0  213220.0
0.0  0.0  10230.0  213480.0
0.0  0.0  10230.0  213480.0
0.0  0.0  10230.0  213720.0
0.0  0.0  10230.0  213850.0
0.0  0.0  10230.0  214100.0
0.0  0.0  10230.0  214100.0
0.0  0.0  10230.0  214350.0
0.0  0.0  10230.0  214590.0
0.0  0.0  10230.0  214730.0
0.0  0.0  10230.0  214970.0
0.0  0.0  10230.0  214970.0
0.0  0.0  10230.0  215220.0
0.0  0.0  10230.0  215480.0
0.0  0.0  10230.0  215600.0
0.0  0.0  10230.0  215840.0
0.0  0.0  10230.0  215840.0
0.0  0.0  10230.0  215970.0
0.0  0.0  10230.0  216220.0
0.0  0.0  10230.0  216470.0
0.0  0.0  10230.0  216720.0
0.0  0.0  10230.0  216720.0
0.0  0.0  10230.0  216850.0
0.0  0.0  10230.0  217090.0
0.0  0.0  10230.0  217350.0
0.0  0.0  10230.0  217470.0
0.0  0.0  10230.0  217470.0
0.0  0.0  10230.0  217720.0
0.0  0.0  10230.0  217960.0
0.0  0.0  10230.0  218220.0
0.0  0.0  10230.0  218220.0
0.0  0.0  10230.0  218340.0
0.0  0.0  10230.0  218590.0
0.0  0.0  10230.0  218720.0
0.0  0.0  10230.0  218970.0
0.0  0.0  10230.0  218970.0
0.0  0.0  10230.0  219210.0
0.0  0.0  10230.0  219470.0
0.0  0.0  10230.0  219590.0
0.0  0.0  10230.0  219840.0
0.0  0.0  10230.0  219840.0
0.0  0.0  10230.0  220090.0
0.0  0.0  10230.0  220220.0
0.0  0.0  10230.0  220460.0
0.0  0.0  10230.0  220720.0
0.0  0.0  10230.0  220720.0
0.0  0.0  10230.0  220840.0
0.0  0.0  10230.0  221090.0
0.0  0.0  10230.0  221340.0
0.0  0.0  10230.0  221590.0
0.0  0.0  10230.0  221590.0
0.0  0.0  10230.0  221710.0
0.0  0.0  10230.0  221960.0
0.0  0.0  10230.0  222090.0
0.0  0.0  10230.0  222090.0
0.0  0.0  10230.0  222340.0
0.0  0.0  10230.0  222580.0
0.0  0.0  10230.0  222840.0
0.0  0.0  10230.0  222960.0
0.0  0.0  10230.0  222960.0
0.0  0.0  10230.0  223210.0
0.0  0.0  10230.0  223460.0
0.0  0.0  10230.0  223710.0
0.0  0.0  10230.0  223830.0
0.0  0.0  10230.0  223830.0
0.0  0.0  10230.0  224090.0
0.0  0.0  10230.0  224330.0
0.0  0.0  10230.0  224460.0
0.0  0.0  10230.0  224710.0
0.0  0.0  10230.0  224710.0
0.0  0.0  10230.0  224960.0
0.0  0.0  10230.0  225080.0
0.0  0.0  10230.0  225340.0
0.0  0.0  10230.0  225340.0
0.0  0.0  10230.0  225580.0
0.0  0.0  10230.0  225710.0
0.0  0.0  10230.0  225950.0
0.0  0.0  10230.0  226210.0
0.0  0.0  10230.0  226210.0
0.0  0.0  10230.0  226330.0
0.0  0.0  10230.0  226580.0
0.0  0.0  10230.0  226830.0
0.0  0.0  10230.0  227080.0
0.0  0.0  10230.0  227080.0
0.0  0.0  10230.0  227200.0
0.0  0.0  10230.0  227460.0
0.0  0.0  10230.0  227700.0
0.0  0.0  10230.0  227950.0
0.0  0.0  10230.0  227950.0
0.0  0.0  10230.0  228080.0
0.0  0.0  10230.0  228330.0
0.0  0.0  10230.0  228450.0
0.0  0.0  10230.0  228450.0
0.0  0.0  10230.0  228710.0
0.0  0.0  10230.0  228950.0
0.0  0.0  10230.0  229200.0
0.0  0.0  10230.0  229330.0
0.0  0.0  10230.0  229330.0
0.0  0.0  10230.0  229580.0
0.0  0.0  10230.0  229820.0
0.0  0.0  10230.0  229940.0
0.0  0.0  10230.0  230200.0
0.0  0.0  10230.0  230200.0
0.0  0.0  10230.0  230450.0
0.0  0.0  10230.0  230570.0
0.0  0.0  10230.0  230830.0
0.0  0.0  10230.0  231070.0
0.0  0.0  10230.0  231070.0
0.0  0.0  10230.0  231330.0
0.0  0.0  10230.0  231450.0
0.0  0.0  10230.0  231700.0
0.0  0.0  10230.0  231700.0
0.0  0.0  10230.0  231820.0
0.0  0.0  10230.0  232070.0
0.0  0.0  10230.0  232320.0
0.0  0.0  10230.0  232440.0
0.0  0.0  10230.0  232700.0
0.0  0.0  10230.0  232700.0
0.0  0.0  10230.0  232940.0
0.0  0.0  10230.0  233070.0
0.0  0.0  10230.0  233320.0
0.0  0.0  10230.0  233570.0
0.0  0.0  10230.0  233570.0
0.0  0.0  10230.0  233820.0
0.0  0.0  10230.0  233940.0
0.0  0.0  10230.0  234190.0
0.0  0.0  10230.0  234440.0
0.0  0.0  10230.0  234440.0
0.0  0.0  10230.0  234560.0
0.0  0.0  10230.0  234820.0
0.0  0.0  10230.0  234940.0
0.0  0.0  10230.0  235190.0
0.0  0.0  10230.0  235190.0
0.0  0.0  10230.0  235440.0
0.0  0.0  10230.0  235690.0
0.0  0.0  10230.0  235810.0
0.0  0.0  10230.0  235810.0
0.0  0.0  10230.0  236070.0
0.0  0.0  10230.0  236310.0
0.0  0.0  10230.0  236440.0
0.0  0.0  10230.0  236690.0
0.0  0.0  10230.0  236690.0
0.0  0.0  10230.0  236940.0
0.0  0.0  10230.0  237180.0
0.0  0.0  10230.0  237320.0
0.0  0.0  10230.0  237560.0
0.0  0.0  10230.0  237560.0
0.0  0.0  10230.0  237810.0
0.0  0.0  10230.0  237930.0
0.0  0.0  10230.0  238190.0
0.0  0.0  10230.0  238310.0
0.0  0.0  10230.0  238560.0
0.0  0.0  10230.0  238810.0
0.0  0.0  10230.0  238810.0
0.0  0.0  10230.0  239060.0
0.0  0.0  10230.0  239180.0
0.0  0.0  10230.0  239440.0
0.0  0.0  10230.0  239680.0
0.0  0.0  10230.0  239680.0
0.0  0.0  10230.0  239810.0
0.0  0.0  10230.0  240060.0
0.0  0.0  10230.0  240310.0
0.0  0.0  10230.0  240430.0
0.0  0.0  10230.0  240550.0
0.0  0.0  10230.0  240690.0
0.0  0.0  10230.0  240930.0
0.0  0.0  10230.0  241050.0
0.0  0.0  10230.0  241310.0
0.0  0.0  10230.0  241310.0
0.0  0.0  10230.0  241560.0
0.0  0.0  10230.0  241680.0
0.0  0.0  10230.0  241930.0
0.0  0.0  10230.0  242180.0
0.0  0.0  10230.0  242180.0
0.0  0.0  10230.0  242300.0
0.0  0.0  10230.0  242550.0
0.0  0.0  10230.0  242810.0
0.0  0.0  10230.0  243050.0
0.0  0.0  10230.0  243170.0
0.0  0.0  10230.0  243170.0
0.0  0.0  10230.0  243430.0
0.0  0.0  10230.0  243680.0
0.0  0.0  10230.0  243800.0
0.0  0.0  10230.0  243800.0
0.0  0.0  10230.0  244060.0
0.0  0.0  10230.0  244300.0
0.0  0.0  10230.0  244420.0
0.0  0.0  10230.0  244680.0
0.0  0.0  10230.0  244680.0
0.0  0.0  10230.0  244930.0
0.0  0.0  10230.0  245050.0
0.0  0.0  10230.0  245300.0
0.0  0.0  10230.0  245550.0
0.0  0.0  10230.0  245550.0
0.0  0.0  10230.0  245800.0
0.0  0.0  10230.0  245920.0
0.0  0.0  10230.0  246170.0
0.0  0.0  10230.0  246170.0
0.0  0.0  10230.0  246420.0
0.0  0.0  10230.0  246680.0
0.0  0.0  10230.0  246800.0
0.0  0.0  10230.0  247050.0
0.0  0.0  10230.0  247050.0
0.0  0.0  10230.0  247300.0
0.0  0.0  10230.0  247550.0
