 43.419  596.0  2390.0  6490.0
43.419  596.0  2390.0  6490.0
43.419  596.0  2390.0  6490.0
43.419  596.0  2390.0  6490.0
43.419  596.0  2390.0  6490.0
43.419  596.0  2390.0  6490.0
43.419  596.0  2390.0  6490.0
43.419  596.0  2390.0  6490.0
43.419  596.0  2390.0  6490.0
43.419  596.0  2390.0  6490.0
43.419  596.0  2390.0  6490.0
43.419  596.0  2390.0  6490.0
43.419  596.0  2390.0  6490.0
43.419  596.0  2390.0  6490.0
43.419  596.0  2390.0  6490.0
43.419  596.0  2390.0  6490.0
43.419  596.0  2390.0  6490.0
43.419  596.0  2390.0  6490.0
43.419  596.0  2390.0  6490.0
43.419  596.0  2390.0  6490.0
43.419  596.0  2390.0  6490.0
43.419  596.0  2390.0  6490.0
43.419  596.0  2390.0  6490.0
43.419  596.0  2390.0  6490.0
43.419  596.0  2390.0  6490.0
43.419  596.0  2390.0  6490.0
43.419  596.0  2390.0  6490.0
43.419  596.0  2390.0  6490.0
43.419  596.0  2390.0  6490.0
43.419  596.0  2390.0  6490.0
43.419  596.0  2390.0  6490.0
43.419  596.0  2390.0  6490.0
43.419  596.0  2390.0  6490.0
43.419  596.0  2390.0  6490.0
43.419  596.0  2390.0  6490.0
43.419  596.0  2390.0  6490.0
43.419  596.0  2390.0  6490.0
43.419  596.0  2390.0  6490.0
43.419  596.0  2390.0  6490.0
43.419  596.0  2390.0  6490.0
43.419  596.0  6890.0  7490.0
43.419  596.0  6890.0  6740.0
43.419  596.0  6180.0  5910.0
43.419  596.0  6180.0  5910.0
43.419  596.0  5200.0  4860.0
43.419  596.0  3260.0  1050.0
43.419  596.0  4210.0  1180.0
43.419  596.0  5140.0  1740.0
43.419  596.0  5140.0  1740.0
43.419  596.0  1630.0  4800.0
43.419  596.0  1300.0  3400.0
43.419  596.0  1400.0  2170.0
43.419  596.0  1400.0  2170.0
43.419  596.0  1870.0  1170.0
43.419  596.0  3400.0  6620.0
43.419  596.0  2400.0  5940.0
43.419  596.0  2400.0  5940.0
43.419  596.0  1590.0  4860.0
43.419  596.0  6130.0  4200.0
43.419  596.0  5490.0  6000.0
43.419  596.0  3600.0  710.0
43.419  596.0  3600.0  710.0
43.419  596.0  5300.0  2040.0
43.419  596.0  5930.0  3070.0
43.419  596.0  5790.0  5210.0
43.419  596.0  1960.0  380.0
43.419  596.0  1960.0  380.0
43.419  596.0  3750.0  760.0
43.419  596.0  1040.0  4120.0
43.419  596.0  770.0  1820.0
43.419  596.0  1340.0  820.0
43.419  596.0  1340.0  820.0
43.419  596.0  2800.0  440.0
43.419  596.0  1560.0  4940.0
43.419  596.0  830.0  2650.0
43.419  596.0  830.0  2650.0
43.419  596.0  4070.0  6340.0
43.419  596.0  4730.0  1390.0
43.419  596.0  5470.0  2350.0
0.0  21232.0  5470.0  2350.0
0.0010  211.0  5810.0  4490.0
0.0010  211.0  2750.0  420.0
0.0020  197.0  4730.0  1390.0
0.0030  195.0  750.0  2540.0
0.016  368.0  750.0  2540.0
0.016  368.0  840.0  710.0
0.041  265.0  2760.0  400.0
0.058  351.0  4750.0  1380.0
0.082  218.0  730.0  2490.0
0.099  309.0  730.0  2490.0
0.099  309.0  3950.0  6300.0
0.126  159.0  2210.0  5810.0
0.145  147.0  1400.0  4770.0
0.163  175.0  5760.0  4520.0
0.192  294.0  3910.0  6300.0
0.192  294.0  3910.0  6300.0
0.22  270.0  2190.0  5800.0
0.239  294.0  5500.0  2360.0
0.294  337.0  2170.0  5820.0
0.314  319.0  1360.0  4750.0
0.314  319.0  1360.0  4750.0
0.332  288.0  5800.0  4580.0
0.351  252.0  2810.0  400.0
0.351  252.0  2810.0  400.0
0.379  288.0  4820.0  1440.0
0.398  312.0  5560.0  2420.0
0.416  334.0  830.0  580.0
0.445  163.0  3870.0  6290.0
0.445  163.0  2830.0  430.0
0.463  180.0  4800.0  1480.0
0.482  210.0  5520.0  2440.0
0.5  240.0  870.0  580.0
0.52  270.0  870.0  580.0
0.52  270.0  2110.0  5650.0
0.547  171.0  1340.0  4580.0
0.566  160.0  730.0  2320.0
0.585  165.0  910.0  570.0
0.585  165.0  910.0  570.0
0.611  0.0  2070.0  5550.0
0.625  0.0  1340.0  4510.0
0.651  83.0  5550.0  4540.0
0.666  1.0  5550.0  4540.0
0.666  1.0  2870.0  460.0
0.691  79.0  4690.0  1540.0
0.708  11.0  5370.0  2470.0
0.734  123.0  910.0  530.0
0.758  89.0  910.0  530.0
0.758  89.0  2860.0  450.0
0.777  140.0  4670.0  1540.0
0.798  0.0  700.0  2170.0
0.82  0.0  890.0  470.0
0.842  0.0  890.0  470.0
0.842  0.0  2880.0  450.0
0.864  0.0  1230.0  4360.0
0.885  0.0  690.0  2140.0
0.908  0.0  880.0  440.0
0.922  0.0  880.0  440.0
0.922  0.0  1940.0  5430.0
0.944  0.0  1220.0  4360.0
0.967  10.0  5480.0  4600.0
0.994  113.0  5480.0  4600.0
0.994  113.0  3560.0  6080.0
1.01  78.0  1930.0  5420.0
1.029  61.0  5470.0  2530.0
1.048  0.0  5500.0  4660.0
1.073  0.0  5500.0  4660.0
1.073  0.0  2990.0  460.0
1.089  0.0  4810.0  1610.0
1.115  0.0  5480.0  2580.0
1.14  0.0  5480.0  2580.0
1.157  0.0  930.0  400.0
1.157  0.0  3020.0  490.0
1.182  0.0  1190.0  4290.0
1.2  0.0  690.0  2050.0
1.224  0.0  690.0  2050.0
1.224  0.0  960.0  400.0
1.243  0.0  1860.0  5290.0
1.26  0.0  1160.0  4240.0
1.285  0.0  670.0  2020.0
1.302  0.0  670.0  2020.0
1.302  0.0  3450.0  5990.0
1.33  57.0  1830.0  5230.0
1.348  24.0  1140.0  4180.0
1.368  26.0  5380.0  4670.0
1.368  26.0  5380.0  4670.0
1.388  17.0  3410.0  5980.0
1.408  14.0  1810.0  5210.0
1.427  17.0  5430.0  2620.0
1.457  169.0  940.0  320.0
1.457  169.0  940.0  320.0
1.475  168.0  3060.0  480.0
1.501  0.0  4810.0  1680.0
1.518  0.0  5430.0  2650.0
1.534  0.0  960.0  320.0
1.534  0.0  960.0  320.0
1.56  0.0  3080.0  500.0
1.586  0.0  4810.0  1700.0
1.602  0.0  620.0  1890.0
1.628  0.0  970.0  310.0
1.628  0.0  970.0  310.0
1.645  0.0  3100.0  490.0
1.661  0.0  1050.0  4070.0
1.687  0.0  630.0  1860.0
1.687  0.0  630.0  1860.0
1.704  0.0  3330.0  5930.0
1.722  0.0  1730.0  5100.0
1.747  0.0  5430.0  2720.0
1.774  21.0  5310.0  4760.0
1.774  21.0  5310.0  4760.0
1.792  15.0  3280.0  5930.0
1.816  0.0  4820.0  1750.0
1.833  23.0  5430.0  2720.0
1.86  0.0  5300.0  4730.0
1.876  0.0  2330.0  290.0
1.901  0.0  4210.0  1020.0
1.901  0.0  4210.0  1020.0
1.92  0.0  4930.0  1930.0
1.936  0.0  670.0  860.0
1.961  0.0  2330.0  310.0
1.961  0.0  2330.0  310.0
1.98  0.0  4190.0  1050.0
2.004  0.0  800.0  2620.0
2.022  0.0  680.0  850.0
2.049  0.0  2340.0  290.0
2.049  0.0  2340.0  290.0
2.074  30.0  1510.0  4710.0
2.092  16.0  770.0  2590.0
2.109  0.0  3910.0  5890.0
2.134  0.0  2290.0  5590.0
2.134  0.0  2290.0  5590.0
2.158  0.0  1480.0  4680.0
2.176  0.0  760.0  2550.0
2.2  0.0  3880.0  5870.0
2.2  0.0  2260.0  5580.0
2.216  0.0  2260.0  5580.0
2.242  0.0  1470.0  4670.0
2.267  0.0  5430.0  3990.0
2.283  0.0  2380.0  300.0
2.283  0.0  2380.0  300.0
2.299  0.0  4260.0  1100.0
2.325  0.0  4970.0  2010.0
2.341  0.0  700.0  750.0
2.366  0.0  2400.0  310.0
2.366  0.0  2400.0  310.0
2.383  0.0  4280.0  1130.0
2.409  0.0  710.0  2480.0
2.434  1.0  700.0  730.0
2.451  8.0  2410.0  310.0
2.451  8.0  2410.0  310.0
2.476  0.0  1410.0  4610.0
2.493  16.0  710.0  2460.0
2.511  10.0  3800.0  5880.0
2.511  10.0  2170.0  5530.0
2.536  0.0  2170.0  5530.0
2.553  12.0  1410.0  4580.0
2.572  12.0  5420.0  4080.0
2.596  0.0  3770.0  5880.0
2.596  0.0  2160.0  5520.0
2.622  0.0  2160.0  5520.0
2.639  0.0  5030.0  2110.0
2.664  0.0  5410.0  4100.0
2.681  0.0  2470.0  320.0
2.681  0.0  2470.0  320.0
2.699  0.0  4340.0  1210.0
2.724  0.0  5040.0  2120.0
2.742  0.0  740.0  660.0
2.742  0.0  2490.0  320.0
2.766  0.0  2490.0  320.0
2.784  0.0  1360.0  4510.0
2.81  12.0  660.0  2360.0
2.827  0.0  730.0  640.0
2.827  0.0  2090.0  5470.0
2.852  5.0  2090.0  5470.0
2.869  0.0  1330.0  4490.0
2.893  8.0  5400.0  4180.0
2.893  8.0  3710.0  5890.0
2.92  0.0  3710.0  5890.0
2.936  0.0  2080.0  5460.0
2.961  0.0  1330.0  4470.0
2.987  0.0  5410.0  4200.0
2.987  0.0  3680.0  5900.0
3.005  0.0  2060.0  5470.0
3.023  0.0  5140.0  2200.0
3.043  0.0  5140.0  2200.0
3.043  0.0  740.0  550.0
3.073  112.0  2570.0  340.0
3.092  109.0  2570.0  340.0
3.112  105.0  1310.0  4470.0
3.112  105.0  630.0  2270.0
3.131  94.0  740.0  530.0
3.149  61.0  740.0  530.0
3.18  131.0  2040.0  5520.0
3.2  138.0  1280.0  4490.0
3.2  138.0  620.0  2270.0
3.219  141.0  3690.0  6050.0
3.239  144.0  3690.0  6050.0
3.259  151.0  2060.0  5590.0
3.278  156.0  1310.0  4550.0
3.278  156.0  5540.0  4410.0
3.298  162.0  3720.0  6150.0
3.318  160.0  3720.0  6150.0
3.338  170.0  2090.0  5730.0
3.367  33.0  5400.0  2330.0
3.367  33.0  5590.0  4500.0
3.387  32.0  3750.0  6240.0
3.406  32.0  3750.0  6240.0
3.426  34.0  4740.0  1450.0
3.446  34.0  5430.0  2400.0
3.446  34.0  1000.0  1270.0
3.466  37.0  1000.0  1270.0
3.485  39.0  1580.0  480.0
3.506  45.0  2040.0  5590.0
3.535  178.0  1300.0  4430.0
3.535  178.0  780.0  2070.0
3.555  174.0  970.0  330.0
3.575  178.0  970.0  330.0
3.595  173.0  1910.0  5480.0
3.595  173.0  1220.0  4350.0
3.614  168.0  5440.0  4760.0
3.635  151.0  5440.0  4760.0
3.654  136.0  3500.0  6180.0
3.683  52.0  1880.0  5450.0
3.683  52.0  5610.0  2680.0
3.703  64.0  5550.0  4850.0
3.723  74.0  5550.0  4850.0
3.742  89.0  4260.0  6180.0
3.762  95.0  4300.0  1000.0
3.762  95.0  5140.0  1910.0
3.782  92.0  5140.0  1910.0
3.802  99.0  660.0  960.0
3.822  106.0  2360.0  280.0
3.843  97.0  4380.0  990.0
3.843  97.0  610.0  1940.0
3.863  101.0  610.0  1940.0
3.883  92.0  950.0  250.0
3.903  96.0  1790.0  5420.0
3.933  157.0  990.0  3170.0
3.933  157.0  550.0  1100.0
3.953  172.0  550.0  1100.0
3.974  161.0  3590.0  6370.0
3.993  151.0  1780.0  5450.0
4.013  142.0  980.0  3170.0
4.013  142.0  980.0  3170.0
4.033  143.0  5320.0  5810.0
4.063  105.0  3430.0  540.0
4.082  90.0  5260.0  1890.0
4.082  90.0  5260.0  1890.0
4.103  93.0  6040.0  4020.0
4.122  92.0  1610.0  250.0
4.142  76.0  3460.0  540.0
4.16  83.0  5260.0  1910.0
4.16  83.0  5260.0  1910.0
4.18  104.0  600.0  1070.0
4.2  107.0  1620.0  240.0
4.227  3.0  1740.0  5370.0
4.246  0.0  910.0  3070.0
4.246  0.0  910.0  3070.0
4.264  1.0  590.0  1040.0
4.284  15.0  3520.0  6370.0
4.304  24.0  1700.0  5340.0
4.304  24.0  1700.0  5340.0
4.334  147.0  6060.0  4120.0
4.354  141.0  5260.0  5940.0
4.374  144.0  3550.0  570.0
4.403  64.0  3550.0  570.0
4.403  64.0  5360.0  2000.0
4.422  67.0  610.0  990.0
4.443  73.0  2410.0  250.0
4.462  83.0  4490.0  990.0
4.462  83.0  4490.0  990.0
4.482  80.0  520.0  1970.0
4.502  87.0  880.0  250.0
4.531  13.0  3300.0  470.0
4.547  0.0  950.0  3190.0
4.547  0.0  950.0  3190.0
4.563  0.0  5370.0  5810.0
4.589  0.0  3620.0  6390.0
4.614  0.0  1770.0  5470.0
4.63  0.0  6060.0  3980.0
4.63  0.0  6060.0  3980.0
4.658  102.0  5360.0  5820.0
4.676  118.0  3400.0  510.0
4.695  123.0  5260.0  1870.0
4.695  123.0  5260.0  1870.0
4.72  0.0  6070.0  4000.0
4.737  0.0  5340.0  5850.0
4.761  0.0  3450.0  530.0
4.779  0.0  1750.0  1900.0
4.779  0.0  930.0  3130.0
4.803  0.0  580.0  1070.0
4.819  0.0  1610.0  240.0
4.845  0.0  3490.0  540.0
4.845  0.0  920.0  3130.0
4.87  9.0  920.0  3130.0
4.894  0.0  580.0  1060.0
4.912  0.0  3580.0  6480.0
4.92  0.0  1760.0  5460.0
4.928  0.0  1760.0  5460.0
4.953  0.0  920.0  3120.0
4.97  0.0  5360.0  6020.0
4.995  0.0  3590.0  580.0
5.011  0.0  1740.0  5460.0
5.011  0.0  1740.0  5460.0
5.037  0.0  6160.0  4190.0
5.061  0.0  5360.0  6050.0
5.078  0.0  3630.0  600.0
5.103  0.0  5450.0  2050.0
5.103  0.0  5450.0  2050.0
5.12  0.0  650.0  1030.0
5.144  0.0  1730.0  240.0
5.16  0.0  3660.0  610.0
5.16  0.0  3660.0  610.0
5.186  0.0  880.0  3030.0
5.202  0.0  660.0  1030.0
5.227  0.0  1750.0  240.0
5.244  0.0  1690.0  5360.0
5.269  0.0  870.0  2990.0
5.285  0.0  5270.0  6090.0
5.285  0.0  5270.0  6090.0
5.311  0.0  3450.0  6450.0
5.336  0.0  1670.0  5330.0
5.352  0.0  840.0  2970.0
5.378  0.0  4420.0  6490.0
5.378  0.0  4420.0  6490.0
5.394  0.0  2550.0  6200.0
5.419  0.0  1610.0  5220.0
5.436  0.0  6060.0  4270.0
5.452  0.0  2490.0  280.0
5.452  0.0  2490.0  280.0
5.477  0.0  4610.0  1100.0
5.502  0.0  5420.0  2080.0
5.519  0.0  610.0  840.0
5.519  0.0  610.0  840.0
5.543  0.0  2490.0  260.0
5.56  0.0  4610.0  1100.0
5.585  0.0  680.0  2760.0
5.602  0.0  600.0  810.0
5.602  0.0  600.0  810.0
5.626  0.0  2500.0  260.0
5.652  0.0  1510.0  5080.0
5.668  0.0  670.0  2720.0
5.668  0.0  600.0  780.0
5.693  0.0  600.0  780.0
5.71  0.0  2390.0  6070.0
5.727  0.0  1480.0  5050.0
5.751  0.0  6000.0  4330.0
5.751  0.0  6000.0  4330.0
5.777  0.0  4200.0  6390.0
5.794  12.0  4690.0  1170.0
5.82  0.0  5490.0  2170.0
5.837  0.0  6000.0  4400.0
5.837  0.0  6000.0  4400.0
5.854  8.0  2540.0  270.0
5.878  0.0  4720.0  1190.0
5.904  0.0  5550.0  2180.0
5.921  0.0  590.0  660.0
5.921  0.0  590.0  660.0
5.946  0.0  2590.0  260.0
5.963  0.0  1420.0  5050.0
5.981  0.0  580.0  2610.0
5.989  0.0  600.0  650.0
6.005  0.0  600.0  650.0
6.022  0.0  2310.0  6120.0
6.047  0.0  1390.0  5040.0
6.073  12.0  6080.0  4540.0
6.073  12.0  6080.0  4540.0
6.098  0.0  4160.0  6550.0
6.115  9.0  2290.0  6130.0
6.139  0.0  1390.0  5030.0
6.156  0.0  6090.0  4590.0
6.156  0.0  6090.0  4590.0
6.173  0.0  2710.0  300.0
6.198  0.0  2270.0  6110.0
6.214  0.0  5730.0  2340.0
6.232  1.0  660.0  590.0
6.24  0.0  660.0  590.0
6.264  0.0  2740.0  310.0
6.281  0.0  4940.0  1350.0
6.306  0.0  5770.0  2380.0
6.306  0.0  650.0  570.0
6.323  0.0  650.0  570.0
6.347  0.0  2790.0  320.0
6.365  0.0  4980.0  1370.0
6.389  0.0  550.0  2490.0
6.389  0.0  550.0  2490.0
6.406  0.0  660.0  540.0
6.431  6.0  2190.0  6080.0
6.456  7.0  1310.0  4940.0
6.456  7.0  1310.0  4940.0
6.472  0.0  6110.0  4740.0
6.498  0.0  4070.0  6600.0
6.523  0.0  2180.0  6050.0
6.541  0.0  5860.0  2470.0
6.541  0.0  5860.0  2470.0
6.557  0.0  710.0  510.0
6.583  0.0  2900.0  350.0
6.6  0.0  5050.0  1470.0
6.625  0.0  5860.0  2510.0
6.625  0.0  5860.0  2510.0
6.643  0.0  730.0  480.0
6.661  0.0  2930.0  370.0
6.685  0.0  5060.0  1510.0
6.685  0.0  570.0  2360.0
6.713  43.0  570.0  2360.0
6.729  0.0  760.0  450.0
6.746  0.0  2080.0  5900.0
6.773  34.0  1250.0  4740.0
6.773  34.0  570.0  2310.0
6.79  6.0  570.0  2310.0
6.806  0.0  3880.0  6500.0
6.834  45.0  2040.0  5840.0
6.859  0.0  1210.0  4690.0
6.859  0.0  560.0  2260.0
6.876  5.0  560.0  2260.0
6.893  40.0  3840.0  6480.0
6.92  0.0  2020.0  5800.0
6.936  0.0  5840.0  2600.0
6.936  0.0  5910.0  4870.0
6.963  0.0  5910.0  4870.0
6.98  0.0  3060.0  410.0
7.005  0.0  5100.0  1600.0
7.022  0.0  5840.0  2640.0
7.022  0.0  5840.0  2640.0
7.049  0.0  5890.0  4900.0
7.065  0.0  3090.0  430.0
7.083  0.0  5090.0  1650.0
7.083  0.0  580.0  2160.0
7.109  0.0  580.0  2160.0
7.126  0.0  840.0  370.0
7.152  46.0  3120.0  430.0
7.17  6.0  1140.0  4490.0
7.17  6.0  580.0  2120.0
7.195  52.0  580.0  2120.0
7.213  49.0  3680.0  6340.0
7.23  0.0  1880.0  5560.0
7.256  32.0  1080.0  4430.0
7.256  32.0  5750.0  4880.0
7.273  46.0  5750.0  4880.0
7.3  0.0  3610.0  6320.0
7.317  21.0  1830.0  5550.0
7.343  0.0  1040.0  4400.0
7.343  0.0  5740.0  4890.0
7.361  0.0  3600.0  6300.0
7.377  0.0  3600.0  6300.0
7.403  0.0  1820.0  5530.0
7.42  0.0  5830.0  2680.0
7.42  0.0  790.0  220.0
7.44  75.0  790.0  220.0
7.459  103.0  3190.0  420.0
7.486  2.0  5160.0  1690.0
7.505  0.0  6040.0  3820.0
7.505  0.0  1430.0  250.0
7.525  10.0  1430.0  250.0
7.552  18.0  3280.0  480.0
7.569  0.0  5210.0  1760.0
7.585  0.0  570.0  2080.0
7.585  0.0  920.0  350.0
7.612  22.0  920.0  350.0
7.629  0.0  1830.0  5510.0
7.646  0.0  1020.0  4390.0
7.672  22.0  540.0  2010.0
7.672  22.0  540.0  2010.0
7.689  0.0  3590.0  6340.0
7.715  40.0  1800.0  5530.0
7.733  39.0  1000.0  4430.0
7.733  39.0  5830.0  5070.0
7.757  0.0  5830.0  5070.0
7.776  71.0  3590.0  6430.0
7.801  0.0  5330.0  1860.0
7.82  40.0  6210.0  4040.0
7.82  40.0  5490.0  5940.0
7.846  0.0  5490.0  5940.0
7.865  0.0  3490.0  530.0
7.881  0.0  5370.0  1860.0
7.907  0.0  6190.0  4010.0
7.907  0.0  1600.0  240.0
7.924  0.0  1600.0  240.0
7.942  0.0  3480.0  520.0
7.968  0.0  890.0  3220.0
7.968  0.0  550.0  1120.0
7.994  57.0  1590.0  210.0
8.011  68.0  1590.0  210.0
8.031  32.0  3500.0  520.0
8.05  31.0  870.0  3170.0
8.07  29.0  550.0  1080.0
8.07  29.0  550.0  1080.0
8.089  13.0  3560.0  6470.0
8.11  17.0  1700.0  5500.0
8.134  2.0  850.0  3160.0
8.151  1.0  5370.0  6020.0
8.151  1.0  5370.0  6020.0
8.177  14.0  3530.0  6480.0
8.203  0.0  1700.0  5480.0
8.203  0.0  6210.0  4160.0
8.22  0.0  5380.0  6060.0
8.246  0.0  5380.0  6060.0
8.263  0.0  3620.0  580.0
8.283  38.0  5490.0  2000.0
8.303  48.0  6210.0  4190.0
8.303  48.0  1700.0  190.0
8.322  97.0  1700.0  190.0
8.35  49.0  3690.0  570.0
8.368  0.0  790.0  3060.0
8.368  0.0  600.0  1010.0
8.393  15.0  1730.0  210.0
8.41  0.0  1730.0  210.0
8.435  0.0  1610.0  5430.0
8.452  0.0  760.0  3030.0
8.452  0.0  610.0  990.0
8.476  0.0  2530.0  6270.0
8.494  8.0  2530.0  6270.0
8.518  0.0  1560.0  5300.0
8.543  0.0  670.0  2910.0
8.543  0.0  550.0  900.0
8.56  0.0  2460.0  6230.0
8.577  0.0  2460.0  6230.0
8.601  0.0  1490.0  5240.0
8.627  0.0  6130.0  4260.0
8.627  0.0  4330.0  6470.0
8.644  0.0  2420.0  6190.0
8.669  0.0  2420.0  6190.0
8.685  0.0  5560.0  2040.0
8.685  0.0  6120.0  4290.0
8.711  0.0  4300.0  6470.0
8.727  0.0  4300.0  6470.0
8.743  0.0  4710.0  1080.0
8.77  0.0  5560.0  2080.0
8.77  0.0  520.0  760.0
8.786  0.0  2530.0  220.0
8.811  6.0  2530.0  220.0
8.837  0.0  4750.0  1100.0
8.853  0.0  540.0  2710.0
8.853  0.0  530.0  710.0
8.878  0.0  2560.0  220.0
8.896  16.0  2560.0  220.0
8.913  20.0  1380.0  5120.0
8.938  0.0  530.0  2690.0
8.938  0.0  4220.0  6510.0
8.954  5.0  2280.0  6160.0
8.98  0.0  2280.0  6160.0
9.005  0.0  1350.0  5110.0
9.021  0.0  510.0  2660.0
9.021  0.0  4190.0  6530.0
9.041  136.0  4190.0  6530.0
9.061  151.0  4880.0  1190.0
9.08  161.0  5740.0  2190.0
9.101  170.0  560.0  620.0
9.101  170.0  560.0  620.0
9.128  2.0  2670.0  250.0
9.147  0.0  1320.0  5030.0
9.166  0.0  490.0  2580.0
9.185  0.0  570.0  590.0
9.185  0.0  570.0  590.0
9.204  24.0  2200.0  6090.0
9.235  135.0  1290.0  4990.0
9.254  124.0  500.0  2540.0
9.254  124.0  4100.0  6530.0
9.274  120.0  4100.0  6530.0
9.294  110.0  2170.0  6050.0
9.313  90.0  1270.0  4950.0
9.338  0.0  6090.0  4620.0
9.355  0.0  4050.0  6520.0
9.355  0.0  4050.0  6520.0
9.38  0.0  2130.0  6010.0
9.397  0.0  5830.0  2350.0
9.421  0.0  6080.0  4650.0
9.439  0.0  2840.0  290.0
9.439  0.0  2840.0  290.0
9.463  0.0  5020.0  1360.0
9.48  0.0  5830.0  2380.0
9.505  0.0  630.0  490.0
9.522  0.0  2880.0  310.0
9.522  0.0  2880.0  310.0
9.538  0.0  5020.0  1410.0
9.566  0.0  470.0  2390.0
9.583  0.0  640.0  470.0
9.602  48.0  640.0  470.0
9.602  48.0  2910.0  320.0
9.629  0.0  1170.0  4770.0
9.648  0.0  480.0  2340.0
9.666  0.0  3920.0  6470.0
9.666  0.0  3920.0  6470.0
9.686  18.0  1990.0  5850.0
9.714  91.0  1140.0  4720.0
9.732  37.0  470.0  2300.0
9.749  7.0  3870.0  6450.0
9.749  7.0  3870.0  6450.0
9.779  171.0  5070.0  1510.0
9.797  179.0  5880.0  2510.0
9.816  148.0  5970.0  4800.0
9.836  127.0  5970.0  4800.0
9.836  127.0  3030.0  340.0
9.853  88.0  5090.0  1520.0
9.872  50.0  460.0  2210.0
9.903  111.0  460.0  2210.0
9.922  109.0  700.0  350.0
9.922  109.0  1890.0  5710.0
9.94  97.0  1050.0  4580.0
9.961  124.0  460.0  2170.0
9.988  0.0  460.0  2170.0
10.006  0.0  3730.0  6390.0
10.006  0.0  1860.0  5660.0
10.028  0.0  1030.0  4530.0
10.039  140.0  460.0  2130.0
10.06  138.0  460.0  2130.0
10.082  108.0  3690.0  6360.0
10.082  108.0  5120.0  1610.0
10.103  71.0  6080.0  3730.0
10.125  44.0  5450.0  5620.0
10.146  25.0  5450.0  5620.0
10.169  27.0  3190.0  410.0
10.169  27.0  5140.0  1640.0
10.19  51.0  6060.0  3740.0
10.212  83.0  1420.0  250.0
10.233  96.0  1420.0  250.0
10.233  96.0  3210.0  430.0
10.255  113.0  950.0  3290.0
10.276  136.0  480.0  1210.0
10.299  132.0  480.0  1210.0
10.32  122.0  3620.0  6280.0
10.32  122.0  1770.0  5430.0
10.341  92.0  950.0  3210.0
10.362  76.0  520.0  1170.0
10.383  67.0  520.0  1170.0
10.403  50.0  3560.0  6210.0
10.403  50.0  1730.0  5360.0
10.426  28.0  910.0  3180.0
10.447  19.0  5270.0  5640.0
10.469  23.0  5270.0  5640.0
10.469  23.0  3520.0  6200.0
10.491  51.0  1690.0  5310.0
10.512  61.0  5940.0  3840.0
10.532  72.0  5210.0  5650.0
10.553  86.0  5210.0  5650.0
10.553  86.0  3310.0  470.0
10.574  99.0  5120.0  1800.0
10.596  113.0  5900.0  3850.0
10.617  125.0  5900.0  3850.0
10.629  14.0  1530.0  200.0
10.629  14.0  3340.0  470.0
10.66  96.0  5140.0  1800.0
10.681  81.0  510.0  1030.0
10.702  67.0  1540.0  190.0
10.702  67.0  1540.0  190.0
10.723  54.0  1570.0  5140.0
10.743  40.0  770.0  2940.0
10.766  11.0  5070.0  5660.0
10.766  11.0  5070.0  5660.0
10.786  0.0  3310.0  6060.0
10.807  4.0  1550.0  5080.0
10.828  9.0  760.0  2880.0
10.85  17.0  4240.0  6060.0
10.85  17.0  4240.0  6060.0
10.871  42.0  2410.0  5830.0
10.893  63.0  5800.0  3670.0
10.913  76.0  5120.0  5440.0
10.934  93.0  3420.0  6000.0
10.934  93.0  3160.0  420.0
10.956  105.0  4970.0  1690.0
10.977  115.0  5780.0  3710.0
11.006  0.0  1420.0  200.0
11.006  0.0  1420.0  200.0
11.018  125.0  3190.0  430.0
11.039  123.0  4980.0  1720.0
11.06  129.0  460.0  1040.0
11.08  89.0  1450.0  180.0
11.08  89.0  1450.0  180.0
11.102  82.0  1580.0  5080.0
11.122  60.0  790.0  2930.0
11.143  50.0  480.0  1010.0
11.174  93.0  3300.0  5940.0
11.174  93.0  3300.0  5940.0
11.185  25.0  1560.0  5000.0
11.205  17.0  5680.0  3770.0
11.227  0.0  4930.0  5410.0
11.247  0.0  4930.0  5410.0
11.247  0.0  3240.0  5810.0
11.268  0.0  1550.0  4890.0
11.289  4.0  5530.0  3630.0
11.321  91.0  4840.0  5280.0
11.341  87.0  4840.0  5280.0
11.341  87.0  3190.0  5680.0
11.363  67.0  4750.0  1670.0
11.383  50.0  470.0  990.0
11.394  80.0  2050.0  160.0
11.415  105.0  2050.0  160.0
11.415  105.0  3900.0  770.0
11.437  111.0  400.0  1110.0
11.457  116.0  1240.0  230.0
11.478  131.0  2870.0  340.0
11.478  131.0  2870.0  340.0
11.508  1.0  810.0  2910.0
11.529  7.0  390.0  1070.0
11.55  26.0  3240.0  5600.0
11.563  102.0  1550.0  4840.0
11.563  102.0  1550.0  4840.0
11.583  60.0  780.0  2870.0
11.603  47.0  390.0  1040.0
11.625  26.0  3200.0  5540.0
11.657  117.0  1530.0  4770.0
11.657  117.0  1530.0  4770.0
11.677  131.0  5340.0  3360.0
11.699  138.0  4740.0  5020.0
11.719  135.0  2890.0  350.0
11.728  0.0  4540.0  1520.0
11.728  0.0  4540.0  1520.0
11.749  8.0  5310.0  3350.0
11.771  30.0  4690.0  5020.0
11.802  78.0  2900.0  340.0
11.824  61.0  4530.0  1530.0
11.824  61.0  4530.0  1530.0
11.844  48.0  5280.0  3370.0
11.865  30.0  1890.0  120.0
11.885  4.0  830.0  2880.0
11.885  4.0  830.0  2880.0
11.907  0.0  330.0  1090.0
11.927  0.0  1130.0  220.0
11.948  0.0  2710.0  280.0
11.969  0.0  780.0  2840.0
11.969  0.0  780.0  2840.0
11.991  10.0  4710.0  4850.0
12.012  50.0  3170.0  5420.0
12.034  70.0  1500.0  4710.0
12.054  85.0  750.0  2810.0
12.054  85.0  750.0  2810.0
12.076  104.0  4670.0  4910.0
12.097  112.0  3120.0  5430.0
12.118  127.0  1490.0  4700.0
12.138  135.0  1490.0  4700.0
12.138  135.0  5260.0  3270.0
12.16  136.0  1820.0  90.0
12.18  129.0  4310.0  1250.0
12.2  129.0  5230.0  3080.0
12.211  16.0  5230.0  3080.0
12.222  95.0  1050.0  200.0
12.242  74.0  2630.0  250.0
12.263  60.0  790.0  2900.0
12.283  46.0  290.0  1050.0
12.283  46.0  290.0  1050.0
12.305  21.0  1100.0  180.0
12.317  1023.0  1540.0  4790.0
12.342  1023.0  760.0  2860.0
12.367  1023.0  310.0  1030.0
12.367  1023.0  310.0  1030.0
12.392  1023.0  1160.0  160.0
12.404  1023.0  1490.0  4800.0
12.43  1023.0  730.0  2800.0
12.454  1023.0  340.0  940.0
12.454  1023.0  340.0  940.0
12.467  1023.0  2320.0  5510.0
12.492  1023.0  5460.0  3280.0
12.517  1023.0  4920.0  5040.0
12.541  1023.0  4920.0  5040.0
12.541  1023.0  3330.0  5730.0
12.555  1023.0  4610.0  1420.0
12.579  1023.0  5450.0  3310.0
12.592  1023.0  4900.0  5050.0
12.616  1023.0  2860.0  310.0
12.616  1023.0  2860.0  310.0
12.642  1023.0  4700.0  1440.0
12.654  1023.0  310.0  900.0
12.679  1023.0  1870.0  100.0
12.692  1023.0  1870.0  100.0
12.704  1023.0  3890.0  690.0
12.717  1023.0  350.0  1180.0
12.741  1023.0  1150.0  310.0
12.767  1023.0  2800.0  310.0
12.791  1023.0  2800.0  310.0
12.791  1023.0  1010.0  4300.0
12.804  1023.0  440.0  2060.0
12.829  1023.0  3530.0  6010.0
12.841  1023.0  1770.0  5360.0
12.866  1023.0  1770.0  5360.0
12.866  1023.0  980.0  3290.0
12.892  1023.0  5220.0  5290.0
12.904  1023.0  3570.0  6070.0
12.929  1023.0  4870.0  1500.0
12.954  1023.0  4870.0  1500.0
12.954  1023.0  5810.0  3520.0
12.979  1023.0  5250.0  5350.0
12.991  1023.0  3020.0  370.0
13.016  1023.0  4910.0  1560.0
13.016  1023.0  4910.0  1560.0
13.041  1023.0  5840.0  3570.0
13.053  1023.0  5250.0  5400.0
13.078  1023.0  3070.0  390.0
13.104  1023.0  4930.0  1600.0
13.104  1023.0  4930.0  1600.0
13.116  1023.0  450.0  1200.0
13.14  1023.0  1370.0  260.0
13.166  1023.0  3100.0  390.0
13.178  1023.0  920.0  3160.0
13.178  1023.0  920.0  3160.0
13.203  1023.0  450.0  1140.0
13.229  1023.0  1390.0  230.0
13.241  1023.0  1680.0  5260.0
13.241  1023.0  1680.0  5260.0
13.265  1023.0  880.0  3110.0
13.291  1023.0  5160.0  5470.0
13.316  1023.0  3450.0  6040.0
13.328  1023.0  1650.0  5220.0
13.328  1023.0  1650.0  5220.0
13.353  1023.0  5810.0  3690.0
13.366  1023.0  5110.0  5490.0
13.39  1023.0  3400.0  6050.0
13.415  1023.0  1610.0  5170.0
13.415  1023.0  1610.0  5170.0
13.441  1023.0  5800.0  3710.0
13.453  1023.0  1450.0  170.0
13.477  1023.0  3230.0  430.0
13.503  1023.0  5020.0  1730.0
13.503  1023.0  5020.0  1730.0
13.528  1023.0  440.0  1020.0
13.54  1023.0  1450.0  170.0
13.565  1023.0  1560.0  5110.0
13.59  1023.0  1560.0  5110.0
13.59  1023.0  760.0  2920.0
13.602  1023.0  460.0  990.0
13.628  1023.0  2440.0  5850.0
13.64  1023.0  4180.0  820.0
13.665  1023.0  900.0  3140.0
13.665  1023.0  5170.0  5400.0
13.69  1023.0  3480.0  6050.0
13.715  1023.0  1670.0  5250.0
13.727  1023.0  5790.0  3620.0
13.753  1023.0  5790.0  3620.0
13.753  1023.0  5150.0  5430.0
13.777  1023.0  3450.0  6040.0
13.79  1023.0  4960.0  1650.0
13.814  1023.0  4960.0  1650.0
13.828  1023.0  5800.0  3670.0
13.84  1023.0  1390.0  190.0
13.852  1023.0  3170.0  410.0
13.877  1023.0  5000.0  1670.0
13.902  1023.0  5000.0  1670.0
13.902  1023.0  440.0  1050.0
13.915  1023.0  1420.0  170.0
13.939  1023.0  3220.0  430.0
13.965  1023.0  780.0  3000.0
13.989  1023.0  780.0  3000.0
13.989  1023.0  430.0  1040.0
14.002  1023.0  3350.0  6060.0
14.027  1023.0  1570.0  5170.0
14.052  1023.0  750.0  2970.0
14.052  1023.0  750.0  2970.0
14.064  1023.0  450.0  1010.0
14.09  1023.0  3340.0  6060.0
14.102  1023.0  1580.0  5140.0
14.127  1023.0  1580.0  5140.0
14.152  1023.0  5850.0  3840.0
14.152  1023.0  4300.0  6080.0
14.164  1023.0  4240.0  840.0
14.189  1023.0  5860.0  3640.0
14.214  1023.0  5860.0  3640.0
14.214  1023.0  1360.0  210.0
14.239  1023.0  3140.0  390.0
14.252  1023.0  5010.0  1630.0
14.276  1023.0  430.0  1120.0
14.302  1023.0  430.0  1120.0
14.302  1023.0  1390.0  200.0
14.326  1023.0  1670.0  5280.0
14.339  1023.0  840.0  3100.0
14.364  1023.0  840.0  3100.0
14.376  1023.0  440.0  1080.0
14.376  1023.0  3450.0  6130.0
14.401  1023.0  1640.0  5270.0
14.427  1023.0  5890.0  3770.0
14.451  1023.0  5890.0  3770.0
14.464  1023.0  5170.0  5600.0
14.464  1023.0  3420.0  6150.0
14.489  1023.0  5120.0  1750.0
14.514  1023.0  5910.0  3820.0
14.526  1023.0  5910.0  3820.0
14.552  1023.0  5170.0  5640.0
14.552  1023.0  3340.0  460.0
14.576  1023.0  5170.0  1790.0
14.588  1023.0  5930.0  3880.0
14.613  1023.0  5930.0  3880.0
14.626  1023.0  5160.0  5700.0
14.626  1023.0  3380.0  480.0
14.651  1023.0  5190.0  1820.0
14.675  1023.0  490.0  1010.0
14.701  1023.0  490.0  1010.0
14.713  1023.0  1550.0  170.0
14.713  1023.0  3440.0  490.0
14.738  1023.0  750.0  2960.0
14.764  1023.0  500.0  980.0
14.776  1023.0  500.0  980.0
14.776  1023.0  2300.0  200.0
14.8  1023.0  910.0  3190.0
14.826  1023.0  5300.0  5660.0
14.851  1023.0  3540.0  6270.0
14.863  1023.0  3540.0  6270.0
14.863  1023.0  1710.0  5430.0
14.888  1023.0  870.0  3170.0
14.901  1023.0  5310.0  5710.0
14.925  1023.0  5310.0  5710.0
14.951  1023.0  3530.0  6290.0
14.951  1023.0  1680.0  5410.0
14.976  1023.0  6050.0  3890.0
14.988  1023.0  5320.0  5760.0
15.012  1023.0  5320.0  5760.0
15.038  1023.0  3400.0  480.0
15.038  1023.0  5280.0  1820.0
15.05  1023.0  6080.0  3950.0
15.075  1023.0  1560.0  190.0
15.1  1023.0  1560.0  190.0
15.113  1023.0  3460.0  500.0
15.113  1023.0  820.0  3130.0
15.137  1023.0  500.0  1050.0
15.163  1023.0  1570.0  190.0
15.175  1023.0  1570.0  190.0
15.175  1023.0  1660.0  5500.0
15.2  1023.0  800.0  3120.0
15.225  1023.0  5380.0  6050.0
15.238  1023.0  5380.0  6050.0
15.262  1023.0  3510.0  6540.0
15.262  1023.0  1670.0  5530.0
15.288  1023.0  6270.0  4210.0
15.312  1023.0  5410.0  6170.0
15.333  0.0  5410.0  6170.0
15.352  0.0  3520.0  6590.0
15.352  0.0  5660.0  2110.0
15.371  0.0  6440.0  4390.0
15.389  0.0  1860.0  260.0
15.408  0.0  1860.0  260.0
15.436  0.0  3860.0  630.0
15.436  0.0  5750.0  2130.0
15.455  0.0  600.0  1020.0
15.473  0.0  1750.0  200.0
15.502  0.0  1750.0  200.0
15.52  0.0  3820.0  620.0
15.52  0.0  5750.0  2120.0
15.539  0.0  550.0  940.0
15.558  0.0  2550.0  6450.0
15.577  0.0  2550.0  6450.0
15.595  0.0  1540.0  5440.0
15.595  0.0  620.0  2950.0
15.624  0.0  510.0  850.0
15.642  0.0  2500.0  6410.0
15.661  0.0  2500.0  6410.0
15.682  168.0  1490.0  5360.0
15.682  168.0  580.0  2880.0
15.703  170.0  4420.0  6620.0
15.724  142.0  2430.0  6320.0
15.745  95.0  2430.0  6320.0
15.766  79.0  1450.0  5270.0
15.766  79.0  6240.0  4380.0
15.788  32.0  4340.0  6550.0
15.808  8.0  4340.0  6550.0
15.83  9.0  4790.0  1120.0
15.851  13.0  5650.0  2140.0
15.851  13.0  6150.0  4380.0
15.873  43.0  2580.0  220.0
15.895  93.0  2580.0  220.0
15.918  143.0  4780.0  1140.0
15.918  143.0  520.0  2640.0
15.939  182.0  520.0  680.0
15.959  0.0  2580.0  210.0
15.977  0.0  2580.0  210.0
16.005  0.0  4770.0  1160.0
16.005  0.0  480.0  2590.0
16.024  0.0  510.0  630.0
16.043  0.0  2210.0  6040.0
16.061  0.0  2210.0  6040.0
16.08  0.0  1270.0  4970.0
16.08  0.0  450.0  2560.0
16.11  0.0  4110.0  6450.0
16.131  0.0  2160.0  6040.0
16.152  3.0  2160.0  6040.0
16.152  3.0  1260.0  4960.0
16.174  22.0  6090.0  4460.0
16.195  74.0  2650.0  220.0
16.215  0.0  4900.0  1220.0
16.233  0.0  5730.0  2230.0
16.251  0.0  5730.0  2230.0
16.251  0.0  6080.0  4530.0
16.28  0.0  2690.0  250.0
16.299  0.0  4910.0  1270.0
16.317  0.0  440.0  2490.0
16.345  0.0  440.0  2490.0
16.345  0.0  550.0  520.0
16.364  0.0  2740.0  240.0
16.382  0.0  1220.0  4900.0
16.41  0.0  1220.0  4900.0
16.41  0.0  440.0  2450.0
16.43  0.0  550.0  500.0
16.448  0.0  2110.0  5980.0
16.466  0.0  1200.0  4880.0
16.486  0.0  1200.0  4880.0
16.486  0.0  6080.0  4650.0
16.504  0.0  4000.0  6510.0
16.532  0.0  2070.0  5980.0
16.551  0.0  1190.0  4850.0
16.57  0.0  1190.0  4850.0
16.57  0.0  6080.0  4680.0
16.598  0.0  3980.0  6510.0
16.617  7.0  2050.0  5950.0
16.635  1.0  5870.0  2400.0
16.654  0.0  5870.0  2400.0
16.654  0.0  610.0  440.0
16.672  0.0  2890.0  300.0
16.701  0.0  5060.0  1420.0
16.719  0.0  440.0  2340.0
16.719  0.0  440.0  2340.0
16.738  3.0  620.0  410.0
16.758  16.0  2000.0  5900.0
16.786  0.0  2000.0  5900.0
16.804  0.0  1130.0  4760.0
16.804  0.0  440.0  2310.0
16.824  0.0  3900.0  6520.0
16.852  8.0  3900.0  6520.0
16.864  127.0  5110.0  1480.0
16.864  127.0  5930.0  2490.0
16.896  51.0  640.0  360.0
16.916  78.0  640.0  360.0
16.937  102.0  1960.0  5870.0
16.937  102.0  1090.0  4720.0
16.96  144.0  420.0  2250.0
16.978  0.0  670.0  350.0
17.006  0.0  670.0  350.0
17.026  0.0  1930.0  5840.0
17.026  0.0  1060.0  4690.0
17.044  0.0  6050.0  4880.0
17.062  0.0  6050.0  4880.0
17.084  134.0  3100.0  340.0
17.105  103.0  5200.0  1550.0
17.105  63.0  6000.0  2570.0
17.126  59.0  690.0  310.0
17.147  41.0  690.0  310.0
17.168  7.0  3140.0  360.0
17.188  0.0  5230.0  1580.0
17.188  0.0  6020.0  2620.0
17.217  0.0  6020.0  2620.0
17.235  0.0  710.0  290.0
17.254  0.0  3170.0  370.0
17.272  0.0  1000.0  4630.0
17.272  0.0  420.0  2130.0
17.303  144.0  420.0  2130.0
17.324  143.0  710.0  270.0
17.346  109.0  1840.0  5770.0
17.346  109.0  960.0  3450.0
17.367  61.0  5630.0  5810.0
17.386  0.0  5630.0  5810.0
17.404  0.0  3810.0  6560.0
17.404  0.0  5340.0  1690.0
17.424  0.0  6310.0  3890.0
17.442  0.0  6310.0  3890.0
17.47  0.0  1450.0  240.0
17.499  0.0  3350.0  440.0
17.499  0.0  960.0  3410.0
17.518  71.0  960.0  3410.0
17.539  115.0  450.0  1230.0
17.56  133.0  3780.0  6580.0
17.56  133.0  3780.0  6580.0
17.581  151.0  1830.0  5730.0
17.599  0.0  6330.0  3990.0
17.618  0.0  5610.0  5950.0
17.618  0.0  5610.0  5950.0
17.646  0.0  3440.0  480.0
17.665  0.0  5430.0  1830.0
17.684  0.0  480.0  1200.0
17.684  0.0  480.0  1200.0
17.712  0.0  1530.0  220.0
17.731  0.0  1780.0  5690.0
17.753  0.0  900.0  3310.0
17.753  0.0  900.0  3310.0
17.774  18.0  5560.0  6020.0
17.796  63.0  3700.0  6590.0
17.817  96.0  1760.0  5660.0
17.839  121.0  6340.0  4090.0
17.839  121.0  6340.0  4090.0
17.859  130.0  1590.0  200.0
17.881  150.0  3560.0  510.0
17.881  150.0  3560.0  510.0
17.91  0.0  850.0  3240.0
17.931  0.0  510.0  1120.0
17.952  2.0  3630.0  6580.0
17.974  27.0  1720.0  5600.0
17.974  27.0  1720.0  5600.0
17.995  70.0  830.0  3190.0
18.017  90.0  5500.0  6100.0
18.038  124.0  3600.0  6580.0
18.06  159.0  1690.0  5560.0
18.06  159.0  1690.0  5560.0
18.081  169.0  810.0  3160.0
18.102  177.0  5470.0  6150.0
18.111  2.0  3680.0  550.0
18.131  5.0  5580.0  2020.0
18.131  5.0  5580.0  2020.0
18.165  146.0  6330.0  4260.0
18.187  100.0  1700.0  190.0
18.198  123.0  3720.0  570.0
18.221  161.0  750.0  3080.0
18.221  161.0  750.0  3080.0
18.241  178.0  6320.0  4290.0
18.262  181.0  1740.0  190.0
18.293  12.0  3780.0  580.0
18.315  53.0  740.0  3040.0
18.315  53.0  740.0  3040.0
18.326  120.0  580.0  990.0
18.349  50.0  2540.0  250.0
18.37  12.0  1540.0  5340.0
18.37  12.0  640.0  2930.0
18.391  1.0  640.0  2930.0
18.412  9.0  4430.0  6580.0
18.434  25.0  2460.0  6280.0
18.455  69.0  1500.0  5260.0
18.455  69.0  1500.0  5260.0
18.479  117.0  6220.0  4310.0
18.5  157.0  4380.0  6520.0
18.521  173.0  4750.0  1080.0
18.541  185.0  1450.0  5220.0
18.541  185.0  1450.0  5220.0
18.563  184.0  6180.0  4360.0
18.583  185.0  2520.0  210.0
18.605  158.0  4770.0  1100.0
18.605  158.0  5640.0  2100.0
18.627  113.0  5640.0  2100.0
18.649  43.0  510.0  740.0
18.67  13.0  2560.0  220.0
18.693  11.0  4810.0  1130.0
18.693  11.0  5680.0  2130.0
18.714  37.0  5680.0  2130.0
18.736  87.0  510.0  690.0
18.758  110.0  2590.0  220.0
18.758  110.0  1340.0  5100.0
18.78  155.0  500.0  2650.0
18.801  181.0  500.0  2650.0
18.823  182.0  530.0  650.0
18.843  180.0  2250.0  6130.0
18.843  180.0  1330.0  5060.0
18.865  159.0  480.0  2610.0
18.887  120.0  480.0  2610.0
18.898  112.0  4160.0  6540.0
18.92  153.0  2200.0  6120.0
18.92  153.0  5760.0  2250.0
18.94  165.0  6140.0  4560.0
18.962  172.0  6140.0  4560.0
18.982  168.0  4140.0  6530.0
19.011  0.0  4960.0  1280.0
19.011  0.0  5810.0  2290.0
19.03  0.0  6130.0  4610.0
19.048  0.0  6130.0  4610.0
19.077  0.0  2760.0  270.0
19.095  0.0  4990.0  1310.0
19.095  0.0  5830.0  2320.0
19.113  0.0  580.0  530.0
19.132  0.0  580.0  530.0
19.151  0.0  2800.0  280.0
19.151  0.0  5010.0  1360.0
19.179  0.0  460.0  2430.0
19.197  0.0  460.0  2430.0
19.217  0.0  590.0  490.0
19.235  0.0  2850.0  290.0
19.235  0.0  1200.0  4860.0
19.263  0.0  460.0  2390.0
19.282  0.0  460.0  2390.0
19.301  0.0  3990.0  6530.0
19.329  0.0  2040.0  5950.0
19.329  0.0  1160.0  4830.0
19.348  0.0  6080.0  4760.0
19.366  0.0  6080.0  4760.0
19.394  0.0  2930.0  300.0
19.394  0.0  5100.0  1450.0
19.414  0.0  5920.0  2470.0
19.432  0.0  6060.0  4790.0
19.45  0.0  6060.0  4790.0
19.469  0.0  2980.0  310.0
19.469  0.0  5120.0  1490.0
19.497  0.0  5950.0  2510.0
19.516  3.0  650.0  350.0
19.534  0.0  650.0  350.0
19.563  0.0  3040.0  310.0
19.563  0.0  1080.0  4700.0
19.581  0.0  420.0  2220.0
19.6  0.0  420.0  2220.0
19.619  0.0  650.0  330.0
19.619  0.0  1910.0  5830.0
19.638  2.0  1040.0  4690.0
19.665  0.0  6070.0  4920.0
19.685  0.0  6070.0  4920.0
19.703  0.0  3820.0  6520.0
19.703  0.0  1890.0  5810.0
19.731  0.0  1010.0  4660.0
19.75  0.0  6050.0  4980.0
19.769  0.0  6050.0  4980.0
19.787  0.0  3780.0  6540.0
19.787  0.0  5270.0  1620.0
19.817  5.0  970.0  3480.0
19.835  0.0  6280.0  3800.0
19.854  0.0  1380.0  250.0
19.854  0.0  3280.0  410.0
19.883  0.0  970.0  3450.0
19.901  0.0  970.0  3450.0
19.92  19.0  430.0  1250.0
19.92  19.0  1430.0  250.0
19.939  0.0  1850.0  5750.0
19.968  0.0  960.0  3410.0
19.986  0.0  960.0  3410.0
19.986  0.0  5630.0  5890.0
20.004  0.0  3790.0  6570.0
20.033  0.0  1820.0  5720.0
20.051  0.0  6320.0  3980.0
20.07  0.0  6320.0  3980.0
20.07  0.0  5610.0  5940.0
20.091  0.0  3760.0  6580.0
20.112  0.0  1790.0  5700.0
20.132  0.0  6330.0  4010.0
20.155  13.0  6330.0  4010.0
20.155  13.0  1520.0  220.0
20.176  56.0  3460.0  480.0
20.197  77.0  5430.0  1830.0
20.219  105.0  6300.0  4050.0
20.219  105.0  6300.0  4050.0
20.24  120.0  1550.0  210.0
20.26  135.0  3510.0  480.0
20.291  0.0  5470.0  1860.0
20.312  0.0  500.0  1110.0
20.312  0.0  500.0  1110.0
20.332  0.0  1580.0  190.0
20.344  155.0  3540.0  500.0
20.366  130.0  830.0  3220.0
20.386  84.0  500.0  1110.0
20.386  84.0  500.0  1110.0
20.408  63.0  3610.0  6560.0
20.429  32.0  1710.0  5570.0
20.45  0.0  6320.0  4160.0
20.47  0.0  6320.0  4160.0
20.47  0.0  5480.0  6090.0
20.492  0.0  3590.0  6560.0
20.512  4.0  5550.0  1980.0
20.534  15.0  5550.0  1980.0
20.534  15.0  6320.0  4210.0
20.567  96.0  1670.0  180.0
20.577  74.0  3680.0  550.0
20.609  55.0  5590.0  2020.0
20.609  55.0  5590.0  2020.0
20.63  13.0  540.0  1050.0
20.651  5.0  1690.0  190.0
20.671  0.0  3720.0  560.0
20.694  10.0  750.0  3080.0
20.694  10.0  750.0  3080.0
20.715  40.0  540.0  1020.0
20.737  80.0  3480.0  6570.0
20.759  105.0  1630.0  5470.0
20.759  105.0  1630.0  5470.0
20.781  145.0  6320.0  4320.0
20.801  162.0  2530.0  220.0
20.823  171.0  4740.0  1030.0
20.823  171.0  4740.0  1030.0
20.843  170.0  5590.0  2030.0
20.865  150.0  510.0  910.0
20.887  121.0  2480.0  220.0
20.887  121.0  2480.0  220.0
20.908  66.0  4710.0  1050.0
20.929  27.0  610.0  2870.0
20.951  0.0  510.0  850.0
20.969  0.0  2500.0  210.0
20.969  0.0  2500.0  210.0
20.987  0.0  1460.0  5230.0
21.016  0.0  590.0  2810.0
21.035  0.0  4360.0  6510.0
21.053  0.0  2390.0  6200.0
21.053  0.0  2390.0  6200.0
21.082  0.0  1430.0  5180.0
21.1  0.0  6160.0  4340.0
21.118  0.0  4300.0  6500.0
21.137  0.0  2340.0  6180.0
21.137  0.0  2340.0  6180.0
21.156  0.0  1390.0  5150.0
21.184  0.0  6150.0  4370.0
21.202  0.0  2540.0  210.0
21.222  0.0  4780.0  1120.0
21.25  0.0  5660.0  2100.0
21.268  0.0  520.0  690.0
21.268  0.0  520.0  690.0
21.288  0.0  2590.0  220.0
21.307  0.0  4830.0  1140.0
21.325  0.0  490.0  2650.0
21.335  0.0  510.0  670.0
21.345  0.0  510.0  670.0
21.372  0.0  2250.0  6130.0
21.391  0.0  1320.0  5050.0
21.41  0.0  480.0  2610.0
21.41  0.0  480.0  2610.0
21.438  0.0  520.0  640.0
21.456  0.0  2220.0  6100.0
21.476  0.0  1300.0  5020.0
21.494  0.0  6130.0  4510.0
21.494  0.0  6130.0  4510.0
21.522  0.0  4140.0  6510.0
21.541  0.0  2190.0  6060.0
21.56  0.0  5740.0  2240.0
21.578  0.0  6110.0  4540.0
21.578  0.0  6110.0  4540.0
21.607  0.0  4110.0  6500.0
21.625  0.0  4920.0  1260.0
21.646  137.0  5780.0  2260.0
21.667  112.0  540.0  530.0
21.667  112.0  540.0  530.0
21.69  24.0  2730.0  240.0
21.71  0.0  4960.0  1280.0
21.731  0.0  5820.0  2290.0
21.731  0.0  530.0  510.0
21.752  0.0  530.0  510.0
21.773  0.0  2770.0  250.0
21.793  0.0  1200.0  4890.0
21.816  25.0  420.0  2430.0
21.816  25.0  420.0  2430.0
21.838  127.0  4020.0  6530.0
21.85  123.0  2080.0  6000.0
21.871  0.0  1200.0  4880.0
21.892  0.0  6080.0  4690.0
21.892  0.0  6080.0  4690.0
21.912  0.0  3990.0  6530.0
21.945  638.0  2070.0  6000.0
21.966  580.0  5880.0  2380.0
21.978  167.0  6080.0  4730.0
21.978  167.0  6080.0  4730.0
22.0  493.0  2910.0  330.0
22.023  654.0  5100.0  1420.0
22.043  698.0  5950.0  2420.0
22.064  712.0  5950.0  2420.0
22.064  712.0  670.0  410.0
22.086  676.0  2980.0  360.0
22.109  420.0  5220.0  1460.0
22.131  132.0  540.0  2420.0
22.154  15.0  540.0  2420.0
22.154  15.0  690.0  390.0
22.165  697.0  3070.0  370.0
22.188  510.0  1230.0  5040.0
22.211  225.0  510.0  2450.0
22.211  225.0  510.0  2450.0
22.233  31.0  4080.0  6870.0
22.254  28.0  2090.0  6240.0
22.278  160.0  1220.0  5030.0
22.3  462.0  530.0  2420.0
22.3  462.0  530.0  2420.0
22.323  698.0  4080.0  6830.0
22.332  0.0  5360.0  1610.0
22.353  0.0  6200.0  2650.0
22.375  34.0  6290.0  5080.0
22.375  34.0  6290.0  5080.0
22.397  208.0  3240.0  430.0
22.421  533.0  5400.0  1640.0
22.443  689.0  6240.0  2690.0
22.464  743.0  810.0  400.0
22.464  743.0  810.0  400.0
22.487  679.0  3290.0  440.0
22.509  415.0  5450.0  1680.0
22.52  517.0  570.0  2370.0
22.544  725.0  570.0  2370.0
