0.0  1.0  1.0  1.0
0.0  1.0  1.0  1.0
0.0  1.0  1.0  1.0
0.0  1.0  1.0  1.0
0.0  1.0  1.0  1.0
0.0  1.0  1.0  1.0
0.0  1.0  1.0  1.0
0.0  1.0  1.0  1.0
0.0  1.0  1.0  1.0
0.0  1.0  1.0  1.0
0.0  1.0  1.0  1.0
0.0  1.0  1.0  1.0
0.0  1.0  1.0  1.0
0.0  1.0  1.0  1.0
0.0  1.0  1.0  1.0
0.0  1.0  1.0  1.0
0.0  1.0  1.0  1.0
0.0  1.0  1.0  1.0
0.0  1.0  1.0  1.0
0.0  1.0  1.0  1.0
0.0  1.0  1.0  1.0
0.0  1.0  1.0  1.0
0.0  1.0  1.0  1.0
0.0  1.0  1.0  1.0
0.0  1.0  1.0  1.0
0.0  1.0  1.0  1.0
0.0  1.0  1.0  1.0
0.0  1.0  1.0  1.0
0.0  1.0  1.0  1.0
0.0  1.0  1.0  1.0
0.0  1.0  1.0  1.0
0.0  1.0  1.0  1.0
0.0  1.0  1.0  1.0
0.0  1.0  1.0  1.0
0.0  1.0  1.0  1.0
0.0  1.0  1.0  1.0
0.0  1.0  1.0  1.0
0.0  1.0  1.0  1.0
0.0  1.0  1.0  1.0
0.0  1.0  1.0  1.0
0.0  292.0  1.0  1.0
0.0  292.0  1.0  1.0
0.0020  292.0  4.0  363.0
0.0030  292.0  4.0  363.0
0.0050  292.0  4.0  363.0
0.028  292.0  4.0  362.0
0.028  292.0  4.0  363.0
0.053  292.0  4.0  363.0
0.07  292.0  4.0  363.0
0.095  292.0  4.0  363.0
0.095  292.0  4.0  364.0
0.112  292.0  4.0  364.0
0.141  292.0  4.0  364.0
0.159  292.0  4.0  364.0
0.159  292.0  5.0  364.0
0.178  292.0  4.0  365.0
0.197  292.0  4.0  365.0
0.225  292.0  4.0  365.0
0.243  292.0  5.0  364.0
0.243  292.0  5.0  364.0
0.263  292.0  4.0  364.0
0.281  292.0  4.0  364.0
0.309  292.0  3.0  365.0
0.328  292.0  4.0  365.0
0.328  292.0  4.0  365.0
0.347  292.0  4.0  365.0
0.374  292.0  4.0  365.0
0.394  292.0  4.0  366.0
0.394  292.0  4.0  365.0
0.412  292.0  4.0  365.0
0.44  292.0  4.0  365.0
0.459  292.0  3.0  365.0
0.478  292.0  3.0  365.0
0.478  292.0  4.0  366.0
0.496  292.0  4.0  366.0
0.515  292.0  4.0  366.0
0.543  292.0  4.0  367.0
0.562  292.0  4.0  365.0
0.58  292.0  4.0  364.0
0.58  292.0  4.0  364.0
0.609  292.0  4.0  364.0
0.627  292.0  4.0  364.0
0.646  292.0  3.0  363.0
0.646  292.0  4.0  364.0
0.674  292.0  4.0  364.0
0.693  292.0  4.0  365.0
0.711  292.0  4.0  365.0
0.711  292.0  4.0  366.0
0.731  292.0  4.0  366.0
0.749  292.0  4.0  365.0
0.777  292.0  4.0  366.0
0.796  292.0  3.0  367.0
0.796  292.0  3.0  367.0
0.815  292.0  3.0  367.0
0.842  292.0  4.0  365.0
0.862  292.0  4.0  366.0
0.88  292.0  3.0  366.0
0.88  292.0  3.0  366.0
0.899  292.0  4.0  366.0
0.964  292.0  4.0  367.0
0.983  292.0  4.0  365.0
1.012  292.0  5.0  366.0
1.012  292.0  3.0  366.0
1.033  291.0  3.0  366.0
1.053  292.0  3.0  366.0
1.075  292.0  4.0  365.0
1.075  292.0  4.0  365.0
1.095  292.0  4.0  365.0
1.116  292.0  4.0  365.0
1.137  292.0  4.0  367.0
1.147  292.0  4.0  367.0
1.189  292.0  4.0  367.0
1.189  292.0  4.0  367.0
1.21  292.0  4.0  367.0
1.23  292.0  4.0  368.0
1.23  292.0  4.0  367.0
1.251  292.0  4.0  367.0
1.272  292.0  4.0  367.0
1.272  292.0  4.0  368.0
1.293  292.0  4.0  368.0
1.313  292.0  4.0  367.0
1.335  292.0  4.0  367.0
1.355  292.0  4.0  367.0
1.355  292.0  3.0  368.0
1.376  292.0  3.0  368.0
1.408  292.0  4.0  367.0
1.428  292.0  4.0  367.0
1.448  292.0  4.0  366.0
1.448  292.0  3.0  368.0
1.47  292.0  3.0  366.0
1.49  292.0  3.0  366.0
1.511  292.0  3.0  366.0
1.532  292.0  3.0  366.0
1.532  292.0  3.0  366.0
1.553  292.0  3.0  366.0
1.573  292.0  4.0  365.0
1.595  292.0  4.0  365.0
1.595  292.0  4.0  365.0
1.615  292.0  4.0  366.0
1.636  292.0  3.0  366.0
1.657  292.0  4.0  364.0
1.657  292.0  4.0  364.0
1.678  292.0  4.0  365.0
1.698  292.0  4.0  365.0
1.719  292.0  3.0  364.0
1.74  292.0  4.0  364.0
1.74  292.0  4.0  364.0
1.761  292.0  4.0  364.0
1.781  292.0  4.0  364.0
1.803  292.0  3.0  365.0
1.833  292.0  4.0  364.0
1.833  292.0  4.0  364.0
1.855  292.0  4.0  365.0
1.875  292.0  3.0  365.0
1.896  292.0  4.0  365.0
1.916  292.0  4.0  365.0
1.916  292.0  4.0  365.0
1.938  292.0  4.0  364.0
1.958  292.0  4.0  365.0
1.979  292.0  4.0  365.0
1.979  292.0  4.0  365.0
2.0  292.0  5.0  364.0
2.021  292.0  5.0  364.0
2.041  292.0  4.0  365.0
2.063  292.0  3.0  367.0
2.063  292.0  4.0  366.0
2.083  292.0  4.0  366.0
2.104  292.0  4.0  366.0
2.125  292.0  4.0  365.0
2.146  292.0  4.0  366.0
2.146  292.0  4.0  366.0
2.166  292.0  4.0  365.0
2.188  292.0  4.0  363.0
2.208  292.0  4.0  363.0
2.229  292.0  3.0  365.0
2.229  292.0  4.0  364.0
2.249  292.0  4.0  364.0
2.271  292.0  5.0  364.0
2.291  292.0  3.0  366.0
2.312  292.0  3.0  366.0
2.312  292.0  3.0  366.0
2.333  292.0  3.0  364.0
2.354  292.0  5.0  363.0
2.374  292.0  3.0  366.0
2.396  292.0  3.0  366.0
2.396  292.0  3.0  366.0
2.416  292.0  3.0  366.0
2.437  292.0  5.0  365.0
2.458  292.0  4.0  366.0
2.479  292.0  3.0  367.0
2.479  292.0  3.0  367.0
2.521  292.0  5.0  366.0
2.521  292.0  5.0  366.0
2.541  292.0  4.0  366.0
2.562  292.0  3.0  367.0
2.593  292.0  4.0  366.0
2.614  292.0  4.0  366.0
2.614  292.0  4.0  366.0
2.634  292.0  4.0  366.0
2.656  292.0  4.0  366.0
2.676  292.0  4.0  364.0
2.697  292.0  4.0  365.0
2.697  292.0  4.0  365.0
2.717  292.0  3.0  367.0
2.739  292.0  3.0  367.0
2.759  292.0  4.0  365.0
2.78  292.0  5.0  365.0
2.78  292.0  5.0  365.0
2.801  292.0  3.0  367.0
2.822  292.0  3.0  374.0
2.842  292.0  3.0  374.0
2.864  292.0  5.0  393.0
2.864  292.0  5.0  393.0
2.884  292.0  3.0  401.0
2.905  292.0  3.0  396.0
2.926  292.0  5.0  389.0
2.947  292.0  5.0  389.0
2.947  292.0  5.0  389.0
2.967  292.0  4.0  388.0
2.989  292.0  3.0  392.0
3.009  292.0  5.0  393.0
3.009  292.0  4.0  431.0
3.03  292.0  4.0  431.0
3.05  292.0  4.0  431.0
3.072  292.0  4.0  472.0
3.092  292.0  6.0  535.0
3.092  292.0  6.0  535.0
3.112  292.0  12.0  642.0
3.134  292.0  12.0  642.0
3.154  292.0  19.0  689.0
3.175  292.0  26.0  821.0
3.175  292.0  26.0  821.0
3.196  292.0  33.0  905.0
3.217  292.0  37.0  871.0
3.237  292.0  37.0  871.0
3.269  292.0  39.0  803.0
3.269  292.0  39.0  803.0
3.279  292.0  36.0  703.0
3.3  292.0  24.0  590.0
3.321  292.0  22.0  509.0
3.342  292.0  22.0  509.0
3.342  292.0  22.0  509.0
3.362  292.0  18.0  456.0
3.383  292.0  19.0  440.0
3.404  292.0  12.0  479.0
3.425  292.0  19.0  504.0
3.425  292.0  19.0  504.0
3.457  292.0  19.0  504.0
3.467  292.0  34.0  523.0
3.497  292.0  28.0  538.0
3.519  292.0  30.0  599.0
3.519  292.0  30.0  599.0
3.539  292.0  30.0  599.0
3.56  292.0  32.0  636.0
3.58  292.0  35.0  675.0
3.58  292.0  35.0  675.0
3.592  292.0  36.0  699.0
3.622  292.0  36.0  693.0
3.643  292.0  35.0  645.0
3.664  292.0  35.0  645.0
3.685  292.0  31.0  540.0
3.685  292.0  31.0  540.0
3.705  292.0  26.0  495.0
3.727  292.0  22.0  497.0
3.747  292.0  22.0  497.0
3.747  292.0  22.0  497.0
3.768  292.0  28.0  561.0
3.789  292.0  33.0  654.0
3.81  292.0  36.0  741.0
3.83  292.0  39.0  760.0
3.83  292.0  39.0  760.0
3.852  292.0  39.0  760.0
3.872  292.0  37.0  721.0
3.893  292.0  35.0  626.0
3.913  292.0  29.0  517.0
3.913  292.0  29.0  517.0
3.935  292.0  21.0  484.0
3.955  292.0  21.0  484.0
3.976  291.0  21.0  493.0
3.997  292.0  26.0  555.0
3.997  292.0  26.0  555.0
4.018  292.0  31.0  661.0
4.038  292.0  31.0  661.0
4.07  292.0  33.0  691.0
4.07  292.0  36.0  695.0
4.08  292.0  36.0  695.0
4.101  292.0  35.0  661.0
4.122  292.0  28.0  548.0
4.143  292.0  28.0  548.0
4.143  292.0  25.0  508.0
4.163  292.0  25.0  508.0
4.195  292.0  24.0  519.0
4.215  292.0  28.0  585.0
4.236  292.0  32.0  632.0
4.236  292.0  32.0  632.0
4.257  292.0  32.0  632.0
4.278  292.0  33.0  632.0
4.298  292.0  29.0  556.0
4.32  292.0  24.0  519.0
4.32  292.0  23.0  523.0
4.34  292.0  23.0  523.0
4.361  292.0  23.0  523.0
4.381  292.0  26.0  568.0
4.381  292.0  30.0  651.0
4.403  292.0  33.0  660.0
4.423  292.0  33.0  660.0
4.444  292.0  33.0  660.0
4.465  292.0  32.0  637.0
4.465  292.0  29.0  555.0
4.486  292.0  24.0  513.0
4.506  292.0  24.0  513.0
4.528  292.0  22.0  490.0
4.548  292.0  21.0  507.0
4.548  292.0  21.0  507.0
4.569  292.0  27.0  558.0
4.59  292.0  27.0  558.0
4.611  292.0  29.0  625.0
4.611  292.0  30.0  631.0
4.631  292.0  30.0  631.0
4.653  292.0  32.0  606.0
4.673  292.0  32.0  606.0
4.704  292.0  29.0  549.0
4.704  292.0  23.0  519.0
4.725  292.0  23.0  504.0
4.746  292.0  23.0  504.0
4.746  292.0  23.0  504.0
4.766  292.0  23.0  522.0
4.798  292.0  26.0  553.0
4.818  292.0  29.0  577.0
4.818  292.0  29.0  580.0
4.839  292.0  29.0  580.0
4.86  292.0  29.0  580.0
4.881  292.0  28.0  572.0
4.901  292.0  28.0  542.0
4.901  292.0  27.0  535.0
4.923  292.0  27.0  535.0
4.943  292.0  27.0  535.0
4.964  292.0  26.0  545.0
4.964  292.0  29.0  607.0
4.985  292.0  32.0  645.0
5.006  292.0  32.0  645.0
5.026  292.0  32.0  628.0
5.047  292.0  32.0  628.0
5.047  292.0  30.0  570.0
5.068  292.0  27.0  530.0
5.089  292.0  27.0  530.0
5.109  292.0  22.0  519.0
5.131  292.0  22.0  523.0
5.131  292.0  22.0  523.0
5.151  292.0  28.0  591.0
5.172  292.0  28.0  591.0
5.193  292.0  29.0  628.0
5.214  292.0  30.0  620.0
5.214  292.0  30.0  620.0
5.234  292.0  29.0  549.0
5.256  292.0  29.0  549.0
5.276  292.0  23.0  515.0
5.297  292.0  21.0  494.0
5.297  292.0  23.0  500.0
5.318  292.0  23.0  500.0
5.349  292.0  23.0  500.0
5.369  292.0  25.0  546.0
5.391  292.0  28.0  591.0
5.391  292.0  30.0  605.0
5.411  292.0  30.0  569.0
5.432  292.0  30.0  569.0
5.453  292.0  30.0  569.0
5.453  292.0  25.0  523.0
5.474  292.0  22.0  491.0
5.494  292.0  22.0  459.0
5.516  292.0  22.0  459.0
5.536  292.0  20.0  475.0
5.536  292.0  20.0  475.0
5.557  292.0  22.0  496.0
5.577  292.0  25.0  522.0
5.599  292.0  25.0  522.0
5.599  292.0  27.0  545.0
5.619  292.0  27.0  530.0
5.64  292.0  27.0  530.0
5.661  292.0  27.0  530.0
5.682  292.0  25.0  508.0
5.682  292.0  21.0  490.0
5.702  292.0  21.0  460.0
5.724  292.0  22.0  472.0
5.744  292.0  22.0  472.0
5.765  292.0  22.0  472.0
5.765  292.0  22.0  506.0
5.786  292.0  25.0  539.0
5.817  292.0  28.0  560.0
5.837  292.0  28.0  560.0
5.859  292.0  28.0  560.0
5.859  292.0  28.0  571.0
5.879  292.0  28.0  547.0
5.9  292.0  27.0  518.0
5.921  292.0  27.0  518.0
5.921  292.0  23.0  518.0
5.942  292.0  22.0  521.0
5.962  292.0  22.0  521.0
5.984  292.0  24.0  511.0
6.004  292.0  24.0  511.0
6.004  292.0  22.0  502.0
6.025  292.0  21.0  489.0
6.045  292.0  21.0  450.0
6.067  292.0  21.0  450.0
6.087  292.0  21.0  450.0
6.087  292.0  19.0  399.0
6.108  292.0  17.0  376.0
6.129  292.0  18.0  360.0
6.15  292.0  18.0  360.0
6.17  292.0  18.0  353.0
6.17  292.0  18.0  353.0
6.192  292.0  17.0  352.0
6.212  292.0  17.0  352.0
6.233  292.0  18.0  349.0
6.233  292.0  18.0  349.0
6.254  292.0  17.0  351.0
6.275  292.0  17.0  351.0
6.295  292.0  17.0  353.0
6.317  292.0  17.0  353.0
6.317  292.0  19.0  354.0
6.337  292.0  18.0  354.0
6.368  292.0  18.0  354.0
6.389  292.0  17.0  351.0
6.41  292.0  17.0  351.0
6.41  292.0  18.0  348.0
6.43  292.0  18.0  344.0
6.452  292.0  17.0  346.0
6.472  292.0  18.0  343.0
6.472  292.0  18.0  343.0
6.493  292.0  18.0  343.0
6.514  292.0  18.0  344.0
6.535  292.0  17.0  346.0
6.555  292.0  17.0  346.0
6.555  292.0  18.0  348.0
6.576  292.0  18.0  351.0
6.597  292.0  18.0  351.0
6.618  292.0  18.0  351.0
6.638  292.0  16.0  351.0
6.638  292.0  17.0  352.0
6.66  292.0  18.0  351.0
6.68  292.0  17.0  352.0
6.701  292.0  17.0  352.0
6.722  292.0  17.0  351.0
6.722  292.0  17.0  351.0
6.743  292.0  18.0  353.0
6.763  292.0  17.0  355.0
6.785  292.0  17.0  355.0
6.805  292.0  17.0  355.0
6.805  292.0  17.0  355.0
6.825  292.0  18.0  352.0
6.847  292.0  18.0  356.0
6.867  292.0  18.0  356.0
6.888  292.0  17.0  356.0
6.888  292.0  17.0  356.0
6.908  292.0  18.0  355.0
6.93  292.0  17.0  357.0
6.95  292.0  17.0  357.0
6.971  292.0  17.0  359.0
6.971  292.0  18.0  364.0
6.992  292.0  18.0  366.0
7.013  292.0  18.0  366.0
7.033  292.0  18.0  366.0
7.055  292.0  17.0  372.0
7.055  292.0  18.0  373.0
7.075  292.0  18.0  375.0
7.096  292.0  17.0  377.0
7.128  292.0  17.0  377.0
7.128  292.0  17.0  377.0
7.148  292.0  18.0  376.0
7.169  292.0  18.0  376.0
7.19  292.0  17.0  378.0
7.211  292.0  17.0  378.0
7.231  292.0  17.0  378.0
7.231  292.0  18.0  372.0
7.252  292.0  19.0  362.0
7.273  292.0  19.0  362.0
7.273  292.0  17.0  353.0
7.293  292.0  18.0  347.0
7.315  292.0  19.0  353.0
7.335  292.0  19.0  353.0
7.356  292.0  19.0  353.0
7.356  292.0  18.0  345.0
7.376  292.0  18.0  346.0
7.398  292.0  22.0  349.0
7.418  292.0  22.0  349.0
7.439  292.0  19.0  351.0
7.439  292.0  19.0  351.0
7.46  292.0  17.0  361.0
7.481  292.0  19.0  350.0
7.501  292.0  19.0  350.0
7.523  292.0  17.0  350.0
7.523  292.0  17.0  348.0
7.543  292.0  17.0  348.0
7.564  292.0  18.0  348.0
7.585  292.0  18.0  348.0
7.606  292.0  18.0  350.0
7.606  292.0  17.0  328.0
7.626  292.0  18.0  318.0
7.658  292.0  18.0  318.0
7.678  292.0  18.0  318.0
7.699  292.0  18.0  337.0
7.699  292.0  18.0  343.0
7.72  292.0  19.0  344.0
7.741  292.0  19.0  344.0
7.761  292.0  19.0  344.0
7.761  292.0  19.0  348.0
7.772  292.0  18.0  388.0
7.793  292.0  19.0  394.0
7.814  292.0  18.0  375.0
7.834  292.0  18.0  375.0
7.834  292.0  18.0  375.0
7.866  292.0  18.0  360.0
7.886  292.0  19.0  348.0
7.907  292.0  20.0  316.0
7.928  292.0  20.0  316.0
7.928  292.0  28.0  250.0
7.949  292.0  42.0  215.0
7.969  292.0  42.0  215.0
7.991  292.0  42.0  215.0
8.001  292.0  55.0  175.0
8.011  292.0  68.0  175.0
8.032  292.0  79.0  178.0
8.053  292.0  79.0  178.0
8.074  292.0  79.0  178.0
8.074  292.0  85.0  179.0
8.094  292.0  75.0  180.0
8.116  292.0  52.0  196.0
8.136  292.0  33.0  201.0
8.157  292.0  33.0  201.0
8.157  292.0  33.0  201.0
8.178  292.0  19.0  239.0
8.199  292.0  18.0  256.0
8.219  292.0  18.0  251.0
8.24  292.0  18.0  251.0
8.24  292.0  17.0  263.0
8.261  292.0  17.0  263.0
8.282  292.0  16.0  267.0
8.302  292.0  18.0  240.0
8.324  292.0  18.0  240.0
8.324  292.0  17.0  215.0
8.344  292.0  17.0  187.0
8.365  292.0  17.0  187.0
8.386  292.0  18.0  173.0
8.407  292.0  18.0  173.0
8.407  292.0  18.0  174.0
8.427  292.0  17.0  194.0
8.459  292.0  18.0  201.0
8.479  292.0  18.0  201.0
8.5  292.0  18.0  201.0
8.5  292.0  18.0  180.0
8.521  292.0  17.0  166.0
8.542  292.0  17.0  139.0
8.562  292.0  17.0  139.0
8.562  292.0  18.0  156.0
8.584  292.0  18.0  156.0
8.604  292.0  17.0  155.0
8.625  292.0  17.0  168.0
8.646  292.0  17.0  168.0
8.646  292.0  18.0  164.0
8.667  292.0  17.0  174.0
8.687  292.0  17.0  174.0
8.708  292.0  16.0  190.0
8.729  292.0  16.0  190.0
8.729  292.0  18.0  219.0
8.75  292.0  17.0  224.0
8.77  292.0  16.0  178.0
8.792  292.0  16.0  178.0
8.812  292.0  16.0  178.0
8.812  292.0  18.0  152.0
8.833  292.0  17.0  186.0
8.854  292.0  16.0  208.0
8.875  292.0  16.0  208.0
8.875  292.0  18.0  188.0
8.895  292.0  18.0  188.0
8.916  292.0  17.0  156.0
8.937  292.0  17.0  162.0
8.957  292.0  17.0  162.0
8.957  292.0  18.0  187.0
8.989  292.0  18.0  187.0
9.01  292.0  17.0  195.0
9.03  292.0  16.0  193.0
9.03  292.0  16.0  193.0
9.052  292.0  17.0  201.0
9.072  292.0  17.0  210.0
9.093  292.0  16.0  216.0
9.114  292.0  16.0  216.0
9.114  292.0  16.0  216.0
9.135  292.0  17.0  216.0
9.155  292.0  17.0  216.0
9.177  292.0  16.0  227.0
9.197  292.0  16.0  227.0
9.197  292.0  16.0  198.0
9.218  292.0  16.0  198.0
9.238  292.0  18.0  159.0
9.26  292.0  17.0  165.0
9.26  292.0  17.0  165.0
9.28  292.0  17.0  157.0
9.3  292.0  19.0  152.0
9.322  292.0  19.0  152.0
9.342  292.0  36.0  218.0
9.363  292.0  36.0  218.0
9.363  292.0  62.0  241.0
9.384  292.0  87.0  220.0
9.405  292.0  87.0  220.0
9.425  292.0  103.0  131.0
9.447  292.0  103.0  131.0
9.447  292.0  116.0  83.0
9.467  292.0  121.0  123.0
9.488  292.0  119.0  141.0
9.509  292.0  119.0  141.0
9.53  292.0  119.0  141.0
9.53  292.0  100.0  126.0
9.55  292.0  80.0  143.0
9.571  292.0  64.0  160.0
9.592  292.0  55.0  173.0
9.592  292.0  55.0  173.0
9.613  292.0  55.0  173.0
9.633  292.0  55.0  183.0
9.655  292.0  58.0  156.0
9.675  292.0  83.0  126.0
9.675  292.0  83.0  126.0
9.696  292.0  83.0  126.0
9.717  292.0  113.0  122.0
9.748  292.0  121.0  115.0
9.768  292.0  121.0  112.0
9.768  292.0  121.0  112.0
9.79  292.0  114.0  116.0
9.81  292.0  114.0  116.0
9.831  292.0  99.0  138.0
9.842  292.0  81.0  146.0
9.842  292.0  81.0  146.0
9.863  292.0  77.0  146.0
9.883  292.0  86.0  144.0
9.915  292.0  86.0  144.0
9.935  292.0  111.0  138.0
9.935  292.0  111.0  138.0
9.956  292.0  136.0  134.0
9.977  292.0  141.0  133.0
9.998  292.0  129.0  135.0
10.008  292.0  129.0  135.0
10.008  292.0  129.0  135.0
10.043  292.0  114.0  140.0
10.054  292.0  98.0  144.0
10.077  292.0  84.0  136.0
10.077  292.0  88.0  113.0
10.099  292.0  88.0  113.0
10.123  292.0  88.0  113.0
10.145  292.0  106.0  112.0
10.157  292.0  119.0  126.0
10.157  292.0  118.0  124.0
10.18  292.0  118.0  124.0
10.203  292.0  110.0  123.0
10.225  292.0  110.0  123.0
10.249  292.0  97.0  124.0
10.249  292.0  97.0  124.0
10.26  292.0  88.0  123.0
10.294  292.0  96.0  92.0
10.305  292.0  122.0  104.0
10.329  292.0  122.0  104.0
10.329  292.0  122.0  104.0
10.351  292.0  130.0  109.0
10.375  292.0  127.0  105.0
10.397  292.0  113.0  105.0
10.42  292.0  92.0  122.0
10.42  292.0  92.0  122.0
10.431  292.0  92.0  122.0
10.455  292.0  80.0  121.0
10.477  292.0  76.0  110.0
10.5  292.0  76.0  116.0
10.5  292.0  76.0  116.0
10.523  292.0  76.0  116.0
10.546  292.0  76.0  118.0
10.568  292.0  69.0  128.0
10.58  292.0  50.0  132.0
10.58  292.0  50.0  132.0
10.603  292.0  32.0  165.0
10.626  292.0  22.0  178.0
10.649  292.0  22.0  178.0
10.649  292.0  22.0  178.0
10.672  292.0  18.0  212.0
10.694  292.0  16.0  230.0
10.718  292.0  18.0  237.0
10.729  292.0  17.0  242.0
10.729  292.0  17.0  242.0
10.752  292.0  17.0  242.0
10.775  292.0  16.0  245.0
10.798  292.0  17.0  249.0
10.82  292.0  17.0  249.0
10.82  292.0  17.0  249.0
10.844  292.0  16.0  254.0
10.855  292.0  16.0  254.0
10.877  292.0  18.0  249.0
10.877  292.0  17.0  255.0
10.9  292.0  17.0  255.0
10.924  292.0  16.0  254.0
10.946  292.0  16.0  254.0
10.946  292.0  17.0  254.0
10.969  292.0  17.0  254.0
10.992  292.0  17.0  253.0
11.015  292.0  16.0  255.0
11.015  292.0  16.0  256.0
11.037  292.0  16.0  256.0
11.061  292.0  17.0  256.0
11.083  292.0  17.0  256.0
11.083  292.0  16.0  256.0
11.107  292.0  16.0  257.0
11.129  292.0  17.0  257.0
11.152  292.0  17.0  257.0
11.163  292.0  17.0  257.0
11.163  292.0  16.0  258.0
11.187  292.0  16.0  258.0
11.209  292.0  17.0  257.0
11.232  292.0  17.0  257.0
11.232  292.0  17.0  262.0
11.255  292.0  17.0  262.0
11.278  292.0  16.0  261.0
11.289  292.0  17.0  260.0
11.313  292.0  17.0  260.0
11.313  292.0  17.0  261.0
11.335  292.0  16.0  262.0
11.358  292.0  16.0  262.0
11.381  292.0  17.0  264.0
11.404  292.0  17.0  264.0
11.404  292.0  17.0  263.0
11.426  292.0  16.0  262.0
11.439  292.0  16.0  262.0
11.461  292.0  17.0  262.0
11.484  292.0  17.0  262.0
11.484  292.0  17.0  264.0
11.507  292.0  16.0  269.0
11.53  292.0  17.0  267.0
11.552  292.0  17.0  267.0
11.552  292.0  17.0  267.0
11.576  292.0  18.0  268.0
11.587  292.0  16.0  269.0
11.632  292.0  17.0  268.0
11.632  292.0  17.0  268.0
11.656  292.0  16.0  270.0
11.678  292.0  16.0  270.0
11.701  292.0  16.0  272.0
11.713  292.0  17.0  270.0
11.713  292.0  17.0  270.0
11.747  292.0  16.0  273.0
11.758  292.0  16.0  273.0
11.782  292.0  16.0  274.0
11.782  292.0  16.0  274.0
11.804  292.0  17.0  272.0
11.827  292.0  16.0  274.0
11.85  292.0  16.0  276.0
11.862  292.0  16.0  276.0
11.862  292.0  16.0  276.0
11.884  292.0  17.0  273.0
11.908  292.0  16.0  276.0
11.93  292.0  16.0  278.0
11.953  292.0  17.0  278.0
11.953  292.0  17.0  278.0
11.976  292.0  17.0  278.0
11.999  292.0  17.0  276.0
12.01  292.0  16.0  276.0
12.033  292.0  17.0  276.0
12.033  292.0  17.0  276.0
12.056  292.0  17.0  275.0
12.079  292.0  17.0  275.0
12.09  292.0  16.0  276.0
12.125  292.0  16.0  273.0
12.125  292.0  16.0  273.0
12.136  292.0  17.0  272.0
12.158  292.0  16.0  272.0
12.182  292.0  16.0  272.0
12.205  292.0  16.0  272.0
12.205  292.0  16.0  272.0
12.227  292.0  17.0  274.0
12.251  292.0  16.0  276.0
12.273  292.0  16.0  276.0
12.273  292.0  16.0  276.0
12.296  292.0  16.0  276.0
