0.0  1.0  1.0  1.0
0.0  1.0  1.0  1.0
0.0  1.0  1.0  1.0
0.0  1.0  1.0  1.0
0.0  1.0  1.0  1.0
0.0  1.0  1.0  1.0
0.0  1.0  1.0  1.0
0.0  1.0  1.0  1.0
0.0  1.0  1.0  1.0
0.0  1.0  1.0  1.0
0.0  1.0  1.0  1.0
0.0  1.0  1.0  1.0
0.0  1.0  1.0  1.0
0.0  1.0  1.0  1.0
0.0  1.0  1.0  1.0
0.0  1.0  1.0  1.0
0.0  1.0  1.0  1.0
0.0  1.0  1.0  1.0
0.0  1.0  1.0  1.0
0.0  1.0  1.0  1.0
0.0  1.0  1.0  1.0
0.0  1.0  1.0  1.0
0.0  1.0  1.0  1.0
0.0  1.0  1.0  1.0
0.0  1.0  1.0  1.0
0.0  1.0  1.0  1.0
0.0  1.0  1.0  1.0
0.0  1.0  1.0  1.0
0.0  1.0  1.0  1.0
0.0  1.0  1.0  1.0
0.0  1.0  1.0  1.0
0.0  1.0  1.0  1.0
0.0  1.0  1.0  1.0
0.0  1.0  1.0  1.0
0.0  1.0  1.0  1.0
0.0  1.0  1.0  1.0
0.0  1.0  1.0  1.0
0.0  1.0  1.0  1.0
0.0  1.0  1.0  1.0
0.0  1.0  1.0  1.0
0.0  1.0  1.0  1.0
0.0  0.0  10230.0  0.0
0.0  0.0  10230.0  20.0
0.0  0.0  10230.0  30.0
0.0  0.0  10230.0  30.0
0.0  0.0  10230.0  120.0
0.0  0.0  10230.0  300.0
0.0  0.0  10230.0  500.0
0.0  0.0  10230.0  680.0
0.0  0.0  10230.0  680.0
0.0  0.0  10230.0  960.0
0.0  0.0  10230.0  1160.0
0.0  0.0  10230.0  1370.0
0.0  0.0  10230.0  1370.0
0.0  0.0  10230.0  1570.0
0.0  0.0  10230.0  1790.0
0.0  0.0  10230.0  1990.0
0.0  0.0  10230.0  2200.0
0.0  0.0  10230.0  2200.0
0.0  0.0  10230.0  2410.0
0.0  0.0  10230.0  2720.0
0.0  0.0  10230.0  2920.0
0.0  0.0  10230.0  2920.0
0.0  0.0  10230.0  3140.0
0.0  0.0  10230.0  3340.0
0.0  0.0  10220.0  3550.0
0.0  0.0  10230.0  3650.0
0.0  0.0  10230.0  3650.0
0.0  0.0  10230.0  3870.0
0.0  0.0  10230.0  4170.0
0.0  0.0  10230.0  4390.0
0.0  0.0  10230.0  4590.0
0.0  0.0  10230.0  4590.0
0.0  0.0  10230.0  4800.0
0.0  0.0  10230.0  5010.0
0.0  0.0  10230.0  5220.0
0.0  0.0  10230.0  5220.0
0.0  0.0  10230.0  5420.0
0.0  0.0  10230.0  5630.0
0.0  0.0  10230.0  5840.0
0.0  0.0  10230.0  6050.0
0.0  0.0  10230.0  6050.0
0.0  0.0  10230.0  6250.0
0.0  0.0  10230.0  6470.0
0.0  0.0  10230.0  6670.0
0.0  0.0  10230.0  6670.0
0.0  0.0  10230.0  6880.0
0.0  0.0  10230.0  7090.0
0.0  0.0  10230.0  7300.0
0.0  0.0  10230.0  7500.0
0.0  0.0  10230.0  7720.0
0.0  0.0  10230.0  7720.0
0.0  0.0  10230.0  7920.0
0.0  0.0  10230.0  8230.0
0.0  0.0  10230.0  8440.0
0.0  0.0  10230.0  8440.0
0.0  0.0  10230.0  8750.0
0.0  0.0  10230.0  8960.0
0.0  0.0  10230.0  9170.0
0.0  0.0  10230.0  9370.0
0.0  0.0  10230.0  9900.0
0.0  0.0  10230.0  9900.0
0.0  0.0  10230.0  10110.0
0.0  0.0  10230.0  10350.0
0.0  0.0  10230.0  10350.0
0.0  0.0  10230.0  10460.0
0.0  0.0  10230.0  10690.0
0.0  0.0  10230.0  10910.0
0.0  0.0  10230.0  11150.0
0.0  0.0  10230.0  11150.0
0.0  0.0  10230.0  11370.0
0.0  0.0  10230.0  11600.0
0.0  0.0  10230.0  11830.0
0.0  0.0  10230.0  11830.0
0.0  0.0  10230.0  12060.0
0.0  0.0  10230.0  12280.0
0.0  0.0  10230.0  12410.0
0.0  0.0  10230.0  12630.0
0.0  0.0  10230.0  12630.0
0.0  0.0  10230.0  12860.0
0.0  0.0  10230.0  13090.0
0.0  0.0  10230.0  13320.0
0.0  0.0  10230.0  13540.0
0.0  0.0  10230.0  13540.0
0.0  0.0  10230.0  13670.0
0.0  0.0  10230.0  13890.0
0.0  0.0  10230.0  14120.0
0.0  0.0  10230.0  14350.0
0.0  0.0  10230.0  14350.0
0.0  0.0  10230.0  14580.0
0.0  0.0  10230.0  14800.0
0.0  0.0  10230.0  15040.0
0.0  0.0  10230.0  15040.0
0.0  0.0  10230.0  15260.0
0.0  0.0  10230.0  15490.0
0.0  0.0  10230.0  15600.0
0.0  0.0  10230.0  15840.0
0.0  0.0  10230.0  15840.0
0.0  0.0  10230.0  16060.0
0.0  0.0  10230.0  16290.0
0.0  0.0  10230.0  16520.0
0.0  0.0  10230.0  16750.0
0.0  0.0  10230.0  16750.0
0.0  0.0  10230.0  16860.0
0.0  0.0  10230.0  17100.0
0.0  0.0  10230.0  17320.0
0.0  0.0  10230.0  17550.0
0.0  0.0  10230.0  17550.0
0.0  0.0  10230.0  17780.0
0.0  0.0  10230.0  17890.0
0.0  0.0  10230.0  18230.0
0.0  0.0  10230.0  18230.0
0.0  0.0  10230.0  18360.0
0.0  0.0  10230.0  18580.0
0.0  0.0  10230.0  18810.0
0.0  0.0  10230.0  19040.0
0.0  0.0  10230.0  19040.0
0.0  0.0  10230.0  19270.0
0.0  0.0  10230.0  19380.0
0.0  0.0  10230.0  19600.0
0.0  0.0  10230.0  19840.0
0.0  0.0  10230.0  19840.0
0.0  0.0  10230.0  20070.0
0.0  0.0  10230.0  20290.0
0.0  0.0  10230.0  20530.0
0.0  0.0  10230.0  20640.0
0.0  0.0  10230.0  20640.0
0.0  0.0  10230.0  20990.0
0.0  0.0  10230.0  21100.0
0.0  0.0  10230.0  21320.0
0.0  0.0  10230.0  21550.0
0.0  0.0  10230.0  21550.0
0.0  0.0  10230.0  21790.0
0.0  0.0  10230.0  22010.0
0.0  0.0  10230.0  22120.0
0.0  0.0  10230.0  22120.0
0.0  0.0  10230.0  22360.0
0.0  0.0  10230.0  22580.0
0.0  0.0  10230.0  22810.0
0.0  0.0  10230.0  23050.0
0.0  0.0  10230.0  23050.0
0.0  0.0  10230.0  23270.0
0.0  0.0  10230.0  23500.0
0.0  0.0  10230.0  23610.0
0.0  0.0  10230.0  23840.0
0.0  0.0  10230.0  23840.0
0.0  0.0  10230.0  24070.0
0.0  0.0  10230.0  24290.0
0.0  0.0  10230.0  24420.0
0.0  0.0  10230.0  24420.0
0.0  0.0  10230.0  24760.0
0.0  0.0  10230.0  24990.0
0.0  0.0  10230.0  25330.0
0.0  0.0  10230.0  25550.0
0.0  0.0  10230.0  25550.0
0.0  0.0  10230.0  25790.0
0.0  0.0  10230.0  25900.0
0.0  0.0  10230.0  25900.0
0.0  0.0  10230.0  26130.0
0.0  0.0  10230.0  26360.0
0.0  0.0  10230.0  26590.0
0.0  0.0  10230.0  26810.0
0.0  0.0  10230.0  26930.0
0.0  0.0  10230.0  26930.0
0.0  0.0  10230.0  27270.0
0.0  0.0  10230.0  27390.0
0.0  0.0  10230.0  27610.0
0.0  0.0  10230.0  27610.0
0.0  0.0  10230.0  27850.0
0.0  0.0  10230.0  28070.0
0.0  0.0  10230.0  28310.0
0.0  0.0  10230.0  28530.0
0.0  0.0  10230.0  28530.0
0.0  0.0  10230.0  28650.0
0.0  0.0  10230.0  28870.0
0.0  0.0  10230.0  29110.0
0.0  0.0  10230.0  29330.0
0.0  0.0  10230.0  29330.0
0.0  0.0  10230.0  29560.0
0.0  0.0  10230.0  29680.0
0.0  0.0  10230.0  29910.0
0.0  0.0  10230.0  29910.0
0.0  0.0  10230.0  30130.0
0.0  0.0  10230.0  30370.0
0.0  0.0  10230.0  30590.0
0.0  0.0  10230.0  30820.0
0.0  0.0  10230.0  31050.0
0.0  0.0  10230.0  31050.0
0.0  0.0  10230.0  31170.0
0.0  0.0  10230.0  31500.0
0.0  0.0  10230.0  31620.0
0.0  0.0  10230.0  31620.0
0.0  0.0  10230.0  31850.0
0.0  0.0  10230.0  32080.0
0.0  0.0  10230.0  32310.0
0.0  0.0  10230.0  32430.0
0.0  0.0  10230.0  32430.0
0.0  0.0  10230.0  32760.0
0.0  0.0  10230.0  32880.0
0.0  0.0  10230.0  33110.0
0.0  0.0  10230.0  33340.0
0.0  0.0  10230.0  33340.0
0.0  0.0  10230.0  33560.0
0.0  0.0  10230.0  33800.0
0.0  0.0  10230.0  34020.0
0.0  0.0  10230.0  34020.0
0.0  0.0  10230.0  34250.0
0.0  0.0  10230.0  34370.0
0.0  0.0  10230.0  34600.0
0.0  0.0  10230.0  34820.0
0.0  0.0  10230.0  34820.0
0.0  0.0  10230.0  35060.0
0.0  0.0  10230.0  35280.0
0.0  0.0  10230.0  35510.0
0.0  0.0  10230.0  35510.0
0.0  0.0  10230.0  35630.0
0.0  0.0  10230.0  35860.0
0.0  0.0  10230.0  36080.0
0.0  0.0  10230.0  36320.0
0.0  0.0  10230.0  36540.0
0.0  0.0  10230.0  36540.0
0.0  0.0  10230.0  36770.0
0.0  0.0  10230.0  37000.0
0.0  0.0  10230.0  37120.0
0.0  0.0  10230.0  37340.0
0.0  0.0  10230.0  37570.0
0.0  0.0  10230.0  37570.0
0.0  0.0  10230.0  37800.0
0.0  0.0  10230.0  38030.0
0.0  0.0  10230.0  38250.0
0.0  0.0  10230.0  38490.0
0.0  0.0  10230.0  38490.0
0.0  0.0  10230.0  38600.0
0.0  0.0  10230.0  38830.0
0.0  0.0  10230.0  39060.0
0.0  0.0  10230.0  39290.0
0.0  0.0  10230.0  39510.0
0.0  0.0  10230.0  39510.0
0.0  0.0  10230.0  39750.0
0.0  0.0  10230.0  39860.0
0.0  0.0  10230.0  40080.0
0.0  0.0  10230.0  40320.0
0.0  0.0  10230.0  40320.0
0.0  0.0  10230.0  40550.0
0.0  0.0  10230.0  40770.0
0.0  0.0  10230.0  41010.0
0.0  0.0  10230.0  41230.0
0.0  0.0  10230.0  41340.0
0.0  0.0  10230.0  41340.0
0.0  0.0  10230.0  41570.0
0.0  0.0  10230.0  41800.0
0.0  0.0  10230.0  42030.0
0.0  0.0  10230.0  42030.0
0.0  0.0  10230.0  42260.0
0.0  0.0  10230.0  42490.0
0.0  0.0  10230.0  42720.0
0.0  0.0  10230.0  42830.0
0.0  0.0  10230.0  42830.0
0.0  0.0  10230.0  43060.0
0.0  0.0  10230.0  43290.0
0.0  0.0  10230.0  43520.0
0.0  0.0  10230.0  43750.0
0.0  0.0  10230.0  43750.0
0.0  0.0  10230.0  43980.0
0.0  0.0  10230.0  44200.0
0.0  0.0  10230.0  44200.0
0.0  0.0  10230.0  44440.0
0.0  0.0  10230.0  44660.0
0.0  0.0  10230.0  44890.0
0.0  0.0  10230.0  45010.0
0.0  0.0  10230.0  45010.0
0.0  0.0  10230.0  45240.0
0.0  0.0  10230.0  45460.0
0.0  0.0  10230.0  45460.0
0.0  0.0  10230.0  45700.0
0.0  0.0  10230.0  45920.0
0.0  0.0  10230.0  46150.0
0.0  0.0  10230.0  46380.0
0.0  0.0  10230.0  46380.0
0.0  0.0  10230.0  46610.0
0.0  0.0  10230.0  46720.0
0.0  0.0  10230.0  46960.0
0.0  0.0  10230.0  47180.0
0.0  0.0  10230.0  47410.0
0.0  0.0  10230.0  47410.0
0.0  0.0  10230.0  47640.0
0.0  0.0  10230.0  47870.0
0.0  0.0  10230.0  48090.0
0.0  0.0  10230.0  48090.0
0.0  0.0  10230.0  48200.0
0.0  0.0  10230.0  48440.0
0.0  0.0  10230.0  48780.0
0.0  0.0  10230.0  48780.0
0.0  0.0  10230.0  48890.0
0.0  0.0  10230.0  49240.0
0.0  0.0  10230.0  49350.0
0.0  0.0  10230.0  49350.0
0.0  0.0  10230.0  49580.0
0.0  0.0  10230.0  49810.0
0.0  0.0  10230.0  50040.0
0.0  0.0  10230.0  50270.0
0.0  0.0  10230.0  50270.0
0.0  0.0  10230.0  50390.0
0.0  0.0  10230.0  50720.0
0.0  0.0  10230.0  50720.0
0.0  0.0  10230.0  50960.0
0.0  0.0  10230.0  51070.0
0.0  0.0  10230.0  51300.0
0.0  0.0  10230.0  51520.0
0.0  0.0  10230.0  51520.0
0.0  0.0  10230.0  51760.0
0.0  0.0  10230.0  51980.0
0.0  0.0  10230.0  52210.0
0.0  0.0  10230.0  52440.0
0.0  0.0  10230.0  53020.0
0.0  0.0  10230.0  53240.0
0.0  0.0  10230.0  53470.0
0.0  0.0  10230.0  53930.0
0.0  0.0  10230.0  54150.0
0.0  0.0  10230.0  54390.0
0.0  0.0  10230.0  54620.0
0.0  0.0  10230.0  54730.0
0.0  0.0  10230.0  55080.0
0.0  0.0  10230.0  55080.0
0.0  0.0  10230.0  55190.0
0.0  0.0  10230.0  55410.0
0.0  0.0  10230.0  55650.0
0.0  0.0  10230.0  55870.0
0.0  0.0  10230.0  55870.0
0.0  0.0  10230.0  56210.0
0.0  0.0  10230.0  56210.0
0.0  0.0  10230.0  56670.0
0.0  0.0  10230.0  56900.0
0.0  0.0  10230.0  57130.0
0.0  0.0  10230.0  57360.0
0.0  0.0  10230.0  57600.0
0.0  0.0  10230.0  57600.0
0.0  0.0  10230.0  57820.0
0.0  0.0  10230.0  57930.0
0.0  0.0  10230.0  58160.0
0.0  0.0  10230.0  58390.0
0.0  0.0  10230.0  58620.0
0.0  0.0  10230.0  58620.0
0.0  0.0  10230.0  58840.0
0.0  0.0  10230.0  59080.0
0.0  0.0  10230.0  59310.0
0.0  0.0  10230.0  59420.0
0.0  0.0  10230.0  59650.0
0.0  0.0  10230.0  59650.0
0.0  0.0  10230.0  59880.0
0.0  0.0  10230.0  60100.0
0.0  0.0  10230.0  60340.0
0.0  0.0  10230.0  60340.0
0.0  0.0  10230.0  60560.0
0.0  0.0  10230.0  60680.0
