0.0  1.0  1.0  1.0
0.0  1.0  1.0  1.0
0.0  1.0  1.0  1.0
0.0  1.0  1.0  1.0
0.0  1.0  1.0  1.0
0.0  1.0  1.0  1.0
0.0  1.0  1.0  1.0
0.0  1.0  1.0  1.0
0.0  1.0  1.0  1.0
0.0  1.0  1.0  1.0
0.0  1.0  1.0  1.0
0.0  1.0  1.0  1.0
0.0  1.0  1.0  1.0
0.0  1.0  1.0  1.0
0.0  1.0  1.0  1.0
0.0  1.0  1.0  1.0
0.0  1.0  1.0  1.0
0.0  1.0  1.0  1.0
0.0  1.0  1.0  1.0
0.0  1.0  1.0  1.0
0.0  1.0  1.0  1.0
0.0  1.0  1.0  1.0
0.0  1.0  1.0  1.0
0.0  1.0  1.0  1.0
0.0  1.0  1.0  1.0
0.0  1.0  1.0  1.0
0.0  1.0  1.0  1.0
0.0  1.0  1.0  1.0
0.0  1.0  1.0  1.0
0.0  1.0  1.0  1.0
0.0  1.0  1.0  1.0
0.0  1.0  1.0  1.0
0.0  1.0  1.0  1.0
0.0  1.0  1.0  1.0
0.0  1.0  1.0  1.0
0.0  1.0  1.0  1.0
0.0  1.0  1.0  1.0
0.0  1.0  1.0  1.0
0.0  1.0  1.0  1.0
0.0  1.0  1.0  1.0
0.023  895.0  0.0  292.0
0.023  895.0  2.0  292.0
0.022  899.0  2.0  292.0
0.022  899.0  3.0  292.0
0.022  902.0  12.0  292.0
0.022  902.0  36.0  292.0
0.023  897.0  53.0  292.0
0.022  903.0  53.0  292.0
0.022  914.0  70.0  292.0
0.022  914.0  95.0  292.0
0.022  914.0  112.0  292.0
0.023  906.0  112.0  292.0
0.022  911.0  141.0  292.0
0.022  911.0  159.0  292.0
0.023  912.0  178.0  292.0
0.023  912.0  197.0  292.0
0.023  912.0  197.0  292.0
0.023  905.0  216.0  292.0
0.022  898.0  243.0  292.0
0.023  908.0  272.0  292.0
0.023  908.0  272.0  292.0
0.023  908.0  290.0  292.0
0.023  910.0  309.0  292.0
0.022  913.0  328.0  292.0
0.022  913.0  328.0  292.0
0.022  911.0  356.0  292.0
0.023  916.0  374.0  292.0
0.023  916.0  394.0  292.0
0.022  924.0  421.0  292.0
0.022  931.0  440.0  292.0
0.022  931.0  440.0  292.0
0.023  939.0  459.0  292.0
0.022  939.0  478.0  292.0
0.022  939.0  496.0  292.0
0.022  939.0  496.0  292.0
0.022  947.0  525.0  292.0
0.022  943.0  543.0  292.0
0.021  941.0  562.0  292.0
0.022  935.0  580.0  292.0
0.022  935.0  580.0  292.0
0.022  935.0  609.0  292.0
0.022  944.0  627.0  292.0
0.021  942.0  646.0  292.0
0.022  937.0  665.0  292.0
0.022  937.0  665.0  292.0
0.022  938.0  693.0  292.0
0.022  938.0  711.0  292.0
0.022  938.0  731.0  292.0
0.022  938.0  731.0  292.0
0.022  939.0  758.0  292.0
0.022  935.0  777.0  292.0
0.022  933.0  796.0  292.0
0.022  937.0  824.0  292.0
0.022  937.0  824.0  292.0
0.022  934.0  842.0  292.0
0.022  934.0  862.0  292.0
0.022  935.0  862.0  292.0
0.022  933.0  927.0  292.0
0.022  935.0  955.0  292.0
0.022  935.0  973.0  292.0
0.022  935.0  973.0  292.0
0.021  936.0  993.0  292.0
0.022  935.0  1012.0  292.0
0.022  939.0  1033.0  292.0
0.021  939.0  1053.0  292.0
0.021  939.0  1053.0  292.0
0.021  943.0  1085.0  292.0
0.021  943.0  1105.0  292.0
0.022  943.0  1127.0  292.0
0.022  943.0  1127.0  292.0
0.022  945.0  1147.0  292.0
0.021  941.0  1168.0  292.0
0.022  938.0  1178.0  292.0
0.022  938.0  1210.0  292.0
0.022  938.0  1210.0  292.0
0.022  932.0  1220.0  292.0
0.021  927.0  1251.0  292.0
0.022  932.0  1272.0  292.0
0.022  931.0  1293.0  292.0
0.022  931.0  1293.0  292.0
0.022  931.0  1313.0  292.0
0.021  927.0  1335.0  292.0
0.022  934.0  1355.0  292.0
0.022  934.0  1376.0  292.0
0.022  934.0  1376.0  292.0
0.021  930.0  1397.0  292.0
0.021  930.0  1418.0  292.0
0.022  936.0  1438.0  292.0
0.022  931.0  1460.0  292.0
0.022  931.0  1460.0  292.0
0.022  935.0  1480.0  292.0
0.022  935.0  1501.0  292.0
0.022  936.0  1522.0  292.0
0.023  929.0  1543.0  292.0
0.023  929.0  1543.0  292.0
0.022  927.0  1563.0  292.0
0.022  927.0  1584.0  292.0
0.023  923.0  1605.0  292.0
0.023  923.0  1626.0  292.0
0.023  923.0  1626.0  292.0
0.022  915.0  1646.0  292.0
0.022  903.0  1668.0  292.0
0.022  901.0  1688.0  292.0
0.022  901.0  1709.0  292.0
0.022  901.0  1709.0  292.0
0.022  896.0  1730.0  292.0
0.021  901.0  1751.0  292.0
0.022  889.0  1771.0  292.0
0.022  889.0  1771.0  292.0
0.022  890.0  1793.0  292.0
0.022  890.0  1823.0  292.0
0.022  896.0  1844.0  292.0
0.022  898.0  1865.0  292.0
0.022  898.0  1865.0  292.0
0.022  900.0  1886.0  292.0
0.021  895.0  1906.0  292.0
0.021  895.0  1928.0  292.0
0.022  896.0  1948.0  292.0
