0.0  0.0  339.0  37722.0
0.0  0.0  339.0  37722.0
0.0  0.0  339.0  37722.0
0.0  0.0  339.0  37722.0
0.0  0.0  339.0  37722.0
0.0  0.0  339.0  37722.0
0.0  0.0  339.0  37722.0
0.0  0.0  339.0  37722.0
0.0  0.0  339.0  37722.0
0.0  0.0  339.0  37722.0
0.0  0.0  339.0  37722.0
0.0  0.0  339.0  37722.0
0.0  0.0  339.0  37722.0
0.0  0.0  339.0  37722.0
0.0  0.0  339.0  37722.0
0.0  0.0  339.0  37722.0
0.0  0.0  339.0  37722.0
0.0  0.0  339.0  37722.0
0.0  0.0  339.0  37722.0
0.0  0.0  339.0  37722.0
0.0  0.0  339.0  37722.0
0.0  0.0  339.0  37722.0
0.0  0.0  339.0  37722.0
0.0  0.0  339.0  37722.0
0.0  0.0  339.0  37722.0
0.0  0.0  339.0  37722.0
0.0  0.0  339.0  37722.0
0.0  0.0  339.0  37722.0
0.0  0.0  339.0  37722.0
0.0  0.0  339.0  37722.0
0.0  0.0  339.0  37722.0
0.0  0.0  339.0  37722.0
0.0  0.0  339.0  37722.0
0.0  0.0  339.0  37722.0
0.0  0.0  339.0  37722.0
0.0  0.0  339.0  37722.0
0.0  0.0  339.0  37722.0
0.0  0.0  339.0  37722.0
0.0  0.0  339.0  37722.0
0.0  0.0  339.0  37722.0
0.0  0.0  339.0  37722.0
0.0  0.0  339.0  37722.0
0.0  0.0  339.0  37722.0
0.0  0.0  339.0  1.0
0.0  0.0  339.0  1.0
0.0  0.0  339.0  1.0
0.0  0.0  339.0  3.0
0.0  0.0  339.0  9.0
0.0  0.0  339.0  32.0
0.0  0.0  339.0  50.0
0.0  0.0  339.0  50.0
0.0  0.0  339.0  74.0
0.0  0.0  339.0  91.0
0.0  0.0  339.0  108.0
0.0  0.0  340.0  136.0
0.0  0.0  340.0  136.0
0.0  0.0  339.0  154.0
0.0  0.0  339.0  174.0
0.0  0.0  339.0  201.0
0.0  0.0  339.0  201.0
0.0  0.0  340.0  220.0
0.0  0.0  339.0  239.0
0.0  0.0  339.0  258.0
0.0  0.0  339.0  285.0
0.0  0.0  339.0  285.0
0.0  0.0  339.0  305.0
0.0  0.0  339.0  323.0
0.0  0.0  339.0  351.0
0.0  0.0  339.0  369.0
0.0  0.0  339.0  369.0
0.0  0.0  339.0  389.0
0.0  0.0  339.0  407.0
0.0  0.0  339.0  425.0
0.0  0.0  339.0  445.0
0.0  0.0  339.0  445.0
0.0  0.0  339.0  473.0
0.0  0.0  339.0  491.0
0.0  0.0  340.0  510.0
0.0  0.0  340.0  510.0
0.0  0.0  339.0  538.0
0.0  0.0  339.0  557.0
0.0  0.0  339.0  585.0
0.0  0.0  339.0  604.0
0.0  0.0  339.0  604.0
0.0  0.0  339.0  622.0
0.0  0.0  340.0  651.0
0.0  0.0  339.0  660.0
0.0  0.0  339.0  669.0
0.0  0.0  339.0  688.0
0.0  0.0  339.0  716.0
0.0  0.0  339.0  735.0
0.0  0.0  339.0  735.0
0.0  0.0  340.0  753.0
0.0  0.0  339.0  782.0
0.0  0.0  339.0  782.0
0.0  0.0  340.0  809.0
0.0  0.0  339.0  828.0
0.0  0.0  339.0  847.0
0.0  0.0  339.0  847.0
0.0  0.0  339.0  875.0
0.0  0.0  339.0  941.0
0.0  0.0  339.0  968.0
0.0  0.0  339.0  968.0
0.0  0.0  339.0  988.0
0.0  0.0  339.0  1006.0
0.0  0.0  339.0  1027.0
0.0  0.0  339.0  1027.0
0.0  0.0  339.0  1048.0
0.0  0.0  339.0  1069.0
0.0  0.0  340.0  1089.0
0.0  0.0  340.0  1111.0
0.0  0.0  340.0  1111.0
0.0  0.0  339.0  1131.0
0.0  0.0  340.0  1152.0
0.0  0.0  340.0  1173.0
0.0  0.0  339.0  1204.0
0.0  0.0  339.0  1204.0
0.0  0.0  339.0  1224.0
0.0  0.0  339.0  1234.0
0.0  0.0  339.0  1256.0
0.0  0.0  339.0  1256.0
0.0  0.0  339.0  1276.0
0.0  0.0  339.0  1297.0
0.0  0.0  339.0  1329.0
0.0  0.0  339.0  1349.0
0.0  0.0  339.0  1349.0
0.0  0.0  339.0  1371.0
0.0  0.0  339.0  1391.0
0.0  0.0  339.0  1412.0
0.0  0.0  339.0  1412.0
0.0  0.0  339.0  1432.0
0.0  0.0  339.0  1454.0
0.0  0.0  339.0  1474.0
0.0  0.0  339.0  1495.0
0.0  0.0  339.0  1516.0
0.0  0.0  339.0  1537.0
0.0  0.0  339.0  1537.0
0.0  0.0  339.0  1557.0
0.0  0.0  339.0  1579.0
0.0  0.0  339.0  1579.0
0.0  0.0  339.0  1599.0
0.0  0.0  339.0  1619.0
0.0  0.0  339.0  1641.0
0.0  0.0  339.0  1641.0
0.0  0.0  339.0  1672.0
0.0  0.0  339.0  1692.0
0.0  0.0  339.0  1703.0
0.0  0.0  339.0  1714.0
0.0  0.0  339.0  1734.0
0.0  0.0  339.0  1755.0
0.0  0.0  339.0  1776.0
0.0  0.0  339.0  1776.0
0.0  0.0  340.0  1797.0
0.0  0.0  339.0  1827.0
0.0  0.0  339.0  1849.0
0.0  0.0  339.0  1869.0
0.0  0.0  339.0  1869.0
0.0  0.0  339.0  1880.0
0.0  0.0  339.0  1900.0
0.0  0.0  339.0  1922.0
0.0  0.0  339.0  1942.0
0.0  0.0  339.0  1942.0
0.0  0.0  339.0  1963.0
0.0  0.0  339.0  1984.0
0.0  0.0  339.0  2015.0
0.0  0.0  339.0  2036.0
0.0  0.0  339.0  2036.0
0.0  0.0  339.0  2057.0
0.0  0.0  339.0  2077.0
0.0  0.0  339.0  2098.0
0.0  0.0  339.0  2098.0
0.0  0.0  339.0  2119.0
0.0  0.0  339.0  2140.0
0.0  0.0  339.0  2160.0
0.0  0.0  339.0  2160.0
0.0  0.0  339.0  2182.0
0.0  0.0  339.0  2202.0
0.0  0.0  339.0  2223.0
0.0  0.0  339.0  2244.0
0.0  0.0  339.0  2244.0
0.0  0.0  339.0  2265.0
0.0  0.0  339.0  2295.0
0.0  0.0  340.0  2317.0
0.0  0.0  339.0  2337.0
0.0  0.0  339.0  2337.0
0.0  0.0  340.0  2348.0
0.0  0.0  339.0  2369.0
0.0  0.0  339.0  2390.0
0.0  0.0  339.0  2390.0
0.0  0.0  339.0  2420.0
0.0  0.0  339.0  2442.0
0.0  0.0  339.0  2462.0
0.0  0.0  339.0  2483.0
0.0  0.0  339.0  2483.0
0.0  0.0  339.0  2525.0
0.0  0.0  339.0  2545.0
0.0  0.0  339.0  2545.0
0.0  0.0  339.0  2566.0
0.0  0.0  339.0  2587.0
0.0  0.0  339.0  2608.0
0.0  0.0  339.0  2628.0
0.0  0.0  339.0  2628.0
0.0  0.0  339.0  2650.0
0.0  0.0  339.0  2670.0
0.0  0.0  339.0  2691.0
0.0  0.0  339.0  2712.0
0.0  0.0  339.0  2712.0
0.0  0.0  339.0  2733.0
0.0  0.0  339.0  2753.0
0.0  0.0  339.0  2775.0
0.0  0.0  340.0  2795.0
0.0  0.0  340.0  2795.0
0.0  0.0  339.0  2826.0
0.0  0.0  339.0  2837.0
0.0  0.0  339.0  2857.0
0.0  0.0  339.0  2857.0
0.0  0.0  340.0  2878.0
0.0  0.0  339.0  2898.0
0.0  0.0  339.0  2920.0
0.0  0.0  339.0  2951.0
0.0  0.0  339.0  2951.0
0.0  0.0  339.0  2972.0
0.0  0.0  339.0  2993.0
0.0  0.0  339.0  3013.0
0.0  0.0  339.0  3013.0
0.0  0.0  339.0  3035.0
0.0  0.0  339.0  3055.0
0.0  0.0  339.0  3076.0
0.0  0.0  339.0  3076.0
0.0  0.0  339.0  3096.0
0.0  0.0  339.0  3118.0
0.0  0.0  339.0  3138.0
0.0  0.0  339.0  3159.0
0.0  0.0  339.0  3159.0
0.0  0.0  339.0  3180.0
0.0  0.0  339.0  3201.0
0.0  0.0  340.0  3221.0
0.0  0.0  339.0  3253.0
0.0  0.0  339.0  3253.0
0.0  0.0  340.0  3273.0
0.0  0.0  339.0  3294.0
0.0  0.0  339.0  3305.0
0.0  0.0  339.0  3315.0
0.0  0.0  339.0  3336.0
0.0  0.0  339.0  3356.0
0.0  0.0  340.0  3378.0
0.0  0.0  340.0  3398.0
0.0  0.0  340.0  3398.0
0.0  0.0  340.0  3419.0
0.0  0.0  339.0  3440.0
0.0  0.0  339.0  3461.0
0.0  0.0  340.0  3481.0
0.0  0.0  340.0  3481.0
0.0  0.0  340.0  3503.0
0.0  0.0  339.0  3523.0
0.0  0.0  340.0  3544.0
0.0  0.0  340.0  3544.0
0.0  0.0  339.0  3564.0
0.0  0.0  339.0  3586.0
0.0  0.0  339.0  3606.0
0.0  0.0  340.0  3627.0
0.0  0.0  340.0  3627.0
0.0  0.0  339.0  3648.0
0.0  0.0  339.0  3679.0
0.0  0.0  339.0  3700.0
0.0  0.0  339.0  3721.0
0.0  0.0  339.0  3721.0
0.0  0.0  339.0  3741.0
0.0  0.0  339.0  3762.0
0.0  0.0  339.0  3783.0
0.0  0.0  339.0  3793.0
0.0  0.0  339.0  3793.0
0.0  0.0  339.0  3824.0
0.0  0.0  340.0  3846.0
0.0  0.0  339.0  3866.0
0.0  0.0  339.0  3866.0
0.0  0.0  339.0  3887.0
0.0  0.0  339.0  3908.0
0.0  0.0  339.0  3929.0
0.0  0.0  340.0  3949.0
0.0  0.0  340.0  3949.0
0.0  0.0  340.0  3971.0
0.0  0.0  339.0  3991.0
0.0  0.0  339.0  4012.0
0.0  0.0  339.0  4033.0
0.0  0.0  339.0  4033.0
0.0  0.0  339.0  4054.0
0.0  0.0  339.0  4074.0
0.0  0.0  339.0  4094.0
0.0  0.0  339.0  4116.0
0.0  0.0  339.0  4116.0
0.0  0.0  339.0  4136.0
0.0  0.0  339.0  4157.0
0.0  0.0  340.0  4178.0
0.0  0.0  340.0  4178.0
0.0  0.0  339.0  4199.0
0.0  0.0  339.0  4219.0
0.0  0.0  339.0  4251.0
0.0  0.0  340.0  4272.0
0.0  0.0  340.0  4282.0
0.0  0.0  340.0  4282.0
0.0  0.0  340.0  4303.0
0.0  0.0  339.0  4324.0
0.0  0.0  339.0  4344.0
0.0  0.0  339.0  4344.0
0.0  0.0  339.0  4366.0
0.0  0.0  339.0  4386.0
0.0  0.0  339.0  4407.0
0.0  0.0  339.0  4439.0
0.0  0.0  339.0  4439.0
0.0  0.0  339.0  4459.0
0.0  0.0  339.0  4480.0
0.0  0.0  339.0  4501.0
0.0  0.0  339.0  4521.0
0.0  0.0  339.0  4521.0
0.0  0.0  339.0  4542.0
0.0  0.0  339.0  4562.0
0.0  0.0  339.0  4584.0
0.0  0.0  339.0  4604.0
0.0  0.0  339.0  4604.0
0.0  0.0  340.0  4625.0
0.0  0.0  339.0  4646.0
0.0  0.0  340.0  4667.0
0.0  0.0  340.0  4687.0
0.0  0.0  340.0  4687.0
0.0  0.0  339.0  4719.0
0.0  0.0  339.0  4740.0
0.0  0.0  339.0  4740.0
0.0  0.0  339.0  4750.0
0.0  0.0  339.0  4771.0
0.0  0.0  339.0  4792.0
0.0  0.0  340.0  4823.0
0.0  0.0  340.0  4823.0
0.0  0.0  339.0  4844.0
0.0  0.0  339.0  4865.0
0.0  0.0  340.0  4885.0
0.0  0.0  340.0  4885.0
0.0  0.0  339.0  4907.0
0.0  0.0  339.0  4927.0
0.0  0.0  339.0  4947.0
0.0  0.0  340.0  4969.0
0.0  0.0  340.0  4969.0
0.0  0.0  339.0  4989.0
0.0  0.0  339.0  5010.0
0.0  0.0  339.0  5031.0
0.0  0.0  339.0  5052.0
0.0  0.0  339.0  5052.0
0.0  0.0  323.0  5072.0
0.0  0.0  298.0  5093.0
0.0  0.0  273.0  5114.0
0.0  0.0  260.0  5135.0
0.0  0.0  260.0  5135.0
0.0  0.0  258.0  5155.0
0.0  0.0  259.0  5177.0
0.0  0.0  281.0  5208.0
0.0  0.0  281.0  5208.0
0.0  0.0  334.0  5228.0
0.0  0.0  358.0  5239.0
0.0  0.0  405.0  5260.0
0.0  0.0  529.0  5291.0
0.0  0.0  616.0  5312.0
0.0  0.0  616.0  5312.0
0.0  0.0  697.0  5332.0
0.0  0.0  785.0  5353.0
0.0  0.0  785.0  5353.0
0.0  0.0  861.0  5374.0
0.0  0.0  932.0  5395.0
0.0  0.0  991.0  5415.0
0.0  0.0  1012.0  5427.0
0.0  0.0  1023.0  5462.0
0.0  0.0  1023.0  5462.0
0.0  0.0  1023.0  5473.0
0.0  0.0  1023.0  5496.0
0.0  0.0  1023.0  5519.0
0.0  0.0  1023.0  5519.0
0.0  0.0  988.0  5540.0
0.0  0.0  929.0  5561.0
0.0  0.0  835.0  5582.0
0.0  0.0  773.0  5603.0
0.0  0.0  773.0  5603.0
0.0  0.0  674.0  5623.0
0.0  0.0  599.0  5645.0
0.0  0.0  509.0  5665.0
0.0  0.0  445.0  5686.0
0.0  0.0  445.0  5686.0
0.0  0.0  378.0  5707.0
0.0  0.0  332.0  5728.0
0.0  0.0  295.0  5748.0
0.0  0.0  270.0  5770.0
0.0  0.0  270.0  5770.0
0.0  0.0  261.0  5790.0
0.0  0.0  259.0  5811.0
0.0  0.0  267.0  5842.0
0.0  0.0  267.0  5842.0
0.0  0.0  298.0  5863.0
0.0  0.0  347.0  5883.0
0.0  0.0  399.0  5905.0
0.0  0.0  481.0  5925.0
0.0  0.0  481.0  5925.0
0.0  0.0  563.0  5946.0
0.0  0.0  645.0  5967.0
0.0  0.0  732.0  5988.0
0.0  0.0  814.0  6008.0
0.0  0.0  814.0  6008.0
0.0  0.0  889.0  6030.0
0.0  0.0  956.0  6050.0
0.0  0.0  1008.0  6072.0
0.0  0.0  1008.0  6072.0
0.0  0.0  1023.0  6095.0
0.0  0.0  1023.0  6107.0
0.0  0.0  1023.0  6129.0
0.0  0.0  1023.0  6152.0
0.0  0.0  1023.0  6175.0
0.0  0.0  1023.0  6175.0
0.0  0.0  949.0  6196.0
0.0  0.0  902.0  6216.0
0.0  0.0  801.0  6238.0
0.0  0.0  801.0  6238.0
0.0  0.0  738.0  6258.0
0.0  0.0  637.0  6279.0
0.0  0.0  565.0  6300.0
0.0  0.0  565.0  6321.0
0.0  0.0  480.0  6321.0
0.0  0.0  417.0  6341.0
0.0  0.0  355.0  6363.0
0.0  0.0  295.0  6393.0
0.0  0.0  271.0  6414.0
0.0  0.0  271.0  6414.0
0.0  0.0  260.0  6435.0
0.0  0.0  259.0  6456.0
0.0  0.0  262.0  6476.0
0.0  0.0  262.0  6476.0
0.0  0.0  275.0  6498.0
0.0  0.0  329.0  6518.0
0.0  0.0  377.0  6539.0
0.0  0.0  445.0  6559.0
0.0  0.0  445.0  6559.0
0.0  0.0  523.0  6581.0
0.0  0.0  609.0  6601.0
0.0  0.0  690.0  6622.0
0.0  0.0  690.0  6622.0
0.0  0.0  780.0  6643.0
0.0  0.0  857.0  6664.0
0.0  0.0  930.0  6684.0
0.0  0.0  989.0  6706.0
0.0  0.0  989.0  6706.0
0.0  0.0  1023.0  6728.0
0.0  0.0  1023.0  6751.0
0.0  0.0  1023.0  6763.0
0.0  0.0  1023.0  6797.0
0.0  0.0  1023.0  6797.0
0.0  0.0  1023.0  6808.0
0.0  0.0  979.0  6831.0
0.0  0.0  923.0  6851.0
0.0  0.0  829.0  6872.0
0.0  0.0  829.0  6872.0
0.0  0.0  766.0  6892.0
0.0  0.0  630.0  6924.0
0.0  0.0  556.0  6944.0
0.0  0.0  556.0  6944.0
0.0  0.0  473.0  6966.0
0.0  0.0  413.0  6986.0
0.0  0.0  375.0  6996.0
0.0  0.0  375.0  6996.0
0.0  0.0  308.0  7028.0
0.0  0.0  280.0  7049.0
0.0  0.0  263.0  7069.0
0.0  0.0  260.0  7090.0
0.0  0.0  260.0  7090.0
0.0  0.0  260.0  7111.0
0.0  0.0  271.0  7132.0
0.0  0.0  303.0  7152.0
0.0  0.0  354.0  7174.0
0.0  0.0  354.0  7174.0
0.0  0.0  406.0  7194.0
0.0  0.0  486.0  7215.0
0.0  0.0  554.0  7236.0
0.0  0.0  554.0  7236.0
0.0  0.0  611.0  7257.0
0.0  0.0  672.0  7277.0
0.0  0.0  714.0  7299.0
0.0  0.0  761.0  7319.0
0.0  0.0  791.0  7340.0
0.0  0.0  805.0  7350.0
0.0  0.0  826.0  7371.0
0.0  0.0  844.0  7392.0
0.0  0.0  850.0  7412.0
0.0  0.0  850.0  7412.0
0.0  0.0  852.0  7434.0
0.0  0.0  852.0  7454.0
0.0  0.0  852.0  7475.0
0.0  0.0  852.0  7496.0
0.0  0.0  852.0  7496.0
0.0  0.0  852.0  7517.0
0.0  0.0  852.0  7537.0
0.0  0.0  852.0  7558.0
0.0  0.0  852.0  7579.0
0.0  0.0  852.0  7579.0
0.0  0.0  852.0  7600.0
0.0  0.0  852.0  7620.0
0.0  0.0  852.0  7642.0
0.0  0.0  852.0  7642.0
0.0  0.0  852.0  7662.0
0.0  0.0  852.0  7683.0
0.0  0.0  852.0  7704.0
0.0  0.0  852.0  7725.0
0.0  0.0  852.0  7725.0
0.0  0.0  852.0  7745.0
0.0  0.0  852.0  7777.0
0.0  0.0  852.0  7797.0
0.0  0.0  852.0  7797.0
0.0  0.0  852.0  7818.0
0.0  0.0  852.0  7839.0
0.0  0.0  852.0  7839.0
0.0  0.0  852.0  7860.0
0.0  0.0  852.0  7880.0
0.0  0.0  852.0  7912.0
0.0  0.0  852.0  7932.0
0.0  0.0  852.0  7932.0
0.0  0.0  852.0  7953.0
0.0  0.0  852.0  7974.0
0.0  0.0  852.0  7995.0
0.0  0.0  852.0  8015.0
0.0  0.0  852.0  8015.0
0.0  0.0  852.0  8037.0
0.0  0.0  852.0  8057.0
0.0  0.0  852.0  8078.0
0.0  0.0  852.0  8078.0
0.0  0.0  852.0  8099.0
0.0  0.0  852.0  8120.0
0.0  0.0  852.0  8140.0
0.0  0.0  852.0  8162.0
0.0  0.0  852.0  8162.0
0.0  0.0  852.0  8182.0
0.0  0.0  852.0  8203.0
0.0  0.0  852.0  8223.0
0.0  0.0  852.0  8245.0
0.0  0.0  852.0  8245.0
0.0  0.0  852.0  8265.0
0.0  0.0  852.0  8286.0
0.0  0.0  852.0  8307.0
0.0  0.0  852.0  8328.0
0.0  0.0  852.0  8328.0
0.0  0.0  852.0  8348.0
0.0  0.0  852.0  8370.0
0.0  0.0  852.0  8390.0
0.0  0.0  852.0  8390.0
0.0  0.0  852.0  8411.0
0.0  0.0  852.0  8432.0
0.0  0.0  852.0  8463.0
0.0  0.0  852.0  8483.0
0.0  0.0  852.0  8483.0
0.0  0.0  852.0  8505.0
0.0  0.0  852.0  8525.0
0.0  0.0  852.0  8546.0
0.0  0.0  852.0  8567.0
0.0  0.0  852.0  8567.0
0.0  0.0  851.0  8588.0
0.0  0.0  852.0  8608.0
0.0  0.0  852.0  8630.0
0.0  0.0  852.0  8630.0
0.0  0.0  852.0  8650.0
0.0  0.0  852.0  8671.0
0.0  0.0  852.0  8692.0
0.0  0.0  852.0  8713.0
0.0  0.0  852.0  8713.0
0.0  0.0  852.0  8733.0
0.0  0.0  852.0  8754.0
0.0  0.0  852.0  8775.0
0.0  0.0  852.0  8775.0
0.0  0.0  852.0  8806.0
0.0  0.0  853.0  8827.0
0.0  0.0  852.0  8848.0
0.0  0.0  852.0  8848.0
0.0  0.0  852.0  8868.0
0.0  0.0  852.0  8889.0
0.0  0.0  852.0  8910.0
0.0  0.0  852.0  8931.0
0.0  0.0  852.0  8931.0
0.0  0.0  852.0  8951.0
0.0  0.0  852.0  8973.0
0.0  0.0  853.0  8993.0
0.0  0.0  852.0  9004.0
0.0  0.0  852.0  9014.0
0.0  0.0  852.0  9035.0
0.0  0.0  852.0  9056.0
0.0  0.0  852.0  9076.0
0.0  0.0  852.0  9076.0
0.0  0.0  852.0  9098.0
0.0  0.0  852.0  9118.0
0.0  0.0  852.0  9139.0
0.0  0.0  852.0  9170.0
0.0  0.0  852.0  9170.0
0.0  0.0  853.0  9191.0
0.0  0.0  852.0  9211.0
0.0  0.0  852.0  9222.0
0.0  0.0  852.0  9243.0
0.0  0.0  852.0  9243.0
0.0  0.0  852.0  9274.0
0.0  0.0  852.0  9295.0
0.0  0.0  852.0  9316.0
0.0  0.0  852.0  9316.0
0.0  0.0  853.0  9336.0
0.0  0.0  852.0  9358.0
0.0  0.0  852.0  9378.0
0.0  0.0  852.0  9378.0
0.0  0.0  852.0  9399.0
0.0  0.0  852.0  9419.0
0.0  0.0  852.0  9441.0
0.0  0.0  852.0  9461.0
0.0  0.0  852.0  9461.0
0.0  0.0  852.0  9482.0
0.0  0.0  852.0  9503.0
0.0  0.0  852.0  9524.0
0.0  0.0  852.0  9544.0
0.0  0.0  852.0  9544.0
0.0  0.0  852.0  9566.0
0.0  0.0  852.0  9586.0
0.0  0.0  852.0  9617.0
0.0  0.0  852.0  9638.0
0.0  0.0  852.0  9638.0
0.0  0.0  852.0  9659.0
0.0  0.0  852.0  9679.0
0.0  0.0  852.0  9701.0
0.0  0.0  852.0  9701.0
0.0  0.0  852.0  9721.0
0.0  0.0  852.0  9742.0
0.0  0.0  852.0  9763.0
0.0  0.0  852.0  9763.0
0.0  0.0  852.0  9784.0
0.0  0.0  852.0  9804.0
0.0  0.0  852.0  9826.0
0.0  0.0  852.0  9846.0
0.0  0.0  852.0  9846.0
0.0  0.0  852.0  9867.0
0.0  0.0  852.0  9887.0
0.0  0.0  852.0  9909.0
0.0  0.0  852.0  9929.0
0.0  0.0  852.0  9929.0
0.0  0.0  852.0  9950.0
0.0  0.0  852.0  9971.0
0.0  0.0  853.0  10002.0
0.0  0.0  852.0  10013.0
0.0  0.0  852.0  10013.0
0.0  0.0  852.0  10037.0
0.0  0.0  852.0  10059.0
0.0  0.0  852.0  10082.0
0.0  0.0  852.0  10105.0
0.0  0.0  852.0  10105.0
0.0  0.0  852.0  10117.0
0.0  0.0  852.0  10139.0
0.0  0.0  852.0  10163.0
0.0  0.0  852.0  10163.0
0.0  0.0  852.0  10185.0
0.0  0.0  852.0  10208.0
0.0  0.0  852.0  10231.0
0.0  0.0  852.0  10254.0
0.0  0.0  852.0  10254.0
0.0  0.0  852.0  10265.0
0.0  0.0  852.0  10288.0
0.0  0.0  852.0  10311.0
0.0  0.0  852.0  10334.0
0.0  0.0  852.0  10334.0
0.0  0.0  852.0  10357.0
0.0  0.0  852.0  10380.0
0.0  0.0  852.0  10391.0
0.0  0.0  852.0  10414.0
0.0  0.0  852.0  10414.0
0.0  0.0  852.0  10437.0
0.0  0.0  852.0  10460.0
0.0  0.0  852.0  10482.0
0.0  0.0  852.0  10482.0
0.0  0.0  852.0  10506.0
0.0  0.0  852.0  10528.0
0.0  0.0  852.0  10540.0
0.0  0.0  852.0  10563.0
0.0  0.0  852.0  10563.0
0.0  0.0  852.0  10586.0
0.0  0.0  852.0  10608.0
0.0  0.0  852.0  10632.0
0.0  0.0  852.0  10632.0
0.0  0.0  852.0  10654.0
0.0  0.0  852.0  10665.0
0.0  0.0  852.0  10689.0
0.0  0.0  852.0  10712.0
0.0  0.0  852.0  10712.0
0.0  0.0  852.0  10745.0
0.0  0.0  852.0  10758.0
0.0  0.0  852.0  10758.0
0.0  0.0  852.0  10791.0
0.0  0.0  852.0  10803.0
0.0  0.0  852.0  10826.0
0.0  0.0  852.0  10849.0
0.0  0.0  852.0  10849.0
0.0  0.0  852.0  10871.0
0.0  0.0  852.0  10895.0
0.0  0.0  852.0  10917.0
0.0  0.0  852.0  10917.0
0.0  0.0  852.0  10940.0
0.0  0.0  852.0  10963.0
0.0  0.0  852.0  10986.0
0.0  0.0  852.0  10986.0
0.0  0.0  852.0  11009.0
0.0  0.0  852.0  11032.0
0.0  0.0  852.0  11055.0
0.0  0.0  852.0  11055.0
0.0  0.0  852.0  11066.0
0.0  0.0  852.0  11089.0
0.0  0.0  852.0  11112.0
0.0  0.0  852.0  11134.0
0.0  0.0  852.0  11134.0
0.0  0.0  852.0  11158.0
0.0  0.0  852.0  11181.0
0.0  0.0  852.0  11192.0
0.0  0.0  852.0  11214.0
0.0  0.0  852.0  11238.0
0.0  0.0  852.0  11238.0
0.0  0.0  852.0  11260.0
0.0  0.0  852.0  11283.0
0.0  0.0  852.0  11307.0
0.0  0.0  852.0  11307.0
0.0  0.0  852.0  11329.0
0.0  0.0  852.0  11340.0
0.0  0.0  852.0  11364.0
0.0  0.0  852.0  11364.0
0.0  0.0  852.0  11386.0
0.0  0.0  852.0  11409.0
0.0  0.0  852.0  11432.0
0.0  0.0  852.0  11455.0
0.0  0.0  852.0  11455.0
0.0  0.0  851.0  11466.0
0.0  0.0  852.0  11490.0
0.0  0.0  852.0  11512.0
0.0  0.0  852.0  11535.0
0.0  0.0  852.0  11535.0
0.0  0.0  852.0  11558.0
0.0  0.0  852.0  11581.0
0.0  0.0  852.0  11603.0
0.0  0.0  852.0  11615.0
0.0  0.0  852.0  11615.0
0.0  0.0  852.0  11638.0
0.0  0.0  852.0  11661.0
0.0  0.0  852.0  11683.0
0.0  0.0  852.0  11707.0
0.0  0.0  852.0  11707.0
0.0  0.0  852.0  11718.0
0.0  0.0  852.0  11752.0
0.0  0.0  852.0  11764.0
0.0  0.0  852.0  11787.0
0.0  0.0  852.0  11787.0
0.0  0.0  852.0  11809.0
0.0  0.0  852.0  11833.0
0.0  0.0  852.0  11855.0
0.0  0.0  852.0  11855.0
0.0  0.0  852.0  11878.0
0.0  0.0  852.0  11890.0
0.0  0.0  852.0  11913.0
0.0  0.0  852.0  11935.0
0.0  0.0  852.0  11959.0
0.0  0.0  852.0  11959.0
0.0  0.0  852.0  11981.0
0.0  0.0  852.0  11993.0
0.0  0.0  852.0  12015.0
0.0  0.0  852.0  12015.0
0.0  0.0  852.0  12039.0
0.0  0.0  852.0  12061.0
0.0  0.0  852.0  12084.0
0.0  0.0  852.0  12107.0
0.0  0.0  852.0  12107.0
0.0  0.0  852.0  12130.0
0.0  0.0  852.0  12141.0
0.0  0.0  852.0  12176.0
0.0  0.0  852.0  12176.0
0.0  0.0  852.0  12187.0
0.0  0.0  852.0  12210.0
0.0  0.0  852.0  12233.0
0.0  0.0  852.0  12256.0
0.0  0.0  852.0  12256.0
0.0  0.0  852.0  12267.0
0.0  0.0  852.0  12291.0
0.0  0.0  852.0  12313.0
0.0  0.0  852.0  12336.0
0.0  0.0  852.0  12336.0
0.0  0.0  852.0  12359.0
0.0  0.0  852.0  12382.0
0.0  0.0  852.0  12404.0
0.0  0.0  853.0  12416.0
0.0  0.0  853.0  12416.0
0.0  0.0  852.0  12439.0
0.0  0.0  852.0  12462.0
0.0  0.0  852.0  12485.0
0.0  0.0  852.0  12508.0
0.0  0.0  852.0  12508.0
0.0  0.0  852.0  12530.0
0.0  0.0  852.0  12554.0
0.0  0.0  852.0  12565.0
0.0  0.0  852.0  12588.0
0.0  0.0  852.0  12588.0
0.0  0.0  852.0  12610.0
0.0  0.0  852.0  12634.0
0.0  0.0  852.0  12656.0
0.0  0.0  852.0  12667.0
0.0  0.0  852.0  12667.0
0.0  0.0  852.0  12691.0
0.0  0.0  852.0  12713.0
0.0  0.0  852.0  12736.0
0.0  0.0  852.0  12760.0
0.0  0.0  852.0  12760.0
0.0  0.0  852.0  12782.0
0.0  0.0  852.0  12793.0
0.0  0.0  852.0  12816.0
0.0  0.0  852.0  12839.0
0.0  0.0  852.0  12839.0
0.0  0.0  852.0  12862.0
0.0  0.0  852.0  12886.0
0.0  0.0  851.0  12908.0
0.0  0.0  851.0  12908.0
0.0  0.0  852.0  12931.0
0.0  0.0  852.0  12942.0
0.0  0.0  852.0  12965.0
0.0  0.0  852.0  12988.0
0.0  0.0  852.0  12988.0
0.0  0.0  852.0  13010.0
0.0  0.0  852.0  13034.0
0.0  0.0  852.0  13057.0
0.0  0.0  852.0  13068.0
0.0  0.0  852.0  13068.0
0.0  0.0  852.0  13091.0
0.0  0.0  852.0  13114.0
0.0  0.0  852.0  13136.0
0.0  0.0  852.0  13136.0
0.0  0.0  852.0  13160.0
0.0  0.0  852.0  13182.0
0.0  0.0  852.0  13205.0
0.0  0.0  853.0  13216.0
0.0  0.0  853.0  13216.0
0.0  0.0  852.0  13251.0
0.0  0.0  852.0  13262.0
0.0  0.0  852.0  13286.0
0.0  0.0  852.0  13308.0
0.0  0.0  852.0  13308.0
0.0  0.0  852.0  13331.0
0.0  0.0  852.0  13355.0
0.0  0.0  852.0  13366.0
0.0  0.0  852.0  13388.0
0.0  0.0  852.0  13388.0
0.0  0.0  852.0  13411.0
0.0  0.0  852.0  13434.0
0.0  0.0  852.0  13457.0
0.0  0.0  852.0  13457.0
0.0  0.0  852.0  13479.0
0.0  0.0  852.0  13503.0
0.0  0.0  852.0  13526.0
0.0  0.0  852.0  13548.0
0.0  0.0  852.0  13548.0
0.0  0.0  852.0  13572.0
0.0  0.0  852.0  13583.0
0.0  0.0  852.0  13605.0
0.0  0.0  852.0  13605.0
0.0  0.0  852.0  13629.0
0.0  0.0  852.0  13651.0
0.0  0.0  852.0  13674.0
0.0  0.0  852.0  13686.0
0.0  0.0  852.0  13686.0
0.0  0.0  852.0  13709.0
0.0  0.0  852.0  13731.0
0.0  0.0  852.0  13755.0
0.0  0.0  852.0  13755.0
0.0  0.0  852.0  13777.0
0.0  0.0  852.0  13800.0
0.0  0.0  852.0  13811.0
0.0  0.0  852.0  13846.0
0.0  0.0  852.0  13846.0
0.0  0.0  853.0  13857.0
0.0  0.0  852.0  13880.0
0.0  0.0  852.0  13903.0
0.0  0.0  852.0  13926.0
0.0  0.0  852.0  13926.0
0.0  0.0  852.0  13948.0
0.0  0.0  852.0  13961.0
0.0  0.0  852.0  13983.0
0.0  0.0  852.0  14006.0
0.0  0.0  852.0  14006.0
0.0  0.0  852.0  14029.0
0.0  0.0  852.0  14052.0
0.0  0.0  852.0  14074.0
0.0  0.0  852.0  14098.0
0.0  0.0  852.0  14098.0
0.0  0.0  852.0  14109.0
0.0  0.0  852.0  14132.0
0.0  0.0  852.0  14155.0
0.0  0.0  852.0  14178.0
0.0  0.0  852.0  14178.0
0.0  0.0  852.0  14200.0
0.0  0.0  853.0  14224.0
0.0  0.0  852.0  14235.0
0.0  0.0  852.0  14258.0
0.0  0.0  852.0  14258.0
0.0  0.0  852.0  14280.0
0.0  0.0  852.0  14304.0
0.0  0.0  852.0  14304.0
0.0  0.0  852.0  14326.0
0.0  0.0  852.0  14350.0
0.0  0.0  852.0  14372.0
0.0  0.0  852.0  14395.0
0.0  0.0  852.0  14395.0
0.0  0.0  852.0  14418.0
0.0  0.0  852.0  14441.0
0.0  0.0  852.0  14452.0
0.0  0.0  852.0  14452.0
0.0  0.0  852.0  14487.0
0.0  0.0  852.0  14498.0
0.0  0.0  852.0  14532.0
0.0  0.0  852.0  14543.0
0.0  0.0  852.0  14543.0
0.0  0.0  852.0  14567.0
0.0  0.0  853.0  14589.0
0.0  0.0  852.0  14612.0
0.0  0.0  852.0  14612.0
0.0  0.0  852.0  14636.0
0.0  0.0  852.0  14658.0
0.0  0.0  852.0  14669.0
0.0  0.0  852.0  14693.0
0.0  0.0  852.0  14693.0
0.0  0.0  852.0  14715.0
0.0  0.0  852.0  14738.0
0.0  0.0  852.0  14761.0
0.0  0.0  852.0  14784.0
0.0  0.0  852.0  14784.0
0.0  0.0  852.0  14807.0
0.0  0.0  852.0  14819.0
0.0  0.0  852.0  14841.0
0.0  0.0  852.0  14841.0
0.0  0.0  852.0  14864.0
0.0  0.0  852.0  14887.0
0.0  0.0  852.0  14910.0
0.0  0.0  852.0  14932.0
0.0  0.0  852.0  14932.0
0.0  0.0  852.0  14956.0
0.0  0.0  852.0  14967.0
0.0  0.0  852.0  14990.0
0.0  0.0  852.0  15012.0
0.0  0.0  852.0  15012.0
0.0  0.0  852.0  15036.0
0.0  0.0  852.0  15058.0
0.0  0.0  852.0  15082.0
0.0  0.0  852.0  15082.0
0.0  0.0  852.0  15093.0
0.0  0.0  852.0  15116.0
0.0  0.0  852.0  15138.0
0.0  0.0  852.0  15162.0
0.0  0.0  852.0  15184.0
0.0  0.0  852.0  15184.0
0.0  0.0  852.0  15207.0
0.0  0.0  852.0  15230.0
0.0  0.0  852.0  15242.0
0.0  0.0  852.0  15242.0
0.0  0.0  852.0  15264.0
0.0  0.0  852.0  15288.0
0.0  0.0  852.0  15310.0
0.0  0.0  899.0  15333.0
0.0  0.0  899.0  15333.0
0.0  0.0  955.0  15356.0
0.0  0.0  984.0  15368.0
0.0  0.0  1023.0  15392.0
0.0  0.0  1023.0  15392.0
0.0  0.0  1023.0  15418.0
0.0  0.0  1023.0  15430.0
0.0  0.0  1023.0  15455.0
0.0  0.0  1023.0  15479.0
0.0  0.0  1023.0  15479.0
0.0  0.0  954.0  15504.0
0.0  0.0  900.0  15526.0
0.0  0.0  828.0  15538.0
0.0  0.0  760.0  15561.0
0.0  0.0  760.0  15561.0
0.0  0.0  650.0  15584.0
0.0  0.0  572.0  15606.0
0.0  0.0  474.0  15630.0
0.0  0.0  408.0  15652.0
0.0  0.0  408.0  15652.0
0.0  0.0  367.0  15664.0
0.0  0.0  318.0  15687.0
0.0  0.0  285.0  15710.0
0.0  0.0  285.0  15710.0
0.0  0.0  263.0  15732.0
0.0  0.0  259.0  15756.0
0.0  0.0  259.0  15778.0
0.0  0.0  272.0  15801.0
0.0  0.0  272.0  15801.0
0.0  0.0  290.0  15813.0
0.0  0.0  343.0  15836.0
0.0  0.0  407.0  15858.0
0.0  0.0  489.0  15882.0
0.0  0.0  489.0  15882.0
0.0  0.0  584.0  15904.0
0.0  0.0  678.0  15927.0
0.0  0.0  726.0  15938.0
0.0  0.0  818.0  15962.0
0.0  0.0  818.0  15962.0
0.0  0.0  902.0  15984.0
0.0  0.0  971.0  16007.0
0.0  0.0  1022.0  16031.0
0.0  0.0  1023.0  16056.0
0.0  0.0  1023.0  16056.0
0.0  0.0  1023.0  16068.0
0.0  0.0  1023.0  16094.0
0.0  0.0  1023.0  16106.0
0.0  0.0  1019.0  16131.0
0.0  0.0  1019.0  16131.0
0.0  0.0  932.0  16154.0
0.0  0.0  849.0  16177.0
0.0  0.0  754.0  16199.0
0.0  0.0  655.0  16223.0
0.0  0.0  655.0  16223.0
0.0  0.0  578.0  16245.0
0.0  0.0  534.0  16257.0
0.0  0.0  446.0  16280.0
0.0  0.0  446.0  16280.0
0.0  0.0  384.0  16303.0
0.0  0.0  324.0  16325.0
0.0  0.0  303.0  16336.0
0.0  0.0  275.0  16360.0
0.0  0.0  275.0  16360.0
0.0  0.0  260.0  16382.0
0.0  0.0  258.0  16405.0
0.0  0.0  262.0  16429.0
0.0  0.0  283.0  16451.0
0.0  0.0  283.0  16451.0
0.0  0.0  337.0  16474.0
0.0  0.0  364.0  16486.0
0.0  0.0  438.0  16508.0
0.0  0.0  519.0  16531.0
0.0  0.0  519.0  16531.0
0.0  0.0  621.0  16555.0
0.0  0.0  712.0  16577.0
0.0  0.0  805.0  16600.0
0.0  0.0  890.0  16623.0
0.0  0.0  890.0  16623.0
0.0  0.0  925.0  16634.0
0.0  0.0  992.0  16657.0
0.0  0.0  1023.0  16683.0
0.0  0.0  1023.0  16695.0
0.0  0.0  1023.0  16695.0
0.0  0.0  1023.0  16719.0
0.0  0.0  1023.0  16745.0
0.0  0.0  1023.0  16757.0
0.0  0.0  970.0  16781.0
0.0  0.0  970.0  16781.0
0.0  0.0  914.0  16803.0
0.0  0.0  807.0  16827.0
0.0  0.0  766.0  16838.0
0.0  0.0  631.0  16872.0
0.0  0.0  631.0  16872.0
0.0  0.0  588.0  16884.0
0.0  0.0  494.0  16907.0
0.0  0.0  428.0  16929.0
0.0  0.0  350.0  16953.0
0.0  0.0  350.0  16953.0
0.0  0.0  307.0  16975.0
0.0  0.0  276.0  16998.0
0.0  0.0  260.0  17021.0
0.0  0.0  260.0  17021.0
0.0  0.0  259.0  17033.0
0.0  0.0  259.0  17055.0
0.0  0.0  271.0  17079.0
0.0  0.0  308.0  17101.0
0.0  0.0  308.0  17101.0
0.0  0.0  363.0  17124.0
0.0  0.0  430.0  17147.0
0.0  0.0  472.0  17159.0
0.0  0.0  563.0  17181.0
0.0  0.0  563.0  17181.0
0.0  0.0  659.0  17204.0
0.0  0.0  760.0  17227.0
0.0  0.0  847.0  17250.0
0.0  0.0  929.0  17272.0
0.0  0.0  929.0  17272.0
0.0  0.0  993.0  17296.0
0.0  0.0  1019.0  17308.0
0.0  0.0  1023.0  17333.0
0.0  0.0  1023.0  17333.0
0.0  0.0  1023.0  17358.0
0.0  0.0  1023.0  17383.0
0.0  0.0  1023.0  17395.0
0.0  0.0  975.0  17420.0
0.0  0.0  975.0  17420.0
0.0  0.0  917.0  17442.0
0.0  0.0  860.0  17454.0
0.0  0.0  735.0  17488.0
0.0  0.0  735.0  17488.0
0.0  0.0  666.0  17500.0
0.0  0.0  586.0  17522.0
0.0  0.0  491.0  17546.0
0.0  0.0  419.0  17568.0
0.0  0.0  419.0  17568.0
0.0  0.0  349.0  17591.0
0.0  0.0  305.0  17614.0
0.0  0.0  274.0  17637.0
0.0  0.0  265.0  17648.0
0.0  0.0  265.0  17648.0
0.0  0.0  259.0  17671.0
0.0  0.0  258.0  17694.0
0.0  0.0  269.0  17717.0
0.0  0.0  269.0  17717.0
0.0  0.0  314.0  17739.0
0.0  0.0  368.0  17763.0
0.0  0.0  438.0  17785.0
0.0  0.0  438.0  17785.0
0.0  0.0  525.0  17808.0
0.0  0.0  626.0  17831.0
0.0  0.0  719.0  17854.0
0.0  0.0  771.0  17865.0
0.0  0.0  771.0  17865.0
0.0  0.0  897.0  17900.0
0.0  0.0  934.0  17911.0
0.0  0.0  997.0  17934.0
0.0  0.0  997.0  17934.0
0.0  0.0  1023.0  17959.0
0.0  0.0  1023.0  17972.0
0.0  0.0  1023.0  17996.0
0.0  0.0  1023.0  18022.0
0.0  0.0  1023.0  18022.0
0.0  0.0  1018.0  18046.0
0.0  0.0  966.0  18058.0
0.0  0.0  910.0  18081.0
0.0  0.0  800.0  18104.0
0.0  0.0  800.0  18104.0
0.0  0.0  718.0  18126.0
0.0  0.0  614.0  18150.0
0.0  0.0  576.0  18161.0
0.0  0.0  445.0  18195.0
0.0  0.0  445.0  18195.0
0.0  0.0  410.0  18206.0
0.0  0.0  342.0  18230.0
0.0  0.0  300.0  18252.0
0.0  0.0  286.0  18264.0
0.0  0.0  272.0  18275.0
0.0  0.0  259.0  18298.0
0.0  0.0  259.0  18310.0
0.0  0.0  258.0  18332.0
0.0  0.0  267.0  18356.0
0.0  0.0  267.0  18356.0
0.0  0.0  323.0  18378.0
0.0  0.0  378.0  18401.0
0.0  0.0  453.0  18424.0
0.0  0.0  453.0  18424.0
0.0  0.0  493.0  18436.0
0.0  0.0  592.0  18458.0
0.0  0.0  683.0  18482.0
0.0  0.0  782.0  18504.0
0.0  0.0  782.0  18504.0
0.0  0.0  867.0  18527.0
0.0  0.0  905.0  18538.0
0.0  0.0  1003.0  18574.0
0.0  0.0  1023.0  18586.0
0.0  0.0  1023.0  18586.0
0.0  0.0  1023.0  18612.0
0.0  0.0  1023.0  18624.0
0.0  0.0  1023.0  18649.0
0.0  0.0  1023.0  18673.0
0.0  0.0  1023.0  18673.0
0.0  0.0  1001.0  18686.0
0.0  0.0  892.0  18720.0
0.0  0.0  819.0  18732.0
0.0  0.0  754.0  18755.0
0.0  0.0  754.0  18755.0
0.0  0.0  645.0  18778.0
0.0  0.0  568.0  18800.0
0.0  0.0  472.0  18824.0
0.0  0.0  437.0  18835.0
0.0  0.0  437.0  18835.0
0.0  0.0  360.0  18857.0
0.0  0.0  314.0  18881.0
0.0  0.0  281.0  18904.0
0.0  0.0  262.0  18926.0
0.0  0.0  262.0  18926.0
0.0  0.0  260.0  18937.0
0.0  0.0  262.0  18972.0
0.0  0.0  269.0  18983.0
0.0  0.0  298.0  19006.0
0.0  0.0  298.0  19006.0
0.0  0.0  354.0  19030.0
0.0  0.0  415.0  19052.0
0.0  0.0  505.0  19076.0
0.0  0.0  505.0  19076.0
0.0  0.0  602.0  19098.0
0.0  0.0  648.0  19109.0
0.0  0.0  746.0  19132.0
0.0  0.0  746.0  19132.0
0.0  0.0  835.0  19155.0
0.0  0.0  915.0  19178.0
0.0  0.0  985.0  19201.0
0.0  0.0  1023.0  19226.0
0.0  0.0  1023.0  19226.0
0.0  0.0  1023.0  19251.0
0.0  0.0  1023.0  19263.0
0.0  0.0  1023.0  19289.0
0.0  0.0  1023.0  19301.0
0.0  0.0  1023.0  19301.0
0.0  0.0  987.0  19324.0
0.0  0.0  922.0  19348.0
0.0  0.0  815.0  19371.0
0.0  0.0  749.0  19393.0
0.0  0.0  749.0  19393.0
0.0  0.0  638.0  19417.0
0.0  0.0  554.0  19439.0
0.0  0.0  461.0  19462.0
0.0  0.0  461.0  19462.0
0.0  0.0  390.0  19485.0
0.0  0.0  354.0  19496.0
0.0  0.0  308.0  19519.0
0.0  0.0  308.0  19519.0
0.0  0.0  278.0  19543.0
0.0  0.0  260.0  19565.0
0.0  0.0  259.0  19588.0
0.0  0.0  262.0  19611.0
0.0  0.0  262.0  19611.0
0.0  0.0  267.0  19622.0
0.0  0.0  296.0  19645.0
0.0  0.0  334.0  19667.0
0.0  0.0  360.0  19691.0
0.0  0.0  360.0  19691.0
0.0  0.0  392.0  19714.0
0.0  0.0  421.0  19736.0
0.0  0.0  444.0  19760.0
0.0  0.0  452.0  19771.0
0.0  0.0  452.0  19771.0
0.0  0.0  463.0  19793.0
0.0  0.0  468.0  19817.0
0.0  0.0  469.0  19840.0
0.0  0.0  469.0  19862.0
0.0  0.0  469.0  19862.0
0.0  0.0  469.0  19886.0
0.0  0.0  469.0  19908.0
0.0  0.0  469.0  19919.0
0.0  0.0  469.0  19919.0
0.0  0.0  469.0  19943.0
0.0  0.0  469.0  19965.0
0.0  0.0  469.0  19988.0
0.0  0.0  469.0  20012.0
0.0  0.0  469.0  20012.0
0.0  0.0  469.0  20034.0
0.0  0.0  469.0  20045.0
0.0  0.0  469.0  20080.0
0.0  0.0  469.0  20091.0
0.0  0.0  469.0  20091.0
0.0  0.0  469.0  20114.0
0.0  0.0  469.0  20136.0
0.0  0.0  469.0  20160.0
0.0  0.0  469.0  20160.0
0.0  0.0  469.0  20183.0
0.0  0.0  469.0  20194.0
0.0  0.0  469.0  20229.0
0.0  0.0  469.0  20240.0
0.0  0.0  469.0  20240.0
0.0  0.0  469.0  20262.0
0.0  0.0  468.0  20286.0
0.0  0.0  469.0  20308.0
0.0  0.0  469.0  20331.0
0.0  0.0  469.0  20331.0
0.0  0.0  469.0  20343.0
0.0  0.0  469.0  20366.0
0.0  0.0  469.0  20388.0
0.0  0.0  469.0  20412.0
0.0  0.0  469.0  20412.0
0.0  0.0  469.0  20434.0
0.0  0.0  469.0  20457.0
0.0  0.0  469.0  20481.0
0.0  0.0  469.0  20481.0
0.0  0.0  469.0  20503.0
0.0  0.0  469.0  20514.0
0.0  0.0  469.0  20537.0
0.0  0.0  469.0  20537.0
0.0  0.0  469.0  20560.0
0.0  0.0  469.0  20583.0
0.0  0.0  469.0  20606.0
0.0  0.0  469.0  20629.0
0.0  0.0  469.0  20629.0
0.0  0.0  469.0  20652.0
0.0  0.0  469.0  20675.0
0.0  0.0  469.0  20686.0
0.0  0.0  469.0  20709.0
0.0  0.0  469.0  20709.0
0.0  0.0  469.0  20731.0
0.0  0.0  469.0  20755.0
0.0  0.0  469.0  20777.0
0.0  0.0  469.0  20800.0
0.0  0.0  469.0  20800.0
0.0  0.0  469.0  20824.0
0.0  0.0  469.0  20835.0
0.0  0.0  469.0  20857.0
0.0  0.0  469.0  20857.0
0.0  0.0  469.0  20881.0
0.0  0.0  469.0  20903.0
0.0  0.0  469.0  20926.0
0.0  0.0  469.0  20950.0
0.0  0.0  469.0  20950.0
