0.0  30.0  469.0  53371.0
0.0  30.0  469.0  53371.0
0.0  30.0  469.0  53371.0
0.0  30.0  469.0  53371.0
0.0  30.0  469.0  53371.0
0.0  30.0  469.0  53371.0
0.0  30.0  469.0  53371.0
0.0  30.0  469.0  53371.0
0.0  30.0  469.0  53371.0
0.0  30.0  469.0  53371.0
0.0  30.0  469.0  53371.0
0.0  30.0  469.0  53371.0
0.0  30.0  469.0  53371.0
0.0  30.0  469.0  53371.0
0.0  30.0  469.0  53371.0
0.0  30.0  469.0  53371.0
0.0  30.0  469.0  53371.0
0.0  30.0  469.0  53371.0
0.0  30.0  469.0  53371.0
0.0  30.0  469.0  53371.0
0.0  30.0  469.0  53371.0
0.0  30.0  469.0  53371.0
0.0  30.0  469.0  53371.0
0.0  30.0  469.0  53371.0
0.0  30.0  469.0  53371.0
0.0  30.0  469.0  53371.0
0.0  30.0  469.0  53371.0
0.0  30.0  469.0  53371.0
0.0  30.0  469.0  53371.0
0.0  30.0  469.0  53371.0
0.0  30.0  469.0  53371.0
0.0  30.0  469.0  53371.0
0.0  30.0  469.0  53371.0
0.0  30.0  469.0  53371.0
0.0  30.0  469.0  53371.0
0.0  30.0  469.0  53371.0
0.0  30.0  469.0  53371.0
0.0  30.0  469.0  53371.0
0.0  30.0  469.0  53371.0
0.0  30.0  469.0  53371.0
0.03  32.0  469.0  53371.0
0.0040  26.0  469.0  1.0
0.0040  26.0  469.0  2.0
0.0020  26.0  469.0  2.0
0.0030  26.0  469.0  3.0
0.0  25.0  469.0  16.0
0.0040  25.0  469.0  41.0
0.0040  25.0  469.0  41.0
0.0010  26.0  469.0  58.0
0.0030  26.0  469.0  74.0
0.0010  26.0  469.0  99.0
0.0010  25.0  469.0  117.0
0.0010  25.0  469.0  117.0
0.0  28.0  469.0  136.0
0.0  26.0  469.0  154.0
0.0  26.0  469.0  183.0
0.0010  26.0  469.0  201.0
0.0010  26.0  469.0  201.0
0.0  25.0  469.0  220.0
0.0  24.0  469.0  248.0
0.0  24.0  469.0  248.0
0.0  24.0  469.0  276.0
0.0  25.0  469.0  294.0
0.0  25.0  469.0  314.0
0.0020  24.0  470.0  332.0
0.0020  24.0  470.0  332.0
0.0010  27.0  469.0  360.0
0.0030  26.0  469.0  379.0
0.0040  24.0  469.0  379.0
0.0020  27.0  469.0  407.0
0.0020  27.0  469.0  425.0
0.0  26.0  469.0  454.0
0.0  26.0  469.0  454.0
0.0020  26.0  469.0  473.0
0.0020  26.0  469.0  491.0
0.0  26.0  469.0  520.0
0.0  26.0  469.0  538.0
0.0  27.0  469.0  538.0
0.0  26.0  469.0  557.0
0.0  26.0  469.0  576.0
0.0040  26.0  469.0  594.0
0.0  25.0  469.0  622.0
0.0  25.0  469.0  622.0
0.0  26.0  469.0  642.0
0.0020  28.0  469.0  660.0
0.0  26.0  469.0  688.0
0.0040  28.0  469.0  688.0
0.0040  28.0  469.0  707.0
0.0060  28.0  469.0  726.0
0.01  28.0  469.0  744.0
0.011  33.0  469.0  762.0
0.024  34.0  469.0  762.0
0.024  34.0  469.0  791.0
0.028  35.0  469.0  809.0
0.024  38.0  469.0  828.0
0.022  37.0  469.0  857.0
0.038  32.0  469.0  875.0
0.038  33.0  469.0  893.0
0.032  29.0  469.0  893.0
0.032  29.0  469.0  913.0
0.0  32.0  469.0  978.0
0.0080  32.0  469.0  997.0
0.0080  32.0  469.0  997.0
0.0050  29.0  469.0  1016.0
0.0020  30.0  469.0  1038.0
0.0020  30.0  469.0  1038.0
0.0080  32.0  469.0  1058.0
0.0040  31.0  469.0  1079.0
0.0  34.0  469.0  1111.0
0.0060  30.0  469.0  1131.0
0.0060  30.0  469.0  1131.0
0.0060  32.0  469.0  1152.0
0.0060  30.0  469.0  1173.0
0.0  29.0  469.0  1183.0
0.0  24.0  469.0  1214.0
0.0  24.0  469.0  1214.0
0.0  27.0  469.0  1234.0
0.0020  30.0  469.0  1256.0
0.0020  29.0  469.0  1276.0
0.0020  29.0  469.0  1276.0
0.0090  28.0  469.0  1297.0
0.022  27.0  469.0  1318.0
0.034  28.0  469.0  1339.0
0.027  24.0  469.0  1359.0
0.027  24.0  469.0  1359.0
0.017  26.0  469.0  1381.0
0.028  31.0  469.0  1401.0
0.027  29.0  469.0  1422.0
0.019  30.0  469.0  1443.0
0.019  30.0  469.0  1443.0
0.04  32.0  469.0  1464.0
0.015  32.0  469.0  1484.0
0.024  32.0  469.0  1506.0
0.032  32.0  469.0  1526.0
0.032  32.0  469.0  1526.0
0.019  32.0  469.0  1547.0
0.013  32.0  469.0  1579.0
0.013  32.0  469.0  1579.0
0.0080  33.0  469.0  1599.0
0.011  33.0  469.0  1619.0
0.013  31.0  469.0  1641.0
0.013  31.0  469.0  1661.0
0.0050  33.0  469.0  1661.0
0.02  34.0  469.0  1682.0
0.044  33.0  469.0  1703.0
0.069  32.0  469.0  1724.0
0.069  32.0  469.0  1744.0
0.173  32.0  469.0  1744.0
0.327  30.0  469.0  1765.0
0.865  32.0  469.0  1786.0
1.023  32.0  469.0  1807.0
1.023  32.0  469.0  1807.0
1.023  32.0  469.0  1827.0
1.023  30.0  469.0  1849.0
1.023  31.0  469.0  1869.0
1.023  32.0  469.0  1890.0
1.023  32.0  469.0  1890.0
1.023  32.0  469.0  1911.0
1.023  32.0  469.0  1932.0
1.023  30.0  469.0  1952.0
1.023  31.0  469.0  1974.0
1.023  31.0  469.0  1974.0
1.023  30.0  469.0  1994.0
1.023  32.0  469.0  2015.0
1.023  32.0  469.0  2036.0
1.023  32.0  469.0  2067.0
1.023  32.0  469.0  2067.0
1.023  32.0  469.0  2087.0
1.023  34.0  469.0  2109.0
1.023  33.0  469.0  2129.0
1.023  33.0  469.0  2140.0
1.023  34.0  469.0  2140.0
1.023  31.0  469.0  2160.0
1.023  32.0  469.0  2182.0
1.023  34.0  469.0  2202.0
1.023  34.0  469.0  2223.0
1.023  33.0  469.0  2223.0
1.023  32.0  469.0  2244.0
1.023  30.0  469.0  2275.0
1.023  30.0  469.0  2295.0
1.023  31.0  469.0  2295.0
1.023  31.0  469.0  2317.0
1.023  30.0  469.0  2337.0
1.023  30.0  469.0  2358.0
1.023  30.0  469.0  2379.0
1.023  30.0  469.0  2379.0
1.023  31.0  469.0  2400.0
1.023  32.0  469.0  2420.0
1.023  32.0  469.0  2442.0
1.023  32.0  470.0  2462.0
1.023  30.0  470.0  2462.0
1.023  30.0  469.0  2483.0
1.023  32.0  469.0  2504.0
1.023  33.0  469.0  2525.0
1.023  32.0  469.0  2555.0
1.023  32.0  469.0  2577.0
1.023  30.0  469.0  2577.0
1.023  30.0  469.0  2597.0
1.023  28.0  469.0  2618.0
1.023  28.0  469.0  2639.0
1.023  28.0  469.0  2660.0
1.023  28.0  469.0  2680.0
1.023  29.0  469.0  2680.0
1.023  30.0  469.0  2702.0
1.023  30.0  469.0  2722.0
1.023  30.0  469.0  2743.0
1.023  29.0  469.0  2743.0
1.023  29.0  469.0  2763.0
1.023  30.0  469.0  2785.0
1.023  30.0  469.0  2805.0
1.023  30.0  469.0  2826.0
1.023  29.0  469.0  2826.0
1.023  28.0  469.0  2847.0
1.023  29.0  469.0  2868.0
1.023  30.0  469.0  2888.0
1.023  30.0  469.0  2910.0
1.023  32.0  469.0  2910.0
1.023  34.0  469.0  2940.0
1.023  33.0  469.0  2961.0
1.023  33.0  469.0  2982.0
1.023  32.0  469.0  2982.0
1.023  33.0  469.0  3003.0
1.023  34.0  469.0  3023.0
1.023  33.0  469.0  3045.0
1.023  33.0  469.0  3065.0
1.023  31.0  469.0  3065.0
1.023  34.0  469.0  3086.0
1.023  34.0  469.0  3107.0
1.023  34.0  469.0  3128.0
1.023  34.0  469.0  3128.0
1.023  34.0  469.0  3148.0
1.023  32.0  469.0  3170.0
1.023  33.0  469.0  3190.0
1.023  33.0  469.0  3211.0
1.023  33.0  469.0  3231.0
1.023  34.0  469.0  3231.0
1.023  32.0  469.0  3253.0
1.023  32.0  469.0  3273.0
1.023  32.0  469.0  3294.0
1.023  32.0  469.0  3294.0
1.023  33.0  469.0  3315.0
1.023  33.0  469.0  3336.0
1.023  32.0  469.0  3356.0
1.023  32.0  469.0  3378.0
1.023  32.0  469.0  3378.0
1.023  32.0  469.0  3398.0
1.023  32.0  469.0  3429.0
1.023  32.0  469.0  3450.0
1.023  32.0  469.0  3450.0
1.023  32.0  469.0  3471.0
1.023  32.0  469.0  3491.0
1.023  32.0  469.0  3513.0
1.023  32.0  469.0  3533.0
1.023  32.0  469.0  3554.0
1.023  33.0  469.0  3554.0
1.023  33.0  469.0  3564.0
1.023  33.0  469.0  3596.0
1.023  33.0  469.0  3616.0
1.023  34.0  469.0  3638.0
1.023  34.0  469.0  3638.0
1.023  34.0  469.0  3658.0
1.023  34.0  469.0  3679.0
1.023  34.0  469.0  3700.0
1.023  32.0  469.0  3721.0
1.023  34.0  469.0  3741.0
1.023  34.0  469.0  3741.0
