0.471  190487.0  40.0  0.0
0.471  190487.0  40.0  0.0
0.471  190487.0  40.0  0.0
0.471  190487.0  40.0  0.0
0.471  190487.0  40.0  0.0
0.471  190487.0  40.0  0.0
0.471  190487.0  40.0  0.0
0.471  190487.0  40.0  0.0
0.471  190487.0  40.0  0.0
0.471  190487.0  40.0  0.0
0.471  190487.0  40.0  0.0
0.471  190487.0  40.0  0.0
0.471  190487.0  40.0  0.0
0.471  190487.0  40.0  0.0
0.471  190487.0  40.0  0.0
0.471  190487.0  40.0  0.0
0.471  190487.0  40.0  0.0
0.471  190487.0  40.0  0.0
0.471  190487.0  40.0  0.0
0.471  190487.0  40.0  0.0
0.471  190487.0  40.0  0.0
0.471  190487.0  40.0  0.0
0.471  190487.0  40.0  0.0
0.471  190487.0  40.0  0.0
0.471  190487.0  40.0  0.0
0.471  190487.0  40.0  0.0
0.471  190487.0  40.0  0.0
0.471  190487.0  40.0  0.0
0.471  190487.0  40.0  0.0
0.471  190487.0  40.0  0.0
0.471  190487.0  40.0  0.0
0.471  190487.0  40.0  0.0
0.471  190487.0  40.0  0.0
0.471  190487.0  40.0  0.0
0.471  190487.0  40.0  0.0
0.471  190487.0  40.0  0.0
0.471  190487.0  40.0  0.0
0.471  190487.0  40.0  0.0
0.471  190487.0  40.0  0.0
0.471  0.0  40.0  0.0
0.471  2.0  40.0  0.0
0.471  3.0  40.0  40.0
0.471  3.0  40.0  0.0
0.47  5.0  40.0  0.0
0.471  28.0  40.0  0.0
0.471  45.0  39.0  0.0
0.471  70.0  39.0  0.0
0.471  70.0  40.0  0.0
0.471  95.0  40.0  0.0
0.471  112.0  40.0  0.0
0.471  132.0  40.0  0.0
0.471  132.0  39.0  0.0
0.471  150.0  39.0  0.0
0.471  168.0  40.0  0.0
0.471  197.0  40.0  0.0
0.471  216.0  40.0  0.0
0.471  216.0  40.0  0.0
0.471  234.0  39.0  0.0
0.471  263.0  40.0  0.0
0.471  281.0  40.0  0.0
0.471  281.0  40.0  0.0
0.471  300.0  39.0  0.0
0.471  318.0  39.0  0.0
0.471  347.0  39.0  0.0
0.471  365.0  39.0  0.0
0.471  365.0  40.0  0.0
0.471  384.0  40.0  0.0
0.471  403.0  39.0  0.0
0.471  431.0  39.0  0.0
0.471  449.0  40.0  0.0
0.471  449.0  40.0  0.0
0.471  468.0  40.0  0.0
0.471  496.0  39.0  0.0
0.471  515.0  39.0  0.0
0.471  534.0  39.0  0.0
0.471  534.0  40.0  0.0
0.471  562.0  40.0  0.0
0.471  580.0  40.0  0.0
0.471  600.0  40.0  0.0
0.471  600.0  39.0  0.0
0.471  618.0  40.0  0.0
0.471  636.0  40.0  0.0
0.471  665.0  39.0  0.0
0.471  684.0  39.0  0.0
0.471  684.0  39.0  0.0
0.471  702.0  39.0  0.0
0.471  731.0  40.0  0.0
0.471  749.0  40.0  0.0
0.471  749.0  38.0  0.0
0.471  777.0  38.0  0.0
0.471  796.0  38.0  0.0
0.471  815.0  39.0  0.0
0.471  833.0  40.0  0.0
0.471  851.0  39.0  0.0
0.471  851.0  39.0  0.0
0.471  871.0  39.0  0.0
0.471  899.0  39.0  0.0
0.471  899.0  40.0  0.0
0.471  993.0  39.0  0.0
0.471  993.0  39.0  0.0
0.471  1012.0  40.0  0.0
0.471  1033.0  39.0  0.0
0.471  1033.0  39.0  0.0
0.471  1053.0  39.0  0.0
0.471  1075.0  40.0  0.0
0.471  1095.0  40.0  0.0
0.471  1116.0  40.0  0.0
0.471  1116.0  40.0  0.0
0.471  1137.0  39.0  0.0
0.471  1168.0  39.0  0.0
0.471  1189.0  40.0  0.0
0.471  1210.0  40.0  0.0
0.471  1210.0  40.0  0.0
0.471  1230.0  39.0  0.0
0.471  1251.0  39.0  0.0
0.471  1272.0  40.0  0.0
0.471  1272.0  40.0  0.0
0.471  1293.0  40.0  0.0
0.471  1313.0  38.0  0.0
0.471  1335.0  38.0  0.0
0.471  1355.0  38.0  0.0
0.471  1355.0  40.0  0.0
0.471  1376.0  40.0  0.0
0.471  1397.0  39.0  0.0
0.471  1418.0  39.0  0.0
0.471  1438.0  39.0  0.0
0.471  1438.0  40.0  0.0
0.471  1460.0  40.0  0.0
0.471  1480.0  40.0  0.0
0.471  1501.0  39.0  0.0
0.471  1522.0  38.0  0.0
0.471  1522.0  38.0  0.0
0.471  1543.0  38.0  0.0
0.471  1563.0  40.0  0.0
0.471  1584.0  39.0  0.0
0.471  1605.0  39.0  0.0
0.471  1605.0  39.0  0.0
0.471  1626.0  40.0  0.0
0.471  1646.0  40.0  0.0
0.471  1668.0  40.0  0.0
0.471  1688.0  39.0  0.0
0.471  1688.0  39.0  0.0
0.471  1709.0  39.0  0.0
0.471  1730.0  40.0  0.0
0.471  1751.0  40.0  0.0
0.471  1751.0  38.0  0.0
0.471  1771.0  38.0  0.0
0.471  1803.0  38.0  0.0
0.471  1813.0  39.0  0.0
0.471  1833.0  40.0  0.0
0.471  1833.0  39.0  0.0
0.471  1855.0  39.0  0.0
0.471  1875.0  39.0  0.0
0.471  1896.0  39.0  0.0
0.471  1916.0  40.0  0.0
0.471  1916.0  40.0  0.0
0.471  1938.0  40.0  0.0
0.471  1969.0  38.0  0.0
0.471  1990.0  39.0  0.0
0.471  2011.0  39.0  0.0
0.471  2011.0  40.0  0.0
0.471  2031.0  40.0  0.0
0.471  2052.0  39.0  0.0
0.471  2073.0  39.0  0.0
0.471  2073.0  40.0  0.0
0.471  2094.0  40.0  0.0
0.471  2114.0  40.0  0.0
0.471  2136.0  40.0  0.0
0.471  2156.0  39.0  0.0
0.471  2156.0  39.0  0.0
0.471  2177.0  40.0  0.0
0.471  2198.0  40.0  0.0
0.471  2219.0  39.0  0.0
0.471  2239.0  39.0  0.0
0.471  2239.0  39.0  0.0
0.471  2260.0  40.0  0.0
0.471  2281.0  40.0  0.0
0.471  2301.0  40.0  0.0
0.471  2301.0  39.0  0.0
0.471  2323.0  39.0  0.0
0.471  2343.0  39.0  0.0
0.471  2364.0  39.0  0.0
0.471  2396.0  40.0  0.0
0.471  2396.0  39.0  0.0
0.471  2416.0  39.0  0.0
0.471  2437.0  39.0  0.0
0.471  2458.0  40.0  0.0
0.471  2458.0  40.0  0.0
0.471  2479.0  40.0  0.0
0.471  2499.0  39.0  0.0
0.471  2521.0  38.0  0.0
0.471  2541.0  38.0  0.0
0.471  2572.0  40.0  0.0
0.471  2572.0  40.0  0.0
0.471  2593.0  39.0  0.0
0.471  2614.0  39.0  0.0
0.471  2614.0  40.0  7.0
0.471  2634.0  40.0  7.0
0.471  2656.0  40.0  18.0
0.471  2676.0  39.0  26.0
0.471  2697.0  39.0  26.0
0.471  2697.0  40.0  220.0
0.471  2717.0  40.0  220.0
0.471  2739.0  41.0  1023.0
0.471  2759.0  40.0  1023.0
0.471  2791.0  40.0  1023.0
0.471  2791.0  40.0  1023.0
0.471  2811.0  40.0  1023.0
0.471  2832.0  41.0  1023.0
0.471  2853.0  40.0  1023.0
0.471  2874.0  40.0  1023.0
0.471  2874.0  40.0  1023.0
0.471  2894.0  41.0  1023.0
0.471  2915.0  41.0  1023.0
0.471  2936.0  40.0  1023.0
0.471  2936.0  38.0  1023.0
0.471  2957.0  38.0  1023.0
0.471  2977.0  40.0  666.0
0.471  2999.0  40.0  211.0
0.471  3019.0  40.0  211.0
0.471  3019.0  39.0  64.0
0.471  3040.0  39.0  64.0
0.471  3061.0  39.0  22.0
0.471  3082.0  40.0  5.0
0.471  3082.0  39.0  0.0
0.471  3102.0  39.0  0.0
0.471  3124.0  39.0  0.0
0.471  3144.0  39.0  0.0
0.471  3165.0  40.0  0.0
0.471  3165.0  40.0  0.0
0.471  3186.0  40.0  0.0
0.471  3207.0  39.0  0.0
0.471  3227.0  40.0  0.0
0.471  3248.0  40.0  0.0
0.471  3248.0  40.0  0.0
0.471  3269.0  40.0  0.0
0.471  3290.0  39.0  0.0
0.471  3310.0  39.0  0.0
0.471  3342.0  40.0  0.0
0.471  3342.0  40.0  0.0
0.471  3362.0  40.0  0.0
0.471  3383.0  40.0  0.0
0.471  3404.0  39.0  0.0
0.471  3415.0  40.0  0.0
0.471  3415.0  40.0  0.0
0.471  3435.0  40.0  0.0
0.471  3467.0  39.0  0.0
0.471  3487.0  39.0  0.0
0.471  3497.0  39.0  0.0
0.471  3508.0  40.0  0.0
0.471  3529.0  40.0  0.0
0.471  3550.0  40.0  0.0
0.471  3570.0  39.0  0.0
0.471  3570.0  39.0  0.0
0.471  3592.0  40.0  0.0
0.471  3612.0  40.0  0.0
0.471  3633.0  40.0  0.0
0.471  3654.0  40.0  0.0
0.471  3654.0  39.0  0.0
0.471  3675.0  39.0  0.0
0.471  3695.0  39.0  0.0
0.471  3716.0  40.0  0.0
0.471  3737.0  40.0  0.0
0.471  3737.0  39.0  0.0
0.471  3758.0  40.0  0.0
0.471  3778.0  40.0  0.0
0.471  3800.0  40.0  0.0
0.471  3820.0  41.0  0.0
0.471  3820.0  40.0  0.0
0.471  3841.0  39.0  0.0
0.471  3862.0  39.0  0.0
0.471  3883.0  40.0  0.0
0.471  3883.0  40.0  0.0
0.471  3903.0  40.0  0.0
0.471  3924.0  39.0  0.0
0.471  3945.0  39.0  0.0
0.471  3965.0  39.0  0.0
0.471  3965.0  41.0  0.0
0.471  3987.0  40.0  4.0
0.471  4007.0  40.0  4.0
0.471  4038.0  40.0  4.0
0.471  4060.0  39.0  3.0
0.471  4060.0  41.0  3.0
0.471  4080.0  40.0  7.0
0.471  4101.0  40.0  7.0
0.471  4122.0  39.0  5.0
0.471  4143.0  39.0  5.0
0.471  4143.0  40.0  6.0
0.471  4163.0  40.0  7.0
0.471  4185.0  40.0  7.0
0.471  4205.0  39.0  7.0
0.471  4226.0  40.0  5.0
0.471  4226.0  40.0  5.0
0.471  4246.0  40.0  6.0
0.471  4268.0  40.0  6.0
0.471  4288.0  39.0  6.0
0.471  4288.0  39.0  5.0
0.471  4308.0  41.0  0.0
0.471  4330.0  39.0  3.0
0.471  4350.0  39.0  3.0
0.471  4371.0  39.0  3.0
0.471  4371.0  39.0  1.0
0.471  4392.0  40.0  1.0
0.471  4413.0  40.0  2.0
0.471  4433.0  40.0  2.0
0.471  4455.0  39.0  2.0
0.471  4455.0  39.0  2.0
0.471  4475.0  40.0  1.0
0.471  4496.0  40.0  3.0
0.471  4517.0  40.0  3.0
0.471  4538.0  39.0  2.0
0.471  4538.0  39.0  2.0
0.471  4558.0  40.0  1.0
0.471  4579.0  40.0  1.0
0.471  4600.0  40.0  2.0
0.471  4621.0  38.0  3.0
0.471  4621.0  33.0  1.0
0.471  4641.0  30.0  1.0
0.471  4673.0  30.0  1.0
0.471  4683.0  30.0  1.0
0.471  4704.0  33.0  3.0
0.471  4704.0  35.0  1.0
0.471  4725.0  37.0  1.0
0.471  4746.0  37.0  1.0
0.471  4766.0  34.0  3.0
0.471  4766.0  34.0  3.0
0.471  4798.0  32.0  2.0
0.471  4818.0  35.0  1.0
0.471  4839.0  35.0  1.0
0.471  4860.0  39.0  3.0
0.471  4860.0  42.0  2.0
0.471  4881.0  42.0  2.0
0.471  4901.0  42.0  2.0
0.471  4923.0  44.0  1.0
0.471  4943.0  52.0  3.0
0.471  4943.0  86.0  2.0
0.471  4964.0  161.0  1.0
0.471  4985.0  161.0  1.0
0.471  5006.0  161.0  1.0
0.471  5026.0  286.0  2.0
0.471  5026.0  436.0  2.0
0.471  5047.0  551.0  1.0
0.471  5068.0  551.0  1.0
0.471  5089.0  551.0  1.0
0.471  5089.0  619.0  2.0
0.471  5109.0  654.0  1.0
0.471  5131.0  669.0  0.0
0.471  5151.0  669.0  0.0
0.472  5172.0  669.0  2.0
0.472  5172.0  669.0  2.0
0.471  5193.0  681.0  2.0
0.471  5214.0  646.0  1.0
0.472  5234.0  646.0  1.0
0.472  5234.0  540.0  1.0
0.471  5256.0  331.0  2.0
0.471  5286.0  331.0  2.0
0.471  5307.0  167.0  1.0
0.471  5328.0  167.0  1.0
0.471  5328.0  79.0  1.0
0.471  5349.0  32.0  2.0
0.471  5369.0  23.0  1.0
0.471  5391.0  26.0  1.0
0.472  5411.0  26.0  1.0
0.472  5411.0  26.0  1.0
0.472  5432.0  26.0  2.0
0.471  5453.0  25.0  2.0
0.471  5474.0  25.0  1.0
0.471  5494.0  25.0  1.0
0.471  5494.0  25.0  1.0
0.471  5516.0  26.0  1.0
0.471  5536.0  25.0  2.0
0.471  5557.0  25.0  2.0
0.471  5567.0  25.0  1.0
0.471  5577.0  26.0  0.0
0.471  5599.0  26.0  2.0
0.471  5619.0  26.0  2.0
0.471  5640.0  26.0  2.0
0.471  5640.0  25.0  1.0
0.471  5661.0  27.0  1.0
0.471  5682.0  27.0  2.0
0.471  5702.0  26.0  2.0
0.472  5724.0  26.0  2.0
0.472  5724.0  26.0  2.0
0.471  5744.0  27.0  1.0
0.471  5765.0  27.0  2.0
0.471  5786.0  27.0  2.0
0.471  5807.0  25.0  2.0
0.471  5807.0  26.0  1.0
0.471  5827.0  26.0  1.0
0.471  5849.0  27.0  0.0
0.471  5869.0  27.0  0.0
0.471  5900.0  26.0  3.0
0.471  5900.0  25.0  1.0
0.471  5921.0  27.0  1.0
0.471  5942.0  27.0  1.0
0.471  5952.0  27.0  1.0
0.471  5972.0  26.0  3.0
0.471  5972.0  25.0  1.0
0.471  5994.0  26.0  1.0
0.471  6014.0  26.0  2.0
0.471  6045.0  26.0  2.0
0.471  6045.0  26.0  2.0
0.471  6067.0  25.0  2.0
0.471  6087.0  26.0  1.0
0.471  6108.0  26.0  1.0
0.471  6129.0  26.0  1.0
0.471  6129.0  25.0  2.0
0.471  6150.0  25.0  2.0
0.471  6170.0  25.0  1.0
0.471  6192.0  25.0  1.0
0.471  6212.0  27.0  0.0
0.471  6212.0  25.0  3.0
0.471  6233.0  25.0  1.0
0.472  6254.0  25.0  1.0
0.471  6275.0  25.0  1.0
0.471  6295.0  26.0  1.0
0.471  6295.0  25.0  2.0
0.471  6317.0  25.0  2.0
0.471  6337.0  26.0  1.0
0.471  6358.0  26.0  1.0
0.471  6378.0  26.0  1.0
0.471  6378.0  26.0  2.0
0.471  6400.0  25.0  2.0
0.471  6420.0  25.0  1.0
0.471  6440.0  25.0  1.0
0.471  6462.0  26.0  1.0
0.471  6462.0  26.0  1.0
0.471  6482.0  25.0  3.0
0.471  6503.0  24.0  1.0
0.471  6524.0  24.0  1.0
0.471  6524.0  26.0  1.0
0.471  6545.0  25.0  2.0
0.471  6565.0  25.0  2.0
0.471  6587.0  25.0  1.0
0.471  6607.0  25.0  1.0
0.471  6607.0  26.0  0.0
0.471  6638.0  25.0  2.0
0.471  6649.0  25.0  2.0
0.471  6680.0  26.0  1.0
0.471  6701.0  26.0  1.0
0.471  6701.0  26.0  1.0
0.471  6722.0  26.0  2.0
0.471  6743.0  25.0  2.0
0.471  6763.0  25.0  1.0
0.471  6763.0  25.0  1.0
0.472  6785.0  25.0  1.0
0.471  6805.0  26.0  1.0
0.471  6825.0  25.0  2.0
0.471  6847.0  25.0  1.0
0.471  6847.0  25.0  1.0
0.471  6867.0  26.0  0.0
0.471  6888.0  26.0  0.0
0.471  6908.0  26.0  2.0
0.472  6930.0  25.0  1.0
0.472  6930.0  25.0  1.0
0.471  6950.0  26.0  0.0
0.471  6971.0  26.0  2.0
0.471  6992.0  26.0  2.0
0.471  7013.0  25.0  2.0
0.471  7013.0  25.0  2.0
0.471  7033.0  26.0  1.0
0.471  7055.0  26.0  1.0
0.471  7075.0  25.0  2.0
0.471  7096.0  25.0  2.0
0.471  7096.0  25.0  2.0
0.471  7117.0  25.0  1.0
0.471  7138.0  27.0  0.0
0.471  7158.0  25.0  2.0
0.471  7180.0  25.0  1.0
0.471  7180.0  25.0  1.0
0.471  7200.0  25.0  1.0
0.471  7221.0  26.0  1.0
0.471  7241.0  26.0  2.0
0.471  7241.0  26.0  2.0
0.471  7263.0  25.0  1.0
0.471  7283.0  26.0  0.0
0.471  7304.0  26.0  0.0
0.471  7335.0  26.0  2.0
0.471  7335.0  26.0  2.0
0.471  7356.0  25.0  2.0
0.471  7376.0  25.0  1.0
0.471  7398.0  26.0  1.0
0.471  7398.0  25.0  2.0
0.471  7418.0  25.0  2.0
0.471  7439.0  25.0  2.0
0.471  7460.0  25.0  1.0
0.471  7481.0  26.0  0.0
0.471  7481.0  25.0  2.0
0.472  7501.0  25.0  2.0
0.471  7523.0  25.0  1.0
0.471  7543.0  25.0  1.0
0.472  7564.0  26.0  0.0
0.472  7564.0  25.0  2.0
0.471  7585.0  25.0  2.0
0.472  7606.0  25.0  2.0
0.472  7626.0  26.0  1.0
0.471  7648.0  26.0  1.0
0.471  7648.0  26.0  1.0
0.471  7668.0  26.0  2.0
0.471  7689.0  25.0  2.0
0.471  7709.0  25.0  1.0
0.471  7731.0  26.0  0.0
0.471  7731.0  26.0  0.0
0.471  7751.0  26.0  0.0
0.471  7772.0  25.0  2.0
0.471  7793.0  24.0  1.0
0.471  7793.0  26.0  0.0
0.471  7814.0  26.0  0.0
0.471  7834.0  25.0  2.0
0.471  7866.0  25.0  1.0
0.471  7886.0  25.0  1.0
0.471  7897.0  26.0  1.0
0.471  7907.0  26.0  1.0
0.471  7928.0  26.0  2.0
0.471  7949.0  25.0  2.0
0.471  7969.0  26.0  1.0
0.471  7969.0  26.0  1.0
0.471  7991.0  26.0  1.0
0.471  8011.0  26.0  2.0
0.471  8032.0  25.0  2.0
0.471  8032.0  25.0  1.0
0.471  8053.0  25.0  1.0
0.471  8074.0  25.0  1.0
0.471  8094.0  26.0  0.0
0.471  8116.0  25.0  2.0
0.471  8116.0  24.0  1.0
0.471  8136.0  26.0  0.0
0.471  8157.0  26.0  0.0
0.471  8178.0  25.0  2.0
0.471  8178.0  25.0  2.0
0.471  8199.0  25.0  1.0
0.471  8219.0  25.0  1.0
0.471  8251.0  26.0  0.0
0.471  8251.0  26.0  2.0
0.471  8271.0  25.0  2.0
0.471  8292.0  25.0  2.0
0.471  8313.0  25.0  2.0
0.471  8334.0  25.0  1.0
0.471  8354.0  26.0  1.0
0.471  8354.0  25.0  2.0
0.471  8375.0  25.0  2.0
0.471  8396.0  24.0  1.0
0.471  8417.0  24.0  1.0
0.471  8437.0  26.0  0.0
0.471  8437.0  25.0  3.0
0.471  8459.0  25.0  3.0
0.471  8479.0  25.0  1.0
0.471  8479.0  26.0  0.0
0.471  8500.0  25.0  2.0
0.471  8521.0  25.0  2.0
0.471  8542.0  25.0  2.0
0.471  8562.0  24.0  1.0
0.471  8584.0  25.0  1.0
0.471  8584.0  26.0  2.0
0.471  8604.0  26.0  2.0
0.471  8625.0  26.0  2.0
0.471  8646.0  25.0  2.0
0.471  8667.0  25.0  1.0
0.471  8667.0  26.0  1.0
0.471  8687.0  26.0  1.0
0.471  8708.0  25.0  2.0
0.471  8729.0  24.0  1.0
0.471  8750.0  24.0  1.0
0.471  8750.0  26.0  0.0
0.471  8770.0  26.0  0.0
0.471  8792.0  25.0  2.0
0.471  8812.0  24.0  1.0
0.471  8833.0  24.0  1.0
0.471  8833.0  26.0  1.0
0.471  8854.0  26.0  1.0
0.472  8875.0  25.0  2.0
0.471  8895.0  24.0  2.0
0.471  8895.0  25.0  1.0
0.471  8927.0  26.0  1.0
0.471  8947.0  26.0  1.0
0.471  8968.0  26.0  1.0
0.471  8989.0  25.0  2.0
0.471  9010.0  24.0  1.0
0.471  9010.0  26.0  0.0
0.471  9030.0  26.0  0.0
0.471  9052.0  26.0  0.0
0.471  9052.0  25.0  2.0
0.471  9072.0  24.0  1.0
0.471  9093.0  26.0  0.0
0.471  9114.0  26.0  0.0
0.471  9135.0  25.0  2.0
0.471  9135.0  24.0  2.0
0.471  9155.0  24.0  2.0
0.471  9177.0  26.0  1.0
0.471  9197.0  26.0  1.0
0.471  9197.0  25.0  2.0
0.471  9218.0  24.0  2.0
0.471  9238.0  24.0  2.0
0.471  9260.0  25.0  1.0
0.471  9280.0  25.0  1.0
0.471  9280.0  26.0  1.0
0.471  9300.0  25.0  2.0
0.471  9332.0  24.0  1.0
0.471  9353.0  26.0  1.0
0.471  9373.0  26.0  1.0
0.471  9373.0  26.0  1.0
0.471  9395.0  25.0  2.0
0.471  9415.0  25.0  1.0
0.471  9436.0  25.0  1.0
0.471  9457.0  25.0  1.0
0.471  9457.0  25.0  2.0
0.471  9467.0  25.0  2.0
0.471  9498.0  25.0  1.0
0.471  9520.0  25.0  1.0
0.471  9540.0  26.0  1.0
0.471  9540.0  25.0  1.0
0.471  9561.0  25.0  2.0
0.471  9582.0  25.0  2.0
0.471  9603.0  25.0  2.0
0.471  9623.0  25.0  1.0
0.471  9623.0  26.0  1.0
0.471  9645.0  25.0  2.0
0.471  9665.0  25.0  1.0
0.471  9686.0  25.0  1.0
0.471  9686.0  25.0  1.0
0.471  9706.0  26.0  1.0
