7.793  102.0  1.0  1.0
7.793  102.0  1.0  1.0
7.793  102.0  1.0  1.0
7.793  102.0  1.0  1.0
7.793  102.0  1.0  1.0
7.793  102.0  1.0  1.0
7.793  102.0  1.0  1.0
7.793  102.0  1.0  1.0
7.793  102.0  1.0  1.0
7.793  102.0  1.0  1.0
7.793  102.0  1.0  1.0
7.793  102.0  1.0  1.0
7.793  102.0  1.0  1.0
7.793  102.0  1.0  1.0
7.793  102.0  1.0  1.0
7.793  102.0  1.0  1.0
7.793  102.0  1.0  1.0
7.793  102.0  1.0  1.0
7.793  102.0  1.0  1.0
7.793  102.0  1.0  1.0
7.793  102.0  1.0  1.0
7.793  102.0  1.0  1.0
7.793  102.0  1.0  1.0
7.793  102.0  1.0  1.0
7.793  102.0  1.0  1.0
7.793  102.0  1.0  1.0
7.793  102.0  1.0  1.0
7.793  102.0  1.0  1.0
7.793  102.0  1.0  1.0
7.793  102.0  1.0  1.0
7.793  102.0  1.0  1.0
7.793  102.0  1.0  1.0
7.793  102.0  1.0  1.0
7.793  102.0  1.0  1.0
7.793  102.0  1.0  1.0
7.793  102.0  1.0  1.0
7.793  102.0  1.0  1.0
7.793  102.0  1.0  1.0
7.793  102.0  1.0  1.0
7.793  102.0  1.0  1.0
7.793  102.0  1.0  1.0
7.793  102.0  1.0  1.0
7.793  102.0  1.0  1.0
7.793  102.0  1.0  1.0
7.793  102.0  1.0  1.0
7.793  102.0  2230.0  1010.0
7.793  102.0  820.0  730.0
7.793  102.0  710.0  710.0
7.793  102.0  710.0  710.0
7.793  102.0  790.0  1030.0
7.793  102.0  1050.0  640.0
7.793  102.0  1170.0  2570.0
7.793  102.0  730.0  1690.0
7.793  102.0  730.0  1690.0
7.793  102.0  570.0  890.0
7.793  102.0  1390.0  2770.0
7.793  102.0  2680.0  1640.0
7.793  102.0  2170.0  2660.0
7.793  102.0  2170.0  2660.0
7.793  102.0  1390.0  2670.0
7.793  102.0  2580.0  1460.0
7.793  102.0  2180.0  2590.0
7.793  102.0  2180.0  2590.0
7.793  102.0  2050.0  660.0
7.793  102.0  290.0  490.0
7.793  102.0  980.0  90.0
7.793  102.0  0.0  0.0
7.793  102.0  0.0  0.0
7.793  102.0  0.0  630.0
7.793  102.0  100.0  1520.0
7.793  102.0  0.0  30.0
7.793  102.0  0.0  30.0
7.793  102.0  2390.0  2130.0
7.793  102.0  2920.0  990.0
7.793  102.0  1940.0  0.0
7.793  102.0  1940.0  0.0
7.793  102.0  530.0  0.0
7.793  102.0  0.0  280.0
7.793  102.0  750.0  0.0
7.793  102.0  750.0  0.0
7.793  102.0  0.0  70.0
7.793  102.0  0.0  890.0
7.793  102.0  90.0  0.0
7.793  102.0  0.0  190.0
7.793  102.0  0.0  190.0
0.0010  469.0  10.0  950.0
0.0020  577.0  350.0  2000.0
0.0020  577.0  1240.0  3060.0
0.0030  662.0  0.0  650.0
0.016  373.0  0.0  650.0
0.032  637.0  3100.0  890.0
0.058  238.0  1410.0  3080.0
0.058  238.0  2670.0  2550.0
0.074  484.0  2670.0  2550.0
0.074  484.0  2670.0  2550.0
0.108  692.0  1320.0  0.0
0.136  335.0  0.0  0.0
0.154  450.0  0.0  0.0
0.154  450.0  0.0  0.0
0.22  133.0  60.0  870.0
0.248  678.0  60.0  870.0
0.267  593.0  360.0  1860.0
0.267  593.0  2450.0  2980.0
0.294  385.0  2450.0  2980.0
0.314  504.0  120.0  1710.0
0.332  591.0  2410.0  3320.0
0.342  140.0  390.0  2100.0
0.359  75.0  1070.0  0.0
0.378  110.0  1070.0  0.0
0.397  192.0  3580.0  1130.0
0.415  291.0  850.0  0.0
0.415  291.0  3850.0  1520.0
0.434  413.0  0.0  580.0
0.462  149.0  1280.0  0.0
0.48  50.0  0.0  860.0
0.48  50.0  970.0  110.0
0.507  553.0  0.0  1080.0
0.526  444.0  280.0  160.0
0.544  311.0  280.0  160.0
0.573  532.0  750.0  2780.0
0.573  532.0  0.0  810.0
0.59  646.0  0.0  810.0
0.607  525.0  1750.0  4030.0
0.634  301.0  390.0  2330.0
0.645  278.0  3010.0  4210.0
0.654  428.0  3350.0  810.0
0.672  529.0  3350.0  810.0
0.697  0.0  4280.0  3230.0
0.716  190.0  2340.0  250.0
0.716  190.0  4290.0  1670.0
0.735  308.0  1300.0  220.0
0.753  432.0  1300.0  220.0
0.781  39.0  2850.0  510.0
0.781  39.0  70.0  600.0
0.806  478.0  1800.0  250.0
0.825  364.0  90.0  1240.0
0.844  229.0  90.0  1240.0
0.872  539.0  370.0  300.0
0.872  539.0  820.0  2770.0
0.889  624.0  3400.0  4060.0
0.907  462.0  1770.0  3970.0
0.934  339.0  1770.0  3970.0
0.934  339.0  440.0  2310.0
0.953  455.0  2880.0  3910.0
0.972  548.0  460.0  2170.0
0.997  33.0  460.0  2170.0
1.016  134.0  2030.0  1210.0
1.016  134.0  1840.0  1220.0
1.036  67.0  0.0  0.0
1.056  87.0  480.0  0.0
1.077  109.0  480.0  0.0
1.096  45.0  160.0  0.0
1.096  45.0  150.0  0.0
1.117  60.0  0.0  0.0
1.146  478.0  0.0  0.0
1.167  543.0  0.0  770.0
1.187  523.0  490.0  0.0
1.187  523.0  0.0  120.0
1.207  502.0  0.0  150.0
1.226  485.0  0.0  150.0
1.247  464.0  0.0  0.0
1.267  531.0  1460.0  920.0
1.267  531.0  1270.0  750.0
1.296  69.0  1270.0  750.0
1.316  91.0  1160.0  720.0
1.337  112.0  1550.0  890.0
1.356  48.0  840.0  0.0
1.377  66.0  1020.0  0.0
1.377  66.0  600.0  0.0
1.396  85.0  750.0  0.0
1.417  106.0  750.0  0.0
1.437  44.0  840.0  0.0
1.457  60.0  1000.0  0.0
1.457  60.0  0.0  0.0
1.476  79.0  0.0  0.0
1.497  101.0  0.0  0.0
1.527  528.0  0.0  0.0
1.527  528.0  0.0  0.0
1.547  508.0  1500.0  470.0
1.566  489.0  1500.0  470.0
1.587  469.0  1360.0  710.0
1.607  534.0  1280.0  650.0
1.607  534.0  1600.0  350.0
1.627  513.0  1530.0  660.0
1.647  494.0  1530.0  660.0
1.677  107.0  1420.0  730.0
1.696  45.0  1290.0  680.0
1.696  45.0  1660.0  620.0
1.717  62.0  1520.0  590.0
1.736  81.0  1520.0  590.0
1.757  102.0  930.0  0.0
1.757  102.0  1080.0  0.0
1.777  39.0  630.0  0.0
1.816  75.0  0.0  0.0
1.837  97.0  0.0  0.0
1.837  97.0  0.0  0.0
1.857  119.0  0.0  0.0
1.876  53.0  0.0  0.0
1.896  70.0  0.0  0.0
1.916  91.0  0.0  0.0
1.916  91.0  0.0  0.0
1.937  112.0  0.0  0.0
1.967  517.0  0.0  0.0
1.987  497.0  0.0  0.0
2.007  476.0  1170.0  680.0
2.007  476.0  1550.0  530.0
2.027  542.0  1550.0  530.0
2.048  521.0  1450.0  480.0
2.067  502.0  1310.0  710.0
2.067  502.0  1240.0  760.0
2.086  483.0  680.0  0.0
2.108  545.0  680.0  0.0
2.137  55.0  810.0  0.0
2.156  72.0  1110.0  0.0
2.156  72.0  0.0  0.0
2.177  95.0  0.0  0.0
2.197  115.0  0.0  0.0
2.216  50.0  0.0  0.0
2.237  69.0  0.0  0.0
2.237  69.0  0.0  0.0
2.256  87.0  0.0  0.0
2.277  111.0  0.0  0.0
2.296  45.0  0.0  0.0
2.317  63.0  0.0  0.0
2.317  63.0  0.0  0.0
2.347  480.0  0.0  0.0
2.367  545.0  1570.0  530.0
2.387  526.0  1380.0  720.0
2.407  506.0  1210.0  690.0
2.407  506.0  1650.0  640.0
2.426  486.0  1650.0  640.0
2.447  466.0  1480.0  530.0
2.467  532.0  1380.0  560.0
2.467  532.0  520.0  0.0
2.487  511.0  590.0  0.0
2.516  92.0  590.0  0.0
2.537  114.0  880.0  0.0
2.556  48.0  1090.0  0.0
2.577  67.0  0.0  0.0
2.577  67.0  0.0  0.0
2.596  85.0  0.0  0.0
2.617  108.0  0.0  0.0
2.637  44.0  0.0  0.0
2.657  60.0  0.0  10.0
2.657  60.0  0.0  10.0
2.676  80.0  0.0  0.0
2.697  100.0  1240.0  440.0
2.717  41.0  1680.0  440.0
2.727  530.0  1510.0  480.0
2.737  56.0  1510.0  480.0
2.766  490.0  1410.0  550.0
2.787  470.0  1370.0  440.0
2.807  534.0  600.0  0.0
2.807  534.0  600.0  0.0
2.827  515.0  770.0  0.0
2.847  494.0  970.0  0.0
2.867  475.0  1030.0  0.0
2.887  540.0  580.0  0.0
2.887  540.0  580.0  0.0
2.908  519.0  730.0  0.0
2.927  501.0  0.0  0.0
2.947  481.0  1100.0  0.0
2.977  42.0  0.0  0.0
2.977  42.0  0.0  0.0
2.997  59.0  0.0  0.0
3.016  78.0  0.0  0.0
3.037  97.0  0.0  0.0
3.037  97.0  0.0  0.0
3.057  118.0  1520.0  590.0
3.077  55.0  1370.0  570.0
3.096  71.0  1300.0  770.0
3.127  474.0  1650.0  500.0
3.127  474.0  1650.0  500.0
3.147  538.0  1560.0  570.0
3.168  518.0  1370.0  580.0
3.187  499.0  1180.0  0.0
3.207  479.0  630.0  0.0
3.207  479.0  630.0  0.0
3.227  543.0  790.0  0.0
3.248  524.0  930.0  0.0
3.267  504.0  1100.0  0.0
3.267  504.0  640.0  0.0
3.287  485.0  640.0  0.0
3.308  547.0  750.0  0.0
3.337  57.0  1050.0  0.0
3.356  72.0  0.0  0.0
3.356  72.0  0.0  0.0
3.377  96.0  0.0  0.0
3.397  116.0  0.0  0.0
3.417  52.0  0.0  0.0
3.437  67.0  0.0  0.0
3.437  67.0  0.0  0.0
3.457  88.0  0.0  470.0
3.477  110.0  540.0  2360.0
3.508  521.0  3200.0  3760.0
3.508  521.0  910.0  2760.0
3.527  501.0  910.0  2760.0
3.547  482.0  3540.0  3770.0
3.568  546.0  1290.0  3620.0
3.588  527.0  50.0  1170.0
3.607  506.0  2130.0  70.0
3.607  506.0  2130.0  70.0
3.627  487.0  4210.0  2070.0
3.647  467.0  2790.0  4000.0
3.667  532.0  3330.0  790.0
3.667  532.0  3330.0  790.0
3.687  512.0  350.0  190.0
3.717  90.0  2430.0  290.0
3.737  114.0  0.0  730.0
3.757  49.0  1350.0  90.0
3.757  49.0  1350.0  90.0
3.777  66.0  10.0  970.0
3.796  86.0  2050.0  4060.0
3.817  108.0  550.0  2500.0
3.817  108.0  550.0  2500.0
3.837  45.0  3250.0  4200.0
3.857  60.0  1550.0  3910.0
3.887  485.0  1740.0  600.0
3.908  547.0  550.0  0.0
3.908  547.0  550.0  0.0
3.928  530.0  730.0  0.0
3.947  509.0  940.0  0.0
3.968  490.0  1120.0  0.0
3.987  470.0  0.0  0.0
3.987  470.0  0.0  0.0
4.007  534.0  0.0  0.0
4.027  515.0  0.0  0.0
4.057  89.0  0.0  0.0
4.067  476.0  0.0  0.0
4.077  111.0  0.0  120.0
4.097  49.0  1110.0  0.0
4.117  65.0  0.0  580.0
4.136  84.0  1080.0  0.0
4.136  84.0  1080.0  0.0
4.157  106.0  0.0  900.0
4.177  43.0  1350.0  3710.0
4.197  61.0  1740.0  710.0
4.216  79.0  1600.0  670.0
4.216  79.0  1600.0  670.0
4.237  99.0  1530.0  700.0
4.268  531.0  1330.0  740.0
4.287  510.0  1060.0  0.0
4.307  491.0  640.0  0.0
4.307  491.0  640.0  0.0
4.327  471.0  780.0  0.0
4.347  537.0  950.0  0.0
4.368  516.0  0.0  0.0
4.397  89.0  0.0  0.0
4.397  89.0  0.0  0.0
4.407  476.0  0.0  0.0
4.438  47.0  0.0  0.0
4.457  64.0  1580.0  780.0
4.476  82.0  1580.0  780.0
4.476  82.0  0.0  0.0
4.497  104.0  0.0  1000.0
4.517  43.0  1050.0  3550.0
4.537  59.0  0.0  920.0
4.537  59.0  0.0  920.0
4.556  78.0  740.0  2720.0
4.577  98.0  3510.0  4040.0
4.608  533.0  3410.0  830.0
4.617  55.0  3410.0  830.0
4.617  55.0  3760.0  3840.0
4.647  493.0  4300.0  1600.0
4.667  473.0  3550.0  4110.0
4.687  538.0  2800.0  450.0
4.708  519.0  2800.0  450.0
4.708  519.0  4450.0  2210.0
4.727  498.0  1750.0  210.0
4.747  479.0  70.0  1190.0
4.777  46.0  340.0  250.0
4.777  46.0  340.0  250.0
4.797  63.0  2360.0  270.0
4.816  82.0  0.0  850.0
4.838  103.0  1850.0  4130.0
4.857  42.0  420.0  2380.0
4.857  42.0  420.0  2380.0
4.877  59.0  3120.0  4350.0
4.896  77.0  1360.0  3930.0
4.917  98.0  40.0  1190.0
4.927  468.0  40.0  1190.0
4.937  120.0  2500.0  4290.0
4.957  54.0  810.0  2850.0
4.987  493.0  3570.0  4250.0
5.007  473.0  2950.0  500.0
5.007  473.0  2950.0  500.0
5.027  537.0  4540.0  2320.0
5.048  517.0  3110.0  4330.0
5.067  498.0  3500.0  920.0
5.087  478.0  4400.0  3410.0
5.087  478.0  4400.0  3410.0
5.108  542.0  2450.0  310.0
5.137  62.0  4390.0  1800.0
5.156  81.0  1360.0  160.0
5.178  103.0  2920.0  560.0
5.178  103.0  2920.0  560.0
5.197  42.0  60.0  530.0
5.217  59.0  1850.0  210.0
5.237  75.0  120.0  1740.0
5.237  75.0  120.0  1740.0
5.257  97.0  150.0  660.0
5.277  118.0  1650.0  160.0
5.298  52.0  240.0  1860.0
5.317  71.0  2810.0  3880.0
5.317  71.0  2810.0  3880.0
5.337  91.0  750.0  2620.0
5.357  112.0  2760.0  3420.0
5.378  48.0  1040.0  3160.0
5.407  499.0  3260.0  2180.0
5.407  499.0  3260.0  2180.0
5.427  480.0  1270.0  0.0
5.448  544.0  3140.0  1270.0
5.468  526.0  1000.0  0.0
5.487  507.0  2930.0  990.0
5.487  507.0  2930.0  990.0
5.508  487.0  830.0  0.0
5.537  43.0  3090.0  1220.0
5.557  58.0  470.0  1990.0
5.557  58.0  470.0  1990.0
5.577  78.0  60.0  250.0
5.597  97.0  740.0  2360.0
5.617  118.0  400.0  1090.0
5.638  55.0  1890.0  3480.0
5.638  55.0  1890.0  3480.0
5.657  71.0  1040.0  3060.0
5.677  93.0  440.0  1230.0
5.698  114.0  1980.0  3570.0
5.718  53.0  1980.0  3570.0
5.718  53.0  2630.0  760.0
5.747  502.0  3130.0  2540.0
5.768  484.0  1570.0  180.0
5.788  544.0  1570.0  180.0
5.808  526.0  2550.0  580.0
5.808  526.0  460.0  380.0
5.827  508.0  1500.0  190.0
5.848  487.0  680.0  1810.0
5.868  551.0  680.0  1810.0
5.888  532.0  600.0  600.0
5.888  532.0  1510.0  210.0
5.908  511.0  850.0  2000.0
5.927  493.0  640.0  690.0
5.947  474.0  640.0  690.0
5.968  537.0  1820.0  4130.0
5.978  54.0  1030.0  3000.0
5.997  71.0  750.0  1470.0
6.017  90.0  2310.0  4180.0
6.038  113.0  2310.0  4180.0
6.038  113.0  1370.0  3730.0
6.057  50.0  3410.0  2920.0
6.077  66.0  2420.0  4190.0
6.097  85.0  1460.0  3820.0
6.118  106.0  1460.0  3820.0
6.118  106.0  3460.0  2840.0
6.148  529.0  2490.0  4190.0
6.168  509.0  2870.0  750.0
6.188  491.0  3530.0  2670.0
6.208  552.0  3530.0  2670.0
6.208  552.0  1630.0  240.0
6.227  535.0  2740.0  610.0
6.248  514.0  570.0  610.0
6.267  496.0  1420.0  140.0
6.287  476.0  1420.0  140.0
6.287  476.0  2520.0  420.0
6.308  540.0  240.0  520.0
6.328  520.0  1070.0  30.0
6.356  89.0  2760.0  730.0
6.378  109.0  2760.0  730.0
6.378  109.0  550.0  330.0
6.397  49.0  0.0  1030.0
6.417  64.0  0.0  1520.0
6.437  82.0  190.0  2290.0
6.458  104.0  190.0  2290.0
6.458  104.0  140.0  2280.0
6.477  44.0  90.0  1650.0
6.498  60.0  250.0  2110.0
6.517  76.0  800.0  0.0
6.537  98.0  800.0  0.0
6.537  98.0  660.0  70.0
6.557  118.0  950.0  260.0
6.578  56.0  890.0  0.0
6.597  73.0  890.0  0.0
6.627  479.0  1060.0  0.0
6.627  479.0  1880.0  0.0
6.648  543.0  0.0  0.0
6.668  522.0  0.0  810.0
6.687  503.0  0.0  810.0
6.708  484.0  0.0  0.0
6.708  484.0  0.0  0.0
6.728  546.0  0.0  0.0
6.748  529.0  0.0  1340.0
6.768  510.0  0.0  1340.0
6.788  490.0  0.0  1180.0
6.788  490.0  0.0  1490.0
6.808  551.0  0.0  1400.0
6.829  534.0  0.0  1400.0
6.857  75.0  0.0  1290.0
6.857  75.0  0.0  1120.0
6.877  95.0  0.0  1560.0
6.898  116.0  430.0  800.0
6.918  53.0  430.0  800.0
6.937  69.0  460.0  960.0
6.937  69.0  290.0  1050.0
6.957  90.0  0.0  0.0
6.978  111.0  0.0  0.0
6.998  48.0  0.0  0.0
7.028  507.0  0.0  0.0
7.028  507.0  0.0  0.0
7.048  487.0  0.0  0.0
7.068  550.0  0.0  0.0
7.088  532.0  0.0  0.0
7.108  512.0  0.0  1110.0
7.108  512.0  50.0  1490.0
7.128  494.0  0.0  1410.0
7.147  473.0  0.0  1260.0
7.169  538.0  0.0  1260.0
7.169  538.0  0.0  1070.0
7.188  518.0  0.0  1490.0
7.217  94.0  0.0  1400.0
7.238  114.0  0.0  1220.0
7.258  53.0  0.0  1220.0
7.258  53.0  0.0  1080.0
7.277  69.0  30.0  1510.0
7.298  87.0  40.0  1350.0
7.318  109.0  320.0  2240.0
7.337  48.0  320.0  2240.0
7.337  48.0  1220.0  3570.0
7.357  63.0  3310.0  2360.0
7.377  84.0  3310.0  2360.0
7.398  103.0  1200.0  0.0
7.408  551.0  230.0  1100.0
7.417  44.0  0.0  0.0
7.438  59.0  0.0  0.0
7.468  494.0  0.0  1340.0
7.487  475.0  0.0  1290.0
7.487  475.0  0.0  1090.0
7.508  538.0  0.0  1510.0
7.528  519.0  0.0  1510.0
7.547  500.0  10.0  1410.0
7.568  480.0  0.0  1250.0
7.568  480.0  0.0  1110.0
7.598  49.0  490.0  760.0
7.617  67.0  490.0  760.0
7.638  85.0  610.0  830.0
7.658  105.0  0.0  0.0
7.658  105.0  0.0  0.0
7.677  45.0  280.0  240.0
7.698  62.0  280.0  240.0
7.717  81.0  0.0  0.0
7.738  100.0  0.0  0.0
7.738  100.0  0.0  0.0
7.757  42.0  0.0  0.0
7.778  57.0  0.0  0.0
7.797  76.0  0.0  0.0
7.797  76.0  0.0  0.0
7.828  476.0  50.0  1570.0
7.848  541.0  50.0  1570.0
7.868  520.0  0.0  1380.0
7.887  504.0  0.0  1310.0
7.887  504.0  40.0  1630.0
7.908  481.0  0.0  1510.0
7.928  547.0  0.0  1510.0
7.948  525.0  590.0  910.0
7.968  508.0  0.0  1190.0
7.968  508.0  440.0  630.0
7.988  490.0  0.0  0.0
8.017  45.0  360.0  790.0
8.038  62.0  0.0  0.0
8.057  78.0  0.0  0.0
8.057  78.0  0.0  0.0
8.078  101.0  0.0  0.0
8.098  41.0  0.0  0.0
8.118  57.0  0.0  0.0
8.137  74.0  0.0  0.0
8.137  74.0  0.0  0.0
8.157  94.0  0.0  0.0
8.178  115.0  0.0  0.0
8.208  525.0  0.0  1180.0
8.228  504.0  40.0  1580.0
8.228  504.0  0.0  1430.0
8.248  486.0  0.0  1430.0
8.268  548.0  140.0  1930.0
8.288  530.0  10.0  1690.0
8.288  530.0  0.0  1560.0
8.308  510.0  350.0  780.0
8.328  491.0  350.0  780.0
8.348  555.0  380.0  880.0
8.357  44.0  630.0  1030.0
8.369  535.0  350.0  620.0
8.397  77.0  370.0  800.0
8.417  97.0  370.0  800.0
8.438  119.0  0.0  0.0
8.458  54.0  0.0  0.0
8.458  54.0  0.0  0.0
8.477  73.0  0.0  0.0
8.498  91.0  0.0  0.0
8.518  113.0  0.0  0.0
8.518  113.0  0.0  0.0
8.538  50.0  0.0  0.0
8.568  508.0  0.0  0.0
8.588  490.0  0.0  0.0
8.608  551.0  0.0  0.0
8.608  551.0  100.0  1450.0
8.629  534.0  1170.0  3590.0
8.648  513.0  1170.0  3590.0
8.668  494.0  400.0  1840.0
8.688  557.0  140.0  520.0
8.688  557.0  960.0  2690.0
8.709  538.0  240.0  1270.0
8.728  520.0  240.0  1270.0
8.748  499.0  370.0  2090.0
8.768  479.0  230.0  340.0
8.768  479.0  160.0  420.0
8.798  53.0  210.0  890.0
8.817  70.0  210.0  890.0
8.838  89.0  0.0  0.0
8.838  89.0  0.0  0.0
8.858  111.0  0.0  0.0
8.878  51.0  0.0  0.0
8.898  66.0  0.0  120.0
8.918  87.0  0.0  40.0
8.918  87.0  0.0  0.0
8.938  107.0  0.0  0.0
8.958  48.0  0.0  0.0
8.988  509.0  0.0  500.0
9.008  490.0  0.0  50.0
9.008  490.0  10.0  1100.0
9.029  550.0  0.0  870.0
9.049  532.0  0.0  870.0
9.068  514.0  0.0  410.0
9.088  493.0  0.0  360.0
9.088  493.0  190.0  1200.0
9.108  474.0  190.0  1200.0
9.128  535.0  300.0  1270.0
9.158  72.0  210.0  1330.0
9.158  72.0  240.0  1370.0
9.178  90.0  0.0  80.0
9.198  111.0  0.0  0.0
9.218  52.0  0.0  0.0
9.238  70.0  0.0  0.0
9.238  70.0  0.0  0.0
9.257  85.0  0.0  150.0
9.288  538.0  0.0  90.0
9.309  520.0  0.0  90.0
9.328  500.0  0.0  0.0
9.328  500.0  70.0  880.0
9.348  482.0  0.0  510.0
9.369  536.0  0.0  510.0
9.389  521.0  0.0  470.0
9.408  501.0  0.0  390.0
9.408  501.0  0.0  280.0
9.428  482.0  770.0  1470.0
9.448  463.0  760.0  1640.0
9.468  520.0  760.0  1640.0
9.498  74.0  380.0  1760.0
9.498  74.0  370.0  1640.0
9.518  92.0  430.0  1650.0
9.538  110.0  430.0  1650.0
9.559  54.0  170.0  10.0
9.578  61.0  370.0  120.0
9.578  61.0  0.0  270.0
9.597  77.0  0.0  0.0
9.617  91.0  0.0  0.0
9.638  107.0  230.0  130.0
9.658  45.0  0.0  0.0
9.658  45.0  0.0  0.0
9.677  59.0  0.0  0.0
9.698  76.0  0.0  0.0
9.717  95.0  0.0  0.0
9.738  115.0  0.0  0.0
9.738  115.0  0.0  0.0
9.768  453.0  0.0  0.0
9.788  432.0  0.0  0.0
9.807  412.0  0.0  0.0
9.807  412.0  390.0  1610.0
9.829  474.0  480.0  1540.0
9.848  454.0  170.0  1550.0
9.868  445.0  170.0  1550.0
9.887  428.0  540.0  1640.0
9.887  428.0  380.0  1660.0
9.909  489.0  80.0  330.0
9.937  58.0  150.0  150.0
9.958  79.0  150.0  150.0
9.958  79.0  0.0  200.0
9.977  97.0  0.0  280.0
9.998  130.0  0.0  370.0
10.018  15.0  0.0  370.0
10.04  0.0  0.0  0.0
10.04  0.0  0.0  0.0
10.06  8.0  0.0  0.0
10.082  70.0  0.0  0.0
10.105  211.0  0.0  0.0
10.105  211.0  0.0  0.0
10.128  456.0  0.0  0.0
10.149  554.0  0.0  0.0
10.171  571.0  0.0  0.0
10.191  574.0  0.0  0.0
10.191  574.0  0.0  0.0
10.213  500.0  640.0  1530.0
10.236  277.0  310.0  1480.0
10.258  57.0  0.0  280.0
10.278  3.0  120.0  1440.0
10.278  3.0  210.0  1370.0
10.301  24.0  380.0  1530.0
10.323  112.0  260.0  1480.0
10.346  357.0  220.0  30.0
10.346  357.0  220.0  30.0
10.358  162.0  350.0  110.0
10.38  23.0  0.0  230.0
10.401  40.0  0.0  220.0
10.401  40.0  0.0  220.0
10.425  161.0  220.0  0.0
10.447  414.0  400.0  110.0
10.469  537.0  0.0  0.0
10.49  564.0  0.0  0.0
10.49  564.0  0.0  0.0
10.511  582.0  0.0  0.0
10.531  581.0  0.0  580.0
10.553  509.0  0.0  530.0
10.576  278.0  0.0  440.0
10.576  278.0  0.0  440.0
10.598  48.0  0.0  320.0
10.618  0.0  0.0  280.0
10.64  0.0  960.0  1460.0
10.661  26.0  960.0  1460.0
10.661  26.0  740.0  1580.0
10.673  527.0  410.0  1420.0
10.696  319.0  340.0  1380.0
10.718  81.0  220.0  1360.0
10.738  0.0  220.0  1360.0
10.738  0.0  110.0  1200.0
10.76  0.0  0.0  0.0
10.78  8.0  0.0  0.0
10.802  56.0  1450.0  10230.0
10.802  56.0  1450.0  10230.0
10.825  193.0  1380.0  10230.0
10.848  450.0  1500.0  10230.0
10.869  570.0  1550.0  10230.0
10.891  593.0  1520.0  10230.0
10.891  593.0  1520.0  10230.0
10.912  592.0  1520.0  10230.0
10.935  406.0  470.0  10230.0
10.958  159.0  360.0  10230.0
10.97  568.0  390.0  10230.0
10.97  568.0  390.0  10230.0
11.001  47.0  310.0  10230.0
11.013  553.0  350.0  10230.0
11.036  337.0  450.0  10230.0
11.059  100.0  450.0  10230.0
11.059  100.0  1600.0  10230.0
11.08  24.0  1630.0  10230.0
11.104  115.0  1720.0  10230.0
11.126  357.0  1860.0  10230.0
11.126  357.0  1860.0  10230.0
11.138  176.0  1680.0  10230.0
11.171  618.0  1570.0  10230.0
11.182  53.0  1460.0  10230.0
11.204  182.0  570.0  10230.0
11.215  431.0  570.0  10230.0
11.228  431.0  690.0  10230.0
11.25  598.0  530.0  10230.0
11.272  603.0  700.0  10230.0
11.294  502.0  700.0  10230.0
11.294  502.0  430.0  10230.0
11.305  244.0  550.0  10230.0
11.338  63.0  590.0  10230.0
11.35  585.0  800.0  10230.0
11.372  601.0  800.0  10230.0
11.372  601.0  510.0  10230.0
11.395  445.0  650.0  10230.0
11.417  211.0  480.0  10230.0
11.44  43.0  510.0  10230.0
11.461  40.0  510.0  10230.0
11.461  40.0  600.0  10230.0
11.472  581.0  550.0  10230.0
11.507  396.0  550.0  10230.0
11.518  144.0  1680.0  10230.0
11.54  34.0  1680.0  10230.0
11.54  34.0  1550.0  10230.0
11.563  92.0  1560.0  10230.0
11.585  218.0  1530.0  10230.0
11.608  464.0  1640.0  10230.0
11.63  577.0  1640.0  10230.0
11.63  577.0  1550.0  10230.0
11.64  34.0  1540.0  10230.0
11.662  81.0  540.0  10230.0
11.684  207.0  500.0  10230.0
11.708  454.0  500.0  10230.0
11.708  454.0  540.0  10230.0
11.73  604.0  460.0  10230.0
11.752  601.0  520.0  10230.0
11.776  417.0  520.0  10230.0
11.787  384.0  610.0  10230.0
11.787  384.0  360.0  10230.0
11.809  586.0  300.0  10230.0
11.832  620.0  420.0  10230.0
11.853  560.0  420.0  10230.0
11.853  560.0  1110.0  10230.0
11.876  347.0  1070.0  10230.0
11.899  124.0  990.0  10230.0
11.921  58.0  760.0  10230.0
11.943  152.0  760.0  10230.0
11.943  152.0  340.0  10230.0
11.956  440.0  320.0  10230.0
11.978  198.0  1230.0  10230.0
12.0  61.0  1320.0  10230.0
12.022  98.0  1320.0  10230.0
12.022  98.0  1450.0  10230.0
12.045  221.0  1290.0  10230.0
12.067  468.0  1590.0  10230.0
12.091  630.0  1330.0  10230.0
12.112  636.0  1330.0  10230.0
12.112  636.0  1340.0  10230.0
12.124  159.0  340.0  10230.0
12.146  395.0  550.0  10230.0
12.17  605.0  400.0  10230.0
12.191  648.0  400.0  10230.0
12.191  648.0  440.0  10230.0
12.214  535.0  330.0  10230.0
12.237  297.0  390.0  10230.0
12.26  105.0  300.0  10230.0
12.26  105.0  300.0  10230.0
12.271  651.0  360.0  10230.0
12.295  532.0  1050.0  10230.0
12.317  294.0  1010.0  10230.0
12.34  108.0  950.0  10230.0
12.34  108.0  950.0  10230.0
12.363  121.0  710.0  10230.0
12.386  326.0  570.0  10230.0
12.397  291.0  990.0  10230.0
12.421  109.0  1230.0  10230.0
12.421  109.0  1230.0  10230.0
12.443  129.0  1310.0  10230.0
12.466  335.0  1190.0  10230.0
12.489  578.0  1390.0  10230.0
12.489  578.0  1390.0  10230.0
12.512  657.0  1320.0  10230.0
12.534  523.0  540.0  10230.0
12.546  347.0  410.0  10230.0
12.569  584.0  570.0  10230.0
12.569  584.0  570.0  10230.0
12.592  659.0  370.0  10230.0
12.614  519.0  320.0  10230.0
12.638  280.0  490.0  10230.0
12.66  105.0  320.0  10230.0
12.66  105.0  320.0  10230.0
12.672  661.0  380.0  10230.0
12.695  515.0  310.0  10230.0
12.718  274.0  1000.0  10230.0
12.74  105.0  930.0  10230.0
12.74  105.0  930.0  10230.0
12.764  157.0  740.0  10230.0
12.786  375.0  460.0  10230.0
12.809  601.0  1130.0  10230.0
12.821  105.0  380.0  10230.0
12.821  105.0  380.0  10230.0
12.844  163.0  1160.0  10230.0
12.866  382.0  1330.0  10230.0
12.89  605.0  1250.0  10230.0
12.901  103.0  1310.0  10230.0
12.901  103.0  1310.0  10230.0
12.923  166.0  1360.0  10230.0
12.946  390.0  1370.0  10230.0
12.969  609.0  1330.0  10230.0
12.969  609.0  1300.0  10230.0
12.992  659.0  1300.0  10230.0
13.015  491.0  610.0  10230.0
13.038  250.0  1100.0  10230.0
13.06  99.0  460.0  10230.0
13.06  99.0  330.0  10230.0
13.082  113.0  330.0  10230.0
13.094  562.0  500.0  10230.0
13.117  326.0  380.0  10230.0
13.139  130.0  1230.0  10230.0
13.139  130.0  1230.0  10230.0
13.163  118.0  1170.0  10230.0
13.186  315.0  1080.0  10230.0
13.197  322.0  1020.0  10230.0
13.22  126.0  1040.0  10230.0
13.22  126.0  1040.0  10230.0
13.243  123.0  840.0  10230.0
13.265  322.0  910.0  10230.0
13.289  564.0  430.0  10230.0
13.312  665.0  820.0  10230.0
13.312  665.0  820.0  10230.0
13.323  128.0  1260.0  10230.0
13.345  330.0  1290.0  10230.0
13.369  570.0  1270.0  10230.0
13.369  570.0  1270.0  10230.0
13.391  666.0  320.0  10230.0
13.414  544.0  1310.0  10230.0
13.437  305.0  510.0  10230.0
13.449  579.0  370.0  10230.0
13.449  579.0  370.0  10230.0
13.471  667.0  470.0  10230.0
13.495  538.0  380.0  10230.0
13.517  298.0  460.0  10230.0
13.54  120.0  300.0  10230.0
13.54  120.0  300.0  10230.0
13.563  146.0  1210.0  10230.0
13.586  353.0  1130.0  10230.0
13.608  590.0  1250.0  10230.0
13.608  590.0  1250.0  10230.0
13.632  667.0  1230.0  10230.0
13.643  152.0  1430.0  10230.0
13.666  360.0  1510.0  10230.0
13.689  595.0  1960.0  10230.0
13.689  595.0  1960.0  10230.0
13.712  664.0  2160.0  10230.0
13.734  519.0  4090.0  10230.0
13.758  282.0  6800.0  10230.0
13.769  599.0  7880.0  10230.0
13.769  599.0  7880.0  10230.0
13.792  665.0  8190.0  10230.0
13.814  516.0  8330.0  10230.0
13.838  276.0  8330.0  10230.0
13.86  109.0  8480.0  10230.0
13.884  166.0  8640.0  10230.0
13.906  387.0  8860.0  10230.0
13.906  387.0  8860.0  10230.0
13.929  609.0  6140.0  10230.0
13.953  663.0  3300.0  10230.0
13.975  502.0  3160.0  10230.0
13.986  396.0  2510.0  10230.0
13.986  396.0  2510.0  10230.0
14.009  614.0  2260.0  10230.0
14.032  664.0  1900.0  10230.0
14.055  496.0  1380.0  10230.0
14.077  254.0  780.0  10230.0
14.077  254.0  780.0  10230.0
14.101  106.0  660.0  10230.0
14.112  659.0  550.0  10230.0
14.135  485.0  650.0  10230.0
14.135  485.0  650.0  10230.0
14.158  245.0  680.0  10230.0
14.181  106.0  430.0  10230.0
14.203  195.0  460.0  10230.0
14.227  427.0  360.0  10230.0
14.227  427.0  360.0  10230.0
14.249  634.0  1150.0  10230.0
14.26  95.0  1210.0  10230.0
14.283  114.0  1190.0  10230.0
14.306  312.0  1180.0  10230.0
14.306  312.0  1180.0  10230.0
14.328  558.0  1460.0  10230.0
14.352  658.0  1460.0  10230.0
14.374  540.0  3640.0  10230.0
14.397  296.0  4930.0  10230.0
14.397  296.0  4930.0  10230.0
14.408  575.0  5130.0  10230.0
14.431  664.0  5770.0  10230.0
14.452  680.0  5980.0  10230.0
14.475  482.0  5830.0  10230.0
14.475  482.0  5830.0  10230.0
14.498  181.0  6150.0  10230.0
14.52  11.0  6290.0  10230.0
14.541  34.0  7140.0  10230.0
14.541  34.0  7350.0  8210.0
14.565  170.0  6970.0  7740.0
14.576  362.0  4100.0  5660.0
14.598  82.0  3140.0  4340.0
14.619  0.0  2540.0  3380.0
14.64  0.0  3310.0  3570.0
14.64  0.0  3310.0  3570.0
14.671  625.0  3070.0  3610.0
14.683  31.0  2840.0  3450.0
14.705  174.0  2430.0  3340.0
14.705  174.0  2260.0  1740.0
14.728  454.0  2260.0  1740.0
14.75  589.0  2550.0  2030.0
14.771  618.0  730.0  940.0
14.791  635.0  860.0  650.0
14.791  635.0  860.0  650.0
14.812  632.0  1240.0  700.0
14.834  532.0  240.0  200.0
14.857  257.0  60.0  730.0
14.878  14.0  0.0  0.0
14.878  14.0  0.0  0.0
14.9  0.0  0.0  0.0
14.92  0.0  0.0  290.0
14.942  32.0  220.0  1340.0
14.954  562.0  0.0  0.0
14.954  562.0  0.0  0.0
14.977  302.0  0.0  450.0
14.998  41.0  360.0  1570.0
15.02  0.0  1010.0  2350.0
15.04  0.0  260.0  1400.0
15.04  0.0  260.0  1400.0
15.06  3.0  1730.0  2390.0
15.083  60.0  2250.0  2140.0
15.106  216.0  670.0  1910.0
15.128  504.0  1850.0  2600.0
15.128  504.0  1850.0  2600.0
15.151  622.0  2630.0  1460.0
15.171  646.0  1110.0  0.0
15.192  651.0  2680.0  1310.0
15.192  651.0  920.0  120.0
15.213  571.0  920.0  120.0
15.237  307.0  2700.0  1070.0
15.248  473.0  810.0  50.0
15.269  613.0  10.0  330.0
15.269  613.0  10.0  330.0
15.3  0.0  990.0  100.0
15.321  3.0  10.0  460.0
15.342  62.0  380.0  1830.0
15.342  62.0  0.0  280.0
15.366  220.0  0.0  280.0
15.388  514.0  200.0  1580.0
15.398  15.0  1330.0  3080.0
15.398  15.0  2590.0  2870.0
15.42  0.0  660.0  2260.0
15.452  659.0  660.0  2260.0
15.473  576.0  2410.0  3060.0
15.485  186.0  460.0  2060.0
15.497  310.0  880.0  0.0
15.508  479.0  880.0  0.0
15.529  618.0  3030.0  1590.0
15.551  648.0  1680.0  0.0
15.571  661.0  0.0  0.0
15.571  661.0  2030.0  100.0
15.592  655.0  2030.0  100.0
15.614  549.0  130.0  590.0
15.637  266.0  990.0  0.0
15.659  18.0  40.0  330.0
15.659  18.0  210.0  1950.0
15.679  0.0  210.0  1950.0
15.7  0.0  0.0  30.0
15.722  36.0  180.0  1640.0
15.722  36.0  0.0  0.0
15.745  186.0  430.0  2070.0
15.768  479.0  430.0  2070.0
15.778  44.0  1440.0  3850.0
15.799  0.0  230.0  1670.0
15.82  0.0  1130.0  3250.0
15.82  0.0  1130.0  3250.0
15.841  4.0  920.0  3070.0
15.862  63.0  2510.0  3820.0
15.886  223.0  530.0  2420.0
15.908  513.0  810.0  0.0
15.908  513.0  810.0  0.0
15.93  631.0  3220.0  1230.0
15.951  656.0  0.0  0.0
15.972  659.0  0.0  0.0
15.993  576.0  0.0  0.0
15.993  576.0  0.0  0.0
16.017  310.0  0.0  0.0
16.038  43.0  0.0  820.0
16.059  0.0  470.0  2530.0
16.059  0.0  470.0  2530.0
16.08  0.0  40.0  190.0
16.101  4.0  810.0  2640.0
16.122  65.0  410.0  1110.0
16.145  222.0  1470.0  3880.0
16.145  222.0  1470.0  3880.0
16.157  268.0  680.0  2120.0
16.179  17.0  2580.0  3610.0
16.199  0.0  1210.0  3430.0
16.221  0.0  3050.0  2220.0
16.221  0.0  3050.0  2220.0
16.242  35.0  2170.0  3480.0
16.265  187.0  2970.0  1300.0
16.288  480.0  2880.0  2500.0
16.299  43.0  1310.0  3290.0
16.33  649.0  2810.0  1610.0
16.33  649.0  2810.0  1610.0
16.352  662.0  830.0  0.0
16.372  658.0  2620.0  1230.0
16.394  551.0  630.0  0.0
16.405  223.0  630.0  0.0
16.405  223.0  270.0  630.0
16.429  515.0  810.0  0.0
16.459  0.0  160.0  740.0
16.481  0.0  680.0  2100.0
16.492  656.0  680.0  2100.0
16.492  656.0  210.0  600.0
16.514  571.0  680.0  1960.0
16.536  303.0  250.0  830.0
16.559  39.0  740.0  2070.0
16.559  39.0  740.0  2070.0
16.579  0.0  250.0  580.0
16.6  0.0  2330.0  1100.0
16.621  6.0  2050.0  2440.0
16.643  66.0  2240.0  750.0
16.643  66.0  2240.0  750.0
16.665  225.0  1950.0  2570.0
16.689  514.0  2330.0  1060.0
16.71  628.0  2180.0  2480.0
16.731  651.0  2180.0  2480.0
16.731  651.0  220.0  640.0
16.752  651.0  710.0  0.0
16.762  37.0  190.0  780.0
16.796  301.0  510.0  0.0
16.807  474.0  510.0  0.0
16.807  474.0  190.0  610.0
16.83  606.0  680.0  0.0
16.85  631.0  150.0  850.0
16.871  644.0  570.0  0.0
16.892  635.0  570.0  0.0
16.892  635.0  210.0  610.0
16.914  528.0  570.0  1890.0
16.936  252.0  1900.0  2660.0
16.959  14.0  1900.0  2660.0
16.979  0.0  380.0  1570.0
16.979  0.0  1670.0  2650.0
17.0  0.0  180.0  1310.0
17.022  37.0  1510.0  50.0
17.045  184.0  2530.0  1760.0
17.045  184.0  2530.0  1760.0
17.056  291.0  1010.0  0.0
17.079  38.0  2510.0  1100.0
17.099  0.0  590.0  0.0
17.12  0.0  590.0  0.0
17.12  0.0  210.0  620.0
17.14  5.0  750.0  0.0
17.163  64.0  210.0  810.0
17.185  217.0  2280.0  2560.0
17.208  489.0  600.0  0.0
17.208  489.0  230.0  620.0
17.23  596.0  660.0  1930.0
17.251  616.0  220.0  810.0
17.271  617.0  750.0  2110.0
17.294  536.0  750.0  2110.0
17.294  536.0  2120.0  2760.0
17.316  283.0  630.0  1930.0
17.338  33.0  2250.0  2590.0
17.359  0.0  2250.0  2590.0
17.38  0.0  770.0  2090.0
17.38  0.0  2110.0  2710.0
17.4  6.0  600.0  1920.0
17.423  63.0  2220.0  2580.0
17.434  509.0  2220.0  2580.0
17.457  242.0  2380.0  870.0
17.457  242.0  2100.0  2730.0
17.479  10.0  2470.0  1150.0
17.5  0.0  650.0  0.0
17.52  0.0  650.0  0.0
17.542  35.0  2410.0  890.0
17.542  35.0  790.0  0.0
17.565  178.0  2460.0  1170.0
17.588  450.0  630.0  0.0
17.609  579.0  630.0  0.0
17.619  604.0  270.0  590.0
17.631  604.0  630.0  1890.0
17.651  616.0  220.0  790.0
17.672  609.0  750.0  2090.0
17.694  507.0  750.0  2090.0
17.694  507.0  250.0  570.0
17.717  242.0  590.0  1910.0
17.738  11.0  220.0  770.0
17.76  0.0  750.0  2070.0
17.76  0.0  750.0  2070.0
17.78  0.0  260.0  550.0
17.802  34.0  600.0  1870.0
17.825  178.0  230.0  780.0
17.848  450.0  2390.0  900.0
17.848  450.0  2390.0  900.0
17.858  34.0  2040.0  2710.0
17.88  0.0  2460.0  1210.0
17.911  615.0  2170.0  2600.0
17.932  608.0  2390.0  920.0
17.932  608.0  2390.0  920.0
17.954  506.0  850.0  10.0
17.966  211.0  230.0  760.0
17.988  482.0  690.0  0.0
17.988  482.0  690.0  0.0
18.02  0.0  280.0  560.0
18.04  0.0  840.0  0.0
18.052  612.0  270.0  760.0
18.073  531.0  710.0  0.0
18.073  531.0  710.0  0.0
18.097  281.0  270.0  550.0
18.118  33.0  610.0  1860.0
18.139  0.0  230.0  750.0
18.16  0.0  730.0  2040.0
18.16  0.0  730.0  2040.0
18.181  5.0  2020.0  2740.0
18.202  62.0  2440.0  1210.0
18.226  213.0  2170.0  2600.0
18.248  482.0  2170.0  2600.0
18.248  482.0  2370.0  940.0
18.27  590.0  840.0  0.0
18.291  611.0  2430.0  1220.0
18.3  0.0  700.0  0.0
18.3  0.0  700.0  0.0
18.333  532.0  300.0  560.0
18.357  280.0  860.0  10.0
18.378  33.0  260.0  730.0
18.378  33.0  260.0  730.0
18.399  0.0  700.0  0.0
18.42  0.0  270.0  540.0
18.441  5.0  570.0  1810.0
18.441  5.0  570.0  1810.0
18.462  62.0  2120.0  2600.0
18.486  211.0  2390.0  940.0
18.497  240.0  2010.0  2710.0
18.53  589.0  840.0  0.0
18.53  589.0  2410.0  1210.0
18.551  609.0  740.0  0.0
18.572  611.0  2380.0  950.0
18.593  530.0  860.0  0.0
18.593  530.0  860.0  0.0
18.617  279.0  2410.0  1210.0
18.638  33.0  720.0  2030.0
18.659  0.0  310.0  560.0
18.68  0.0  310.0  560.0
18.68  0.0  580.0  1810.0
18.701  5.0  2110.0  2590.0
18.722  63.0  710.0  2040.0
18.746  211.0  2010.0  2730.0
18.757  238.0  2010.0  2730.0
18.757  238.0  570.0  1820.0
18.778  9.0  2130.0  2640.0
18.798  0.0  2390.0  950.0
18.82  0.0  860.0  0.0
18.82  0.0  860.0  0.0
18.851  612.0  2440.0  1230.0
18.862  17.0  730.0  0.0
18.885  158.0  2390.0  960.0
18.908  431.0  870.0  0.0
18.908  431.0  870.0  0.0
18.929  564.0  2430.0  1250.0
18.951  595.0  720.0  0.0
18.971  611.0  280.0  510.0
18.992  609.0  570.0  1830.0
18.992  609.0  570.0  1830.0
19.014  517.0  260.0  730.0
19.037  259.0  700.0  2020.0
19.058  21.0  310.0  530.0
19.08  0.0  310.0  530.0
19.08  0.0  560.0  1800.0
19.1  0.0  2120.0  2620.0
19.122  18.0  2370.0  960.0
19.145  159.0  2370.0  960.0
19.156  304.0  890.0  30.0
19.156  304.0  2410.0  1240.0
19.178  46.0  730.0  0.0
19.198  0.0  2380.0  960.0
19.22  0.0  2380.0  960.0
19.22  0.0  880.0  0.0
19.252  607.0  270.0  720.0
19.273  515.0  730.0  0.0
19.297  258.0  290.0  530.0
19.297  258.0  290.0  530.0
19.318  20.0  570.0  1820.0
19.339  0.0  250.0  700.0
19.36  0.0  700.0  2030.0
19.382  21.0  300.0  940.0
19.382  21.0  300.0  940.0
19.404  160.0  860.0  2220.0
19.417  302.0  2150.0  2680.0
19.438  44.0  700.0  2070.0
19.47  593.0  2310.0  2480.0
19.47  593.0  2310.0  2480.0
19.48  0.0  870.0  2240.0
19.501  0.0  2160.0  2700.0
19.522  51.0  2430.0  1000.0
19.546  196.0  630.0  0.0
19.546  196.0  630.0  0.0
19.568  466.0  2340.0  790.0
19.59  580.0  780.0  0.0
19.611  604.0  2450.0  1020.0
19.632  610.0  610.0  0.0
19.632  610.0  610.0  0.0
19.653  539.0  2330.0  790.0
19.677  301.0  720.0  2050.0
19.698  45.0  300.0  950.0
19.719  0.0  870.0  2240.0
19.719  0.0  870.0  2240.0
19.739  0.0  310.0  720.0
19.761  0.0  730.0  2050.0
19.782  50.0  310.0  950.0
19.805  195.0  850.0  2250.0
19.805  195.0  850.0  2250.0
19.817  257.0  300.0  710.0
19.838  22.0  720.0  2060.0
19.859  0.0  310.0  950.0
19.859  0.0  2380.0  810.0
19.88  0.0  2380.0  810.0
19.902  20.0  2200.0  2770.0
19.924  159.0  2480.0  1050.0
19.948  432.0  2340.0  2580.0
19.948  432.0  2410.0  830.0
19.97  565.0  2410.0  830.0
19.99  592.0  2230.0  2800.0
20.012  609.0  2540.0  1050.0
20.032  605.0  640.0  0.0
20.032  605.0  640.0  0.0
20.054  514.0  10230.0  4560.0
20.077  255.0  10230.0  7060.0
20.099  20.0  10230.0  7060.0
20.099  20.0  10230.0  10230.0
20.119  0.0  10230.0  10230.0
20.141  0.0  10230.0  8580.0
20.162  21.0  10230.0  9390.0
20.185  160.0  10230.0  9390.0
20.185  160.0  10230.0  9720.0
20.196  300.0  10230.0  8440.0
20.218  44.0  10230.0  8140.0
20.239  0.0  10230.0  10230.0
20.259  0.0  10230.0  10230.0
20.259  0.0  10230.0  10230.0
20.292  598.0  10230.0  10000.0
20.302  57.0  10230.0  9310.0
20.325  203.0  10230.0  8900.0
20.348  471.0  10230.0  8900.0
20.348  471.0  10230.0  8230.0
20.37  585.0  10230.0  8010.0
20.39  602.0  10230.0  8040.0
20.412  612.0  10230.0  8690.0
20.422  23.0  10230.0  8690.0
20.433  535.0  10230.0  9080.0
20.456  286.0  10230.0  9470.0
20.478  52.0  10230.0  9850.0
20.499  0.0  10230.0  9850.0
20.519  0.0  10230.0  10230.0
20.519  0.0  10230.0  10230.0
20.541  0.0  10230.0  10230.0
20.562  54.0  10230.0  10230.0
20.574  512.0  10230.0  10230.0
20.574  512.0  10230.0  9900.0
20.596  253.0  10230.0  9570.0
20.619  18.0  10230.0  9250.0
20.639  0.0  10230.0  8850.0
20.66  0.0  10230.0  8850.0
20.66  0.0  10230.0  8160.0
20.682  23.0  10230.0  7870.0
20.705  161.0  10230.0  8010.0
20.727  431.0  10230.0  10230.0
20.75  562.0  10230.0  10230.0
20.75  562.0  10230.0  9910.0
20.77  587.0  10230.0  9610.0
20.791  602.0  10230.0  9290.0
20.812  597.0  10230.0  8880.0
20.834  506.0  10230.0  8880.0
20.834  506.0  10230.0  8250.0
20.856  249.0  10230.0  8000.0
20.879  15.0  10230.0  8070.0
20.89  577.0  10230.0  8660.0
20.911  600.0  10230.0  8660.0
20.911  600.0  10230.0  9030.0
20.942  20.0  10230.0  9330.0
20.954  537.0  10230.0  8960.0
20.976  297.0  10230.0  8960.0
20.976  297.0  10230.0  10180.0
20.998  42.0  10230.0  10230.0
21.019  0.0  10230.0  10230.0
21.04  0.0  10230.0  10230.0
21.06  0.0  10230.0  10230.0
21.072  602.0  10230.0  9960.0
21.083  46.0  10230.0  9680.0
21.105  191.0  10230.0  9360.0
21.128  459.0  10230.0  8970.0
21.15  575.0  10230.0  8970.0
21.15  575.0  10230.0  8290.0
21.171  600.0  10230.0  8000.0
21.191  606.0  10230.0  8080.0
21.214  535.0  10230.0  8670.0
21.225  156.0  10230.0  8670.0
21.225  156.0  10230.0  9030.0
21.248  426.0  10230.0  9410.0
21.279  0.0  10230.0  9770.0
21.3  0.0  10230.0  10190.0
21.32  0.0  10230.0  10230.0
21.331  602.0  10230.0  10230.0
21.331  602.0  10230.0  10230.0
21.354  510.0  10230.0  10230.0
21.377  254.0  10230.0  9990.0
21.398  18.0  10230.0  9690.0
21.42  0.0  10230.0  9690.0
21.42  0.0  10230.0  9370.0
21.44  0.0  10230.0  9010.0
21.462  18.0  10230.0  8330.0
21.485  157.0  10230.0  8030.0
21.508  425.0  10230.0  8030.0
21.508  425.0  10230.0  10230.0
21.529  558.0  10230.0  10230.0
21.539  0.0  10230.0  9990.0
21.571  604.0  10230.0  9410.0
21.592  601.0  10230.0  9410.0
21.592  601.0  10230.0  9370.0
21.614  509.0  10230.0  10180.0
21.625  192.0  10230.0  8360.0
21.648  460.0  10230.0  8030.0
21.669  574.0  10230.0  8030.0
21.669  574.0  10230.0  8100.0
21.7  0.0  10230.0  8680.0
21.722  20.0  10230.0  9540.0
21.733  531.0  10230.0  9540.0
21.733  531.0  10230.0  9910.0
21.756  296.0  10230.0  10230.0
21.778  42.0  10230.0  10230.0
21.798  0.0  10230.0  10230.0
21.82  0.0  10230.0  10230.0
21.82  0.0  10230.0  10230.0
21.84  0.0  10230.0  9900.0
21.862  48.0  10230.0  9590.0
21.885  194.0  10230.0  9260.0
21.885  462.0  10230.0  9260.0
21.908  462.0  10230.0  8870.0
21.929  575.0  10230.0  8310.0
21.951  598.0  10230.0  8050.0
21.971  604.0  10230.0  8150.0
21.971  604.0  10230.0  8150.0
21.993  531.0  10230.0  8790.0
22.017  292.0  10230.0  9160.0
22.038  41.0  10230.0  9530.0
22.059  0.0  10230.0  9530.0
22.059  0.0  10230.0  9910.0
22.08  0.0  10230.0  10230.0
22.1  0.0  10230.0  10230.0
22.122  51.0  10230.0  8020.0
22.133  505.0  10230.0  8160.0
22.133  505.0  10230.0  8160.0
22.157  249.0  10230.0  8780.0
22.178  16.0  10230.0  9170.0
22.199  0.0  10230.0  9260.0
22.22  0.0  10230.0  9260.0
22.22  0.0  10230.0  8880.0
22.242  22.0  10230.0  8260.0
22.264  160.0  10230.0  10230.0
22.288  432.0  10230.0  10230.0
22.309  564.0  10230.0  10230.0
22.309  564.0  10230.0  10230.0
22.33  590.0  10230.0  9900.0
22.351  605.0  10230.0  9580.0
22.372  600.0  10230.0  9260.0
22.382  51.0  10230.0  9260.0
22.382  51.0  10230.0  8870.0
22.406  197.0  10230.0  8270.0
22.428  465.0  10230.0  8050.0
22.45  577.0  10230.0  8050.0
22.471  600.0  10230.0  8140.0
22.471  600.0  10230.0  8780.0
22.492  604.0  10230.0  9170.0
22.513  530.0  10230.0  9540.0
22.537  288.0  10230.0  9540.0
22.558  37.0  10230.0  9910.0
22.558  37.0  10230.0  10230.0
22.579  0.0  10230.0  10230.0
22.599  0.0  10230.0  10230.0
22.621  0.0  10230.0  10230.0
22.642  53.0  10230.0  10230.0
22.642  53.0  10230.0  9920.0
22.665  199.0  10230.0  9590.0
22.688  467.0  10230.0  9590.0
22.699  12.0  10230.0  9270.0
22.699  12.0  10230.0  8870.0
22.719  0.0  10230.0  8290.0
22.74  0.0  10230.0  8020.0
22.762  27.0  10230.0  8020.0
22.785  168.0  10230.0  8160.0
22.785  168.0  10230.0  8810.0
22.808  435.0  10230.0  9170.0
22.83  565.0  10230.0  9170.0
22.85  591.0  10230.0  9260.0
22.872  605.0  10230.0  8860.0
22.872  605.0  10230.0  10230.0
22.892  600.0  10230.0  10230.0
22.914  500.0  10230.0  10230.0
22.937  242.0  10230.0  10230.0
22.959  11.0  10230.0  10230.0
22.959  11.0  10230.0  9880.0
22.979  0.0  10230.0  9880.0
23.0  0.0  10230.0  9590.0
23.022  28.0  10230.0  9250.0
23.033  525.0  10230.0  8850.0
23.033  525.0  10230.0  8270.0
23.056  281.0  10230.0  8020.0
23.09  567.0  10230.0  8020.0
23.099  0.0  10230.0  8200.0
23.099  0.0  10230.0  8830.0
23.119  0.0  10230.0  9190.0
23.141  2.0  10230.0  9190.0
23.162  60.0  10230.0  9550.0
23.185  205.0  10230.0  9950.0
23.185  205.0  10230.0  10230.0
23.208  473.0  10230.0  10230.0
23.23  579.0  10230.0  10230.0
23.25  600.0  10230.0  10230.0
23.272  601.0  10230.0  10230.0
23.272  601.0  10230.0  9910.0
23.293  522.0  10230.0  9570.0
23.316  276.0  10230.0  9570.0
23.339  31.0  10230.0  9270.0
23.339  31.0  10230.0  8860.0
23.359  0.0  10230.0  8290.0
23.379  0.0  10230.0  8290.0
23.4  4.0  10230.0  8060.0
23.4  4.0  10230.0  10230.0
23.422  60.0  10230.0  10230.0
23.445  207.0  10230.0  9910.0
23.469  475.0  10230.0  9580.0
23.489  535.0  10230.0  9580.0
23.489  535.0  10230.0  9950.0
23.51  573.0  10230.0  8850.0
23.53  596.0  10230.0  8300.0
23.552  604.0  10230.0  8300.0
23.552  604.0  10230.0  8040.0
23.573  534.0  10230.0  8180.0
23.596  300.0  10230.0  8840.0
23.596  300.0  10230.0  9210.0
23.629  560.0  10230.0  9600.0
23.65  590.0  10230.0  9600.0
23.671  631.0  10230.0  9960.0
23.681  0.0  10230.0  10230.0
23.702  61.0  10230.0  10230.0
23.702  61.0  10230.0  10230.0
23.725  220.0  10230.0  10230.0
23.748  511.0  10230.0  10230.0
23.77  642.0  10230.0  9930.0
23.77  642.0  10230.0  9720.0
23.79  667.0  10230.0  9720.0
23.812  673.0  10230.0  9490.0
23.833  589.0  10230.0  8960.0
23.856  328.0  10230.0  8680.0
23.856  328.0  10230.0  8670.0
23.878  66.0  10230.0  8670.0
23.899  4.0  10230.0  8980.0
23.92  22.0  10230.0  9610.0
23.92  22.0  10230.0  9660.0
23.944  124.0  10230.0  9400.0
23.966  410.0  10230.0  9400.0
23.989  647.0  10230.0  8900.0
23.989  647.0  10230.0  8660.0
24.011  693.0  10230.0  8690.0
24.033  630.0  10230.0  9050.0
24.055  394.0  10230.0  9050.0
24.055  394.0  8320.0  8360.0
24.068  482.0  8850.0  9600.0
24.09  622.0  8010.0  9100.0
24.111  603.0  7080.0  8620.0
24.131  614.0  7080.0  8620.0
24.154  535.0  6210.0  7930.0
24.154  535.0  7270.0  5980.0
24.176  256.0  6970.0  6260.0
24.198  21.0  6970.0  6260.0
24.219  0.0  6590.0  6520.0
24.219  0.0  6050.0  6710.0
24.24  0.0  4760.0  3390.0
24.261  39.0  4930.0  3360.0
24.285  189.0  4930.0  3360.0
24.285  189.0  5110.0  3570.0
24.307  461.0  3080.0  4300.0
24.329  603.0  2820.0  3510.0
24.35  635.0  2770.0  2890.0
24.371  647.0  2770.0  2890.0
24.371  647.0  2900.0  2330.0
24.392  597.0  3030.0  2120.0
24.416  361.0  3330.0  2030.0
24.437  84.0  3330.0  2030.0
24.437  84.0  2290.0  3850.0
24.458  0.0  1910.0  3190.0
24.479  0.0  1790.0  2570.0
24.5  0.0  3570.0  3810.0
24.521  23.0  3050.0  3940.0
24.521  23.0  3050.0  3940.0
24.545  172.0  1680.0  3470.0
24.567  462.0  2980.0  1520.0
24.589  609.0  2980.0  1520.0
24.589  609.0  3430.0  2140.0
24.61  640.0  1130.0  1450.0
24.631  663.0  1290.0  860.0
24.651  661.0  1940.0  570.0
24.674  565.0  1940.0  570.0
24.674  565.0  1090.0  2830.0
24.685  207.0  750.0  1560.0
24.718  27.0  2390.0  3540.0
24.739  0.0  1510.0  3260.0
24.76  0.0  1510.0  3260.0
24.76  0.0  1120.0  2740.0
24.771  667.0  780.0  1620.0
24.793  595.0  2350.0  3410.0
24.816  336.0  1470.0  3090.0
24.838  56.0  1470.0  3090.0
24.838  56.0  770.0  1690.0
24.858  0.0  2380.0  3270.0
24.88  0.0  2300.0  780.0
24.9  0.0  2300.0  780.0
24.922  54.0  2970.0  2070.0
24.922  54.0  1330.0  280.0
24.945  211.0  2160.0  660.0
24.968  507.0  2870.0  1870.0
24.989  636.0  1190.0  290.0
24.989  636.0  1190.0  290.0
25.011  662.0  810.0  1810.0
25.031  670.0  480.0  860.0
25.053  594.0  1060.0  270.0
25.053  594.0  1060.0  270.0
25.076  336.0  790.0  1830.0
25.098  56.0  400.0  870.0
25.118  0.0  910.0  240.0
25.14  0.0  500.0  1440.0
25.14  0.0  500.0  1440.0
25.16  0.0  2020.0  2790.0
25.182  57.0  1250.0  2740.0
25.205  215.0  510.0  1490.0
25.217  288.0  2030.0  2730.0
25.217  288.0  2030.0  2730.0
25.238  29.0  890.0  2090.0
25.259  0.0  2180.0  2580.0
25.28  0.0  2430.0  1130.0
25.302  25.0  2240.0  2410.0
25.302  25.0  2240.0  2410.0
25.324  178.0  2300.0  880.0
25.348  477.0  2110.0  2550.0
25.369  624.0  2380.0  1050.0
25.39  655.0  540.0  30.0
25.39  655.0  540.0  30.0
25.411  674.0  200.0  620.0
25.432  669.0  730.0  20.0
25.453  569.0  80.0  420.0
25.453  569.0  80.0  420.0
25.477  288.0  380.0  1440.0
25.498  27.0  50.0  290.0
25.519  0.0  270.0  1310.0
25.54  0.0  130.0  450.0
25.54  0.0  130.0  450.0
25.562  27.0  0.0  490.0
25.584  180.0  160.0  1220.0
25.608  478.0  0.0  0.0
25.618  56.0  0.0  0.0
25.618  56.0  40.0  420.0
25.638  0.0  0.0  0.0
25.659  0.0  1580.0  2080.0
25.68  0.0  1930.0  700.0
25.713  571.0  1500.0  190.0
25.713  571.0  1500.0  190.0
25.724  216.0  410.0  0.0
25.748  515.0  0.0  20.0
25.769  643.0  30.0  630.0
25.769  643.0  30.0  630.0
25.79  669.0  390.0  0.0
25.811  674.0  0.0  130.0
25.833  598.0  60.0  660.0
25.856  337.0  290.0  0.0
25.856  337.0  290.0  0.0
25.878  57.0  0.0  220.0
25.899  0.0  150.0  1140.0
25.919  0.0  1450.0  2190.0
25.919  0.0  1450.0  2190.0
25.94  0.0  0.0  620.0
25.962  59.0  470.0  1590.0
25.985  218.0  1510.0  2210.0
26.008  517.0  1950.0  1850.0
26.008  517.0  1950.0  1850.0
26.018  28.0  1980.0  640.0
26.05  670.0  700.0  0.0
26.072  676.0  2180.0  1190.0
26.093  600.0  2180.0  1190.0
26.093  600.0  1290.0  80.0
26.104  181.0  410.0  0.0
26.138  56.0  0.0  130.0
26.159  0.0  60.0  640.0
26.159  0.0  60.0  640.0
26.179  0.0  590.0  1590.0
26.201  0.0  0.0  180.0
26.212  673.0  120.0  1090.0
26.233  571.0  120.0  1090.0
26.233  571.0  1010.0  2140.0
26.256  289.0  10.0  580.0
26.278  27.0  480.0  1460.0
26.299  0.0  1440.0  2210.0
26.319  0.0  1440.0  2210.0
26.319  0.0  1940.0  1880.0
26.342  26.0  2010.0  640.0
26.364  180.0  1530.0  2180.0
26.387  480.0  1940.0  1850.0
26.409  629.0  1940.0  1850.0
26.409  629.0  1900.0  610.0
26.43  659.0  680.0  0.0
26.45  679.0  2120.0  1130.0
26.46  0.0  840.0  0.0
26.493  573.0  840.0  0.0
26.493  573.0  280.0  0.0
26.516  290.0  0.0  190.0
26.527  517.0  730.0  0.0
26.55  645.0  0.0  30.0
26.55  645.0  0.0  30.0
26.57  671.0  0.0  510.0
26.602  26.0  480.0  1510.0
26.625  180.0  1060.0  2070.0
26.625  180.0  1060.0  2070.0
26.647  480.0  40.0  590.0
26.657  59.0  2040.0  640.0
26.69  660.0  1510.0  2160.0
26.699  0.0  2080.0  1130.0
26.699  0.0  2080.0  1130.0
26.732  675.0  1510.0  190.0
26.754  574.0  2020.0  1690.0
26.765  217.0  1970.0  610.0
26.787  515.0  1080.0  0.0
26.787  515.0  1080.0  0.0
26.81  646.0  2130.0  1260.0
26.83  670.0  1640.0  290.0
26.851  678.0  410.0  0.0
26.851  678.0  410.0  0.0
26.873  601.0  20.0  0.0
26.896  340.0  60.0  600.0
26.917  59.0  370.0  0.0
26.939  0.0  0.0  40.0
26.939  0.0  130.0  1120.0
26.959  0.0  130.0  1120.0
26.98  0.0  30.0  0.0
27.002  56.0  100.0  920.0
27.014  575.0  790.0  1970.0
27.014  575.0  790.0  1970.0
27.036  294.0  1780.0  2410.0
27.058  31.0  340.0  1480.0
27.079  0.0  1620.0  2420.0
27.1  0.0  160.0  1230.0
27.1  0.0  160.0  1230.0
27.121  23.0  1020.0  2440.0
27.145  175.0  400.0  0.0
27.167  476.0  2070.0  680.0
27.189  626.0  1220.0  0.0
27.189  626.0  1220.0  0.0
27.21  658.0  0.0  0.0
27.231  679.0  0.0  0.0
27.251  676.0  240.0  0.0
27.274  579.0  0.0  0.0
27.274  579.0  0.0  0.0
27.296  298.0  50.0  550.0
27.318  34.0  510.0  1680.0
27.339  0.0  10.0  60.0
27.36  0.0  10.0  60.0
27.36  0.0  130.0  1100.0
27.371  679.0  970.0  2090.0
27.393  607.0  140.0  890.0
27.416  349.0  140.0  890.0
27.416  349.0  1860.0  510.0
27.438  63.0  640.0  0.0
27.458  0.0  2220.0  1090.0
27.48  0.0  760.0  0.0
27.5  0.0  760.0  0.0
27.5  0.0  0.0  0.0
27.522  52.0  60.0  510.0
27.545  208.0  450.0  0.0
27.568  508.0  450.0  0.0
27.568  508.0  0.0  0.0
27.589  642.0  40.0  610.0
27.611  668.0  270.0  0.0
27.631  678.0  0.0  70.0
27.653  608.0  0.0  70.0
27.653  608.0  190.0  1260.0
27.676  353.0  30.0  0.0
27.698  67.0  70.0  550.0
27.718  0.0  480.0  1920.0
27.718  0.0  480.0  1920.0
27.74  0.0  1960.0  2850.0
27.76  0.0  350.0  1740.0
27.782  48.0  1830.0  3000.0
27.805  206.0  160.0  1460.0
27.816  305.0  160.0  1460.0
27.816  305.0  1170.0  3080.0
27.838  38.0  2790.0  2000.0
27.858  0.0  1030.0  3150.0
27.88  0.0  3450.0  2070.0
27.88  0.0  3450.0  2070.0
27.901  15.0  2400.0  210.0
27.924  165.0  4830.0  2300.0
27.948  466.0  1860.0  0.0
27.969  615.0  4500.0  1430.0
27.99  650.0  120.0  620.0
27.99  650.0  120.0  620.0
28.011  676.0  1760.0  0.0
28.032  679.0  4500.0  1220.0
28.053  586.0  0.0  0.0
28.053  586.0  0.0  0.0
28.077  309.0  3690.0  540.0
28.098  43.0  210.0  1210.0
28.119  0.0  1080.0  440.0
28.14  0.0  2020.0  6000.0
28.162  18.0  2020.0  6000.0
28.162  18.0  1160.0  4840.0
28.173  621.0  450.0  2310.0
28.196  364.0  3970.0  6760.0
28.218  76.0  2100.0  6150.0
28.218  76.0  2100.0  6150.0
28.238  0.0  1220.0  4920.0
28.259  0.0  490.0  2350.0
28.28  0.0  4020.0  6790.0
28.302  53.0  2110.0  6210.0
28.302  53.0  2110.0  6210.0
28.324  212.0  6120.0  2570.0
28.348  513.0  6270.0  5010.0
28.369  653.0  4060.0  6840.0
28.369  653.0  4060.0  6840.0
28.39  678.0  5310.0  1540.0
28.411  691.0  6170.0  2610.0
28.433  626.0  720.0  360.0
28.455  370.0  3120.0  390.0
28.455  370.0  3120.0  390.0
28.478  81.0  1270.0  5020.0
28.498  0.0  560.0  2410.0
28.519  0.0  760.0  380.0
28.54  0.0  760.0  380.0
28.54  0.0  2140.0  6250.0
28.562  49.0  1270.0  5010.0
28.573  600.0  580.0  2400.0
28.597  323.0  4080.0  6910.0
28.618  52.0  2160.0  6250.0
28.618  52.0  2160.0  6250.0
28.639  0.0  6240.0  2710.0
28.66  0.0  6330.0  5170.0
28.693  630.0  4070.0  6930.0
28.693  630.0  5440.0  1680.0
28.704  169.0  5440.0  1680.0
28.728  471.0  6260.0  2750.0
28.749  628.0  6330.0  5220.0
28.749  628.0  3250.0  450.0
28.779  0.0  3250.0  450.0
28.801  0.0  5470.0  1700.0
28.812  690.0  6290.0  2770.0
28.812  690.0  830.0  350.0
28.845  206.0  3290.0  460.0
28.856  327.0  3290.0  460.0
28.878  55.0  5500.0  1710.0
28.899  0.0  850.0  350.0
28.932  690.0  850.0  350.0
28.932  690.0  3330.0  480.0
28.953  633.0  1260.0  5020.0
