0.0  1.0  1.0  1.0
0.0  1.0  1.0  1.0
0.0  1.0  1.0  1.0
0.0  1.0  1.0  1.0
0.0  1.0  1.0  1.0
0.0  1.0  1.0  1.0
0.0  1.0  1.0  1.0
0.0  1.0  1.0  1.0
0.0  1.0  1.0  1.0
0.0  1.0  1.0  1.0
0.0  1.0  1.0  1.0
0.0  1.0  1.0  1.0
0.0  1.0  1.0  1.0
0.0  1.0  1.0  1.0
0.0  1.0  1.0  1.0
0.0  1.0  1.0  1.0
0.0  1.0  1.0  1.0
0.0  1.0  1.0  1.0
0.0  1.0  1.0  1.0
0.0  1.0  1.0  1.0
0.0  1.0  1.0  1.0
0.0  1.0  1.0  1.0
0.0  1.0  1.0  1.0
0.0  1.0  1.0  1.0
0.0  1.0  1.0  1.0
0.0  1.0  1.0  1.0
0.0  1.0  1.0  1.0
0.0  1.0  1.0  1.0
0.0  1.0  1.0  1.0
0.0  1.0  1.0  1.0
0.0  1.0  1.0  1.0
0.0  1.0  1.0  1.0
0.0  1.0  1.0  1.0
0.0  1.0  1.0  1.0
0.0  1.0  1.0  1.0
0.0  1.0  1.0  1.0
0.0  1.0  1.0  1.0
0.0  1.0  1.0  1.0
0.0  1.0  1.0  1.0
0.0  1.0  1.0  1.0
0.0  1.0  1.0  1.0
0.0  1.0  1.0  1.0
0.0  446.0  1.0  1.0
0.0020  446.0  1.0  1.0
0.0020  446.0  3.0  363.0
0.0020  446.0  3.0  363.0
0.0050  446.0  3.0  363.0
0.028  446.0  3.0  362.0
0.053  446.0  5.0  361.0
0.053  446.0  4.0  363.0
0.07  446.0  3.0  363.0
0.087  446.0  3.0  363.0
0.112  446.0  3.0  363.0
0.112  446.0  5.0  363.0
0.132  446.0  4.0  363.0
0.15  446.0  3.0  364.0
0.178  446.0  3.0  364.0
0.178  446.0  5.0  363.0
0.197  446.0  5.0  363.0
0.216  446.0  4.0  363.0
0.243  446.0  4.0  363.0
0.263  446.0  3.0  364.0
0.263  446.0  4.0  363.0
0.281  446.0  4.0  362.0
0.3  446.0  4.0  362.0
0.318  446.0  4.0  362.0
0.347  446.0  3.0  364.0
0.347  446.0  4.0  362.0
0.365  446.0  5.0  362.0
0.384  446.0  3.0  363.0
0.412  446.0  3.0  363.0
0.412  446.0  3.0  363.0
0.431  446.0  4.0  362.0
0.459  446.0  5.0  362.0
0.478  446.0  3.0  363.0
0.496  446.0  3.0  363.0
0.496  446.0  3.0  363.0
0.515  446.0  3.0  363.0
0.534  446.0  5.0  362.0
0.562  446.0  4.0  363.0
0.58  446.0  4.0  363.0
0.58  446.0  3.0  364.0
0.6  446.0  3.0  364.0
0.618  446.0  5.0  363.0
0.646  446.0  5.0  363.0
0.646  446.0  4.0  363.0
0.665  446.0  3.0  364.0
0.693  446.0  5.0  363.0
0.711  446.0  4.0  363.0
0.711  446.0  4.0  363.0
0.731  446.0  4.0  363.0
0.758  446.0  4.0  364.0
0.777  446.0  5.0  363.0
0.796  446.0  5.0  363.0
0.815  446.0  3.0  364.0
0.815  446.0  3.0  364.0
0.842  446.0  3.0  364.0
0.862  446.0  4.0  363.0
0.899  446.0  3.0  364.0
0.927  446.0  4.0  363.0
0.946  446.0  4.0  363.0
0.946  446.0  5.0  362.0
0.964  446.0  5.0  362.0
0.993  446.0  3.0  362.0
1.012  446.0  3.0  363.0
1.012  446.0  3.0  363.0
1.033  446.0  5.0  361.0
1.053  446.0  5.0  361.0
1.075  446.0  4.0  363.0
1.095  446.0  3.0  362.0
1.095  446.0  5.0  361.0
1.116  446.0  5.0  361.0
1.147  446.0  4.0  362.0
1.168  446.0  4.0  362.0
1.168  446.0  3.0  363.0
1.178  446.0  5.0  362.0
1.2  446.0  4.0  362.0
1.23  446.0  4.0  362.0
1.251  446.0  4.0  362.0
1.251  446.0  3.0  364.0
1.272  446.0  5.0  361.0
1.293  446.0  5.0  361.0
1.313  446.0  5.0  361.0
1.335  446.0  3.0  362.0
1.335  446.0  3.0  362.0
1.355  446.0  4.0  361.0
1.376  446.0  4.0  361.0
1.397  446.0  5.0  360.0
1.397  446.0  3.0  360.0
1.418  446.0  3.0  360.0
1.438  446.0  5.0  359.0
1.46  446.0  5.0  359.0
1.48  446.0  5.0  359.0
1.48  446.0  4.0  360.0
1.501  446.0  3.0  360.0
1.522  446.0  5.0  359.0
1.553  446.0  5.0  359.0
1.553  446.0  4.0  360.0
1.573  446.0  4.0  360.0
1.595  446.0  3.0  360.0
1.615  446.0  3.0  360.0
1.626  446.0  5.0  359.0
1.636  446.0  4.0  359.0
1.657  446.0  3.0  360.0
1.678  446.0  3.0  360.0
1.698  446.0  3.0  360.0
1.698  446.0  4.0  359.0
1.719  446.0  4.0  359.0
1.74  446.0  3.0  360.0
1.761  446.0  3.0  360.0
1.781  446.0  3.0  360.0
1.781  446.0  4.0  360.0
1.803  446.0  5.0  360.0
1.823  446.0  3.0  362.0
1.844  446.0  4.0  361.0
1.865  446.0  4.0  361.0
1.865  446.0  5.0  360.0
1.886  446.0  5.0  360.0
1.906  446.0  3.0  361.0
1.928  446.0  3.0  361.0
1.948  446.0  3.0  361.0
1.948  446.0  5.0  361.0
1.969  446.0  4.0  363.0
2.0  446.0  4.0  363.0
2.011  446.0  4.0  363.0
2.011  446.0  3.0  362.0
2.041  446.0  5.0  360.0
2.063  446.0  4.0  362.0
2.083  446.0  4.0  362.0
2.104  446.0  4.0  362.0
2.104  446.0  3.0  361.0
2.125  446.0  5.0  360.0
2.136  446.0  4.0  360.0
2.166  446.0  3.0  362.0
2.188  446.0  3.0  362.0
2.188  446.0  4.0  361.0
2.208  446.0  4.0  361.0
2.229  446.0  5.0  361.0
2.249  446.0  4.0  362.0
2.271  446.0  4.0  362.0
2.271  446.0  4.0  360.0
2.291  446.0  4.0  360.0
2.312  446.0  5.0  360.0
2.333  446.0  3.0  361.0
2.354  446.0  3.0  361.0
2.354  446.0  3.0  360.0
2.374  446.0  5.0  360.0
2.396  446.0  5.0  360.0
2.416  446.0  5.0  360.0
2.437  446.0  3.0  362.0
2.458  446.0  5.0  361.0
2.479  446.0  5.0  361.0
2.479  446.0  4.0  362.0
2.499  446.0  4.0  362.0
2.521  446.0  3.0  361.0
2.541  446.0  5.0  361.0
2.562  446.0  5.0  361.0
2.562  446.0  4.0  361.0
2.593  446.0  3.0  362.0
2.614  446.0  5.0  361.0
2.624  446.0  5.0  361.0
2.634  446.0  5.0  361.0
2.644  446.0  4.0  361.0
2.676  446.0  4.0  362.0
2.697  446.0  4.0  361.0
2.717  446.0  4.0  361.0
2.717  446.0  4.0  361.0
2.739  446.0  5.0  361.0
2.759  446.0  3.0  363.0
2.78  446.0  4.0  362.0
2.801  446.0  5.0  360.0
2.801  446.0  5.0  360.0
2.822  446.0  5.0  360.0
2.842  446.0  3.0  362.0
2.864  446.0  3.0  361.0
2.884  446.0  5.0  360.0
2.884  446.0  5.0  360.0
2.905  446.0  3.0  362.0
2.926  446.0  3.0  361.0
2.947  446.0  3.0  361.0
2.967  446.0  5.0  360.0
2.967  446.0  5.0  360.0
2.989  446.0  4.0  361.0
3.009  446.0  3.0  362.0
3.03  446.0  3.0  362.0
3.05  446.0  3.0  362.0
3.05  446.0  5.0  361.0
3.072  446.0  4.0  361.0
3.102  446.0  3.0  362.0
3.112  446.0  5.0  361.0
3.112  446.0  5.0  361.0
3.134  446.0  5.0  361.0
3.154  446.0  4.0  360.0
3.175  446.0  3.0  362.0
3.196  446.0  4.0  361.0
3.196  446.0  4.0  361.0
3.217  446.0  5.0  361.0
3.248  446.0  3.0  362.0
3.269  446.0  3.0  362.0
3.29  446.0  4.0  361.0
3.29  446.0  4.0  361.0
3.31  446.0  5.0  361.0
3.332  446.0  3.0  362.0
3.352  446.0  3.0  362.0
3.373  446.0  3.0  361.0
3.373  446.0  3.0  361.0
3.394  446.0  5.0  361.0
3.415  446.0  3.0  361.0
3.435  446.0  3.0  362.0
3.435  446.0  3.0  362.0
3.457  446.0  3.0  362.0
3.477  446.0  5.0  361.0
3.497  446.0  4.0  360.0
3.519  446.0  3.0  361.0
3.519  446.0  3.0  361.0
3.539  446.0  4.0  360.0
3.56  446.0  4.0  360.0
3.58  446.0  4.0  361.0
3.602  446.0  3.0  362.0
3.602  446.0  3.0  362.0
3.622  446.0  5.0  361.0
3.643  446.0  5.0  361.0
3.664  446.0  5.0  361.0
3.664  446.0  3.0  363.0
3.685  446.0  3.0  363.0
3.705  446.0  4.0  360.0
3.727  446.0  5.0  361.0
3.747  446.0  3.0  362.0
3.747  446.0  3.0  362.0
3.768  446.0  3.0  362.0
3.8  446.0  3.0  361.0
3.81  446.0  5.0  362.0
3.841  446.0  3.0  363.0
3.841  446.0  3.0  362.0
3.862  446.0  3.0  362.0
3.883  446.0  3.0  362.0
3.903  445.0  5.0  361.0
3.913  446.0  4.0  362.0
3.913  446.0  3.0  362.0
3.935  446.0  3.0  362.0
3.955  446.0  5.0  361.0
3.987  446.0  5.0  361.0
4.007  446.0  4.0  361.0
4.007  446.0  3.0  364.0
4.028  446.0  3.0  364.0
4.048  446.0  5.0  361.0
4.07  446.0  5.0  361.0
4.09  446.0  4.0  360.0
4.09  446.0  3.0  362.0
4.111  446.0  3.0  362.0
4.132  446.0  5.0  360.0
4.153  446.0  5.0  362.0
4.173  446.0  3.0  362.0
4.173  446.0  3.0  362.0
4.195  446.0  3.0  362.0
4.215  446.0  4.0  362.0
4.236  446.0  5.0  360.0
4.236  446.0  3.0  363.0
4.257  446.0  3.0  363.0
4.278  446.0  3.0  363.0
4.298  446.0  3.0  363.0
4.32  446.0  5.0  362.0
4.32  446.0  4.0  363.0
4.34  446.0  3.0  362.0
4.361  446.0  3.0  362.0
4.381  446.0  3.0  362.0
4.381  446.0  5.0  362.0
4.403  446.0  4.0  363.0
4.423  446.0  4.0  363.0
4.444  446.0  3.0  364.0
4.465  446.0  5.0  360.0
4.486  446.0  5.0  360.0
4.486  446.0  4.0  360.0
4.506  446.0  3.0  360.0
4.528  446.0  3.0  360.0
4.548  446.0  5.0  358.0
4.569  446.0  5.0  359.0
4.569  446.0  5.0  359.0
4.6  446.0  3.0  362.0
4.621  446.0  3.0  362.0
4.641  446.0  5.0  361.0
4.641  446.0  5.0  361.0
4.663  446.0  5.0  361.0
4.683  446.0  5.0  361.0
4.704  446.0  3.0  362.0
4.714  446.0  4.0  362.0
4.714  446.0  5.0  361.0
4.736  446.0  3.0  362.0
4.766  446.0  3.0  362.0
4.776  446.0  3.0  362.0
4.808  446.0  3.0  362.0
4.808  446.0  5.0  362.0
4.829  446.0  4.0  363.0
4.85  446.0  4.0  363.0
4.871  446.0  3.0  363.0
4.891  446.0  3.0  363.0
4.891  446.0  5.0  361.0
4.912  446.0  4.0  363.0
4.933  446.0  3.0  363.0
4.954  446.0  3.0  363.0
4.974  446.0  5.0  362.0
4.974  446.0  5.0  362.0
4.996  446.0  4.0  363.0
5.016  446.0  4.0  363.0
5.037  446.0  3.0  361.0
5.058  446.0  5.0  361.0
5.058  446.0  5.0  361.0
5.079  446.0  5.0  361.0
5.099  446.0  5.0  361.0
5.121  446.0  3.0  362.0
5.121  446.0  4.0  362.0
5.141  446.0  5.0  361.0
5.172  446.0  3.0  363.0
5.183  446.0  3.0  363.0
5.203  446.0  3.0  363.0
5.203  446.0  4.0  362.0
5.224  446.0  5.0  362.0
5.244  446.0  3.0  364.0
5.266  446.0  3.0  362.0
5.286  446.0  3.0  362.0
5.286  446.0  3.0  362.0
5.307  446.0  5.0  362.0
5.339  446.0  4.0  364.0
5.359  446.0  3.0  363.0
5.38  446.0  3.0  363.0
5.401  446.0  3.0  363.0
5.401  446.0  5.0  363.0
5.422  446.0  4.0  363.0
5.442  446.0  3.0  363.0
5.464  446.0  3.0  363.0
5.464  446.0  5.0  362.0
5.484  446.0  5.0  362.0
5.505  446.0  4.0  362.0
5.526  446.0  3.0  364.0
5.547  446.0  5.0  362.0
5.547  446.0  5.0  362.0
5.588  446.0  5.0  363.0
5.588  446.0  3.0  364.0
5.609  446.0  3.0  364.0
5.629  446.0  4.0  363.0
5.651  446.0  4.0  363.0
5.671  446.0  5.0  362.0
5.671  446.0  3.0  363.0
5.692  446.0  3.0  362.0
5.712  446.0  3.0  362.0
5.712  446.0  3.0  362.0
5.754  446.0  5.0  362.0
5.754  446.0  4.0  363.0
5.775  446.0  3.0  363.0
5.796  446.0  3.0  363.0
5.817  446.0  5.0  363.0
5.817  446.0  5.0  363.0
5.837  446.0  4.0  363.0
5.859  446.0  3.0  364.0
5.89  446.0  3.0  364.0
5.89  446.0  5.0  362.0
5.91  446.0  4.0  362.0
5.932  446.0  4.0  362.0
5.952  446.0  3.0  363.0
5.952  446.0  3.0  363.0
5.972  446.0  4.0  362.0
5.994  446.0  5.0  360.0
6.014  446.0  3.0  363.0
6.035  446.0  3.0  363.0
6.035  446.0  3.0  363.0
6.056  446.0  4.0  362.0
6.077  446.0  5.0  362.0
6.097  446.0  3.0  364.0
6.119  446.0  3.0  364.0
6.119  446.0  3.0  364.0
6.139  446.0  3.0  363.0
6.16  446.0  5.0  363.0
6.181  446.0  3.0  364.0
6.181  446.0  3.0  364.0
6.222  446.0  3.0  364.0
6.222  446.0  3.0  364.0
6.243  446.0  5.0  363.0
6.264  446.0  4.0  364.0
6.285  446.0  3.0  364.0
6.285  446.0  3.0  364.0
6.305  446.0  5.0  363.0
6.327  446.0  5.0  363.0
6.347  445.0  4.0  363.0
6.368  446.0  3.0  364.0
6.368  446.0  3.0  364.0
6.389  446.0  5.0  362.0
6.41  446.0  4.0  362.0
6.44  446.0  4.0  362.0
6.462  446.0  3.0  363.0
6.472  446.0  4.0  362.0
6.472  446.0  4.0  362.0
6.493  446.0  5.0  362.0
6.524  446.0  3.0  363.0
6.524  446.0  3.0  363.0
6.545  446.0  3.0  363.0
6.565  446.0  4.0  361.0
6.587  446.0  5.0  361.0
6.607  446.0  3.0  363.0
6.607  446.0  3.0  363.0
6.628  446.0  3.0  362.0
6.649  446.0  5.0  361.0
6.67  446.0  5.0  361.0
6.69  446.0  4.0  362.0
6.69  446.0  4.0  362.0
6.711  446.0  3.0  360.0
6.732  446.0  5.0  361.0
6.753  446.0  4.0  362.0
6.753  446.0  4.0  362.0
6.773  446.0  4.0  362.0
6.795  446.0  3.0  363.0
6.815  446.0  5.0  361.0
6.836  446.0  4.0  362.0
6.836  446.0  4.0  362.0
6.857  446.0  4.0  362.0
6.878  446.0  3.0  362.0
6.908  446.0  5.0  360.0
6.93  445.0  5.0  360.0
6.93  445.0  5.0  360.0
6.95  446.0  3.0  361.0
6.961  446.0  4.0  361.0
6.982  446.0  4.0  361.0
7.003  446.0  5.0  360.0
7.033  446.0  3.0  362.0
7.033  446.0  3.0  362.0
7.055  446.0  3.0  361.0
7.075  446.0  3.0  361.0
7.075  446.0  5.0  361.0
7.096  446.0  5.0  361.0
7.117  446.0  3.0  362.0
7.138  446.0  3.0  362.0
7.158  446.0  5.0  362.0
7.158  446.0  5.0  362.0
7.18  446.0  5.0  362.0
7.2  446.0  4.0  362.0
7.221  446.0  3.0  363.0
7.221  446.0  5.0  361.0
7.241  446.0  4.0  362.0
7.263  446.0  4.0  362.0
7.293  446.0  4.0  362.0
7.315  446.0  3.0  363.0
7.315  446.0  5.0  362.0
7.335  446.0  4.0  362.0
7.356  446.0  4.0  362.0
7.376  446.0  3.0  364.0
7.398  446.0  3.0  364.0
7.398  446.0  4.0  363.0
7.418  446.0  5.0  362.0
7.429  446.0  5.0  362.0
7.46  446.0  3.0  363.0
7.481  446.0  3.0  363.0
7.481  446.0  4.0  362.0
7.501  446.0  5.0  362.0
7.523  446.0  5.0  362.0
7.543  446.0  3.0  363.0
7.543  446.0  3.0  363.0
7.585  446.0  5.0  362.0
7.585  446.0  5.0  362.0
7.626  446.0  3.0  363.0
7.626  446.0  3.0  363.0
7.648  446.0  3.0  363.0
7.668  446.0  5.0  362.0
7.689  446.0  5.0  362.0
7.689  446.0  4.0  362.0
7.709  446.0  3.0  363.0
7.731  446.0  3.0  363.0
7.751  446.0  5.0  362.0
7.761  446.0  4.0  363.0
7.772  446.0  4.0  363.0
7.793  446.0  3.0  363.0
7.814  446.0  3.0  363.0
7.834  446.0  5.0  362.0
7.834  446.0  4.0  362.0
7.856  446.0  3.0  364.0
7.876  446.0  3.0  364.0
7.897  446.0  3.0  364.0
7.918  446.0  5.0  362.0
7.918  446.0  5.0  362.0
7.939  446.0  3.0  363.0
7.959  446.0  3.0  363.0
7.981  446.0  4.0  362.0
7.981  446.0  5.0  362.0
8.001  446.0  5.0  362.0
8.022  446.0  3.0  364.0
8.042  446.0  3.0  364.0
8.064  446.0  3.0  364.0
8.084  446.0  5.0  362.0
8.084  446.0  5.0  362.0
8.104  446.0  4.0  363.0
8.126  446.0  4.0  363.0
8.157  446.0  3.0  364.0
8.157  446.0  5.0  363.0
8.178  446.0  4.0  364.0
8.199  446.0  4.0  364.0
8.219  446.0  3.0  364.0
8.219  446.0  3.0  364.0
8.24  446.0  5.0  363.0
8.261  446.0  4.0  363.0
8.282  446.0  4.0  363.0
8.302  446.0  3.0  364.0
8.302  446.0  5.0  362.0
8.324  446.0  5.0  362.0
8.344  446.0  5.0  363.0
8.365  446.0  5.0  363.0
8.365  446.0  3.0  364.0
8.386  446.0  4.0  363.0
8.407  446.0  5.0  363.0
8.427  446.0  5.0  363.0
8.449  446.0  5.0  363.0
8.469  446.0  3.0  364.0
8.489  446.0  3.0  363.0
8.489  446.0  5.0  363.0
8.511  446.0  5.0  363.0
8.531  446.0  3.0  364.0
8.531  446.0  3.0  364.0
8.552  446.0  3.0  364.0
8.584  446.0  5.0  363.0
8.604  446.0  5.0  363.0
8.604  446.0  4.0  364.0
8.625  446.0  3.0  364.0
8.646  446.0  3.0  364.0
8.667  446.0  3.0  364.0
8.687  446.0  5.0  362.0
8.687  446.0  4.0  363.0
8.708  446.0  3.0  364.0
8.729  446.0  3.0  364.0
8.75  446.0  5.0  363.0
8.75  446.0  4.0  363.0
8.77  446.0  4.0  363.0
8.792  446.0  3.0  364.0
8.812  446.0  3.0  364.0
8.844  446.0  5.0  363.0
8.844  446.0  5.0  362.0
8.854  446.0  5.0  362.0
8.875  446.0  3.0  364.0
8.895  446.0  3.0  364.0
8.916  446.0  4.0  363.0
8.916  446.0  5.0  363.0
8.937  446.0  3.0  364.0
8.957  446.0  3.0  364.0
8.979  446.0  3.0  364.0
9.01  446.0  3.0  363.0
9.01  446.0  5.0  363.0
9.03  446.0  4.0  364.0
9.052  446.0  3.0  362.0
9.072  446.0  3.0  362.0
9.072  446.0  5.0  362.0
9.093  446.0  5.0  362.0
9.114  446.0  4.0  363.0
9.135  446.0  4.0  363.0
9.155  446.0  3.0  364.0
9.155  446.0  5.0  362.0
9.177  446.0  4.0  362.0
9.197  446.0  4.0  362.0
9.218  446.0  4.0  362.0
9.238  446.0  3.0  364.0
9.238  446.0  5.0  363.0
9.26  446.0  5.0  362.0
9.28  446.0  5.0  362.0
9.3  446.0  5.0  362.0
9.322  446.0  3.0  364.0
9.322  446.0  4.0  362.0
9.342  446.0  5.0  362.0
9.363  446.0  3.0  364.0
9.384  446.0  3.0  364.0
9.384  446.0  3.0  363.0
9.405  446.0  3.0  363.0
9.425  446.0  5.0  363.0
9.447  446.0  3.0  364.0
9.467  446.0  3.0  364.0
9.488  446.0  3.0  364.0
9.488  446.0  3.0  364.0
9.509  446.0  5.0  363.0
9.53  446.0  4.0  363.0
9.561  446.0  4.0  363.0
9.561  446.0  3.0  364.0
9.582  446.0  5.0  363.0
9.603  446.0  4.0  364.0
9.623  446.0  4.0  364.0
9.623  446.0  4.0  364.0
9.645  446.0  3.0  364.0
9.665  446.0  5.0  362.0
9.686  446.0  4.0  363.0
9.706  446.0  4.0  363.0
9.706  446.0  4.0  363.0
9.728  446.0  3.0  364.0
9.748  446.0  4.0  362.0
9.768  446.0  5.0  362.0
9.79  446.0  3.0  364.0
9.79  446.0  3.0  364.0
9.81  446.0  4.0  363.0
9.831  446.0  4.0  363.0
9.852  446.0  5.0  363.0
9.852  446.0  5.0  363.0
9.873  446.0  3.0  364.0
9.893  446.0  3.0  363.0
9.925  446.0  3.0  363.0
9.925  446.0  5.0  363.0
9.946  446.0  5.0  363.0
9.966  446.0  4.0  363.0
9.988  446.0  3.0  364.0
10.008  446.0  5.0  363.0
10.008  446.0  5.0  363.0
10.019  446.0  5.0  363.0
10.043  446.0  4.0  363.0
10.065  446.0  3.0  364.0
10.088  446.0  5.0  363.0
10.088  446.0  4.0  363.0
10.112  446.0  4.0  363.0
10.134  446.0  4.0  363.0
10.157  446.0  3.0  364.0
10.168  446.0  5.0  363.0
10.168  446.0  5.0  362.0
10.191  446.0  5.0  362.0
10.214  446.0  5.0  362.0
10.236  446.0  3.0  364.0
10.26  446.0  4.0  362.0
10.26  446.0  5.0  362.0
10.283  446.0  5.0  362.0
10.294  446.0  3.0  364.0
10.329  446.0  3.0  363.0
10.329  446.0  3.0  363.0
10.34  446.0  5.0  362.0
10.362  446.0  5.0  362.0
10.386  446.0  4.0  363.0
10.408  446.0  3.0  364.0
10.408  446.0  5.0  363.0
10.431  446.0  5.0  363.0
10.455  446.0  5.0  363.0
10.477  446.0  4.0  348.0
10.488  446.0  3.0  345.0
10.488  446.0  5.0  340.0
10.512  449.0  4.0  338.0
10.534  486.0  4.0  338.0
10.557  545.0  4.0  338.0
10.568  579.0  3.0  340.0
10.568  579.0  4.0  333.0
10.592  657.0  5.0  331.0
10.614  735.0  5.0  331.0
10.637  812.0  3.0  331.0
10.66  886.0  3.0  331.0
10.66  886.0  3.0  331.0
10.683  945.0  5.0  332.0
10.706  995.0  5.0  332.0
10.718  1015.0  4.0  335.0
10.718  1015.0  4.0  335.0
10.742  1023.0  3.0  326.0
10.767  1023.0  5.0  336.0
10.792  1023.0  4.0  342.0
10.792  1023.0  3.0  341.0
10.829  1006.0  4.0  340.0
10.854  948.0  4.0  340.0
10.865  918.0  4.0  340.0
10.865  918.0  4.0  345.0
10.888  844.0  3.0  347.0
10.911  765.0  3.0  347.0
10.934  685.0  4.0  361.0
10.956  600.0  4.0  383.0
10.956  600.0  4.0  383.0
10.98  524.0  4.0  383.0
11.002  460.0  3.0  396.0
11.025  400.0  4.0  392.0
11.025  400.0  4.0  414.0
11.036  374.0  2.0  421.0
11.06  329.0  2.0  421.0
11.082  290.0  2.0  421.0
11.106  267.0  4.0  423.0
11.106  267.0  4.0  399.0
11.128  253.0  3.0  376.0
11.14  251.0  3.0  376.0
11.162  249.0  3.0  345.0
11.186  247.0  3.0  345.0
11.186  247.0  5.0  337.0
11.208  259.0  3.0  332.0
11.231  299.0  3.0  332.0
11.254  340.0  3.0  329.0
11.277  388.0  5.0  328.0
11.277  388.0  5.0  328.0
11.288  415.0  3.0  325.0
11.312  480.0  3.0  325.0
11.334  553.0  3.0  328.0
11.334  553.0  4.0  315.0
11.357  631.0  4.0  318.0
11.38  714.0  4.0  318.0
11.403  795.0  4.0  318.0
11.425  872.0  3.0  318.0
11.425  872.0  5.0  319.0
11.437  903.0  4.0  320.0
11.46  962.0  4.0  320.0
11.483  1008.0  4.0  320.0
11.495  1023.0  3.0  332.0
11.508  1023.0  4.0  333.0
11.521  1023.0  5.0  332.0
11.545  1023.0  3.0  336.0
11.57  1023.0  3.0  336.0
11.583  1023.0  3.0  336.0
11.583  1023.0  3.0  342.0
11.608  989.0  5.0  344.0
11.63  931.0  3.0  346.0
11.654  859.0  3.0  346.0
11.676  781.0  3.0  346.0
11.676  781.0  3.0  346.0
11.699  697.0  5.0  348.0
11.711  657.0  3.0  367.0
11.734  571.0  3.0  367.0
11.756  500.0  3.0  392.0
11.756  500.0  5.0  399.0
11.78  436.0  5.0  399.0
11.802  382.0  3.0  394.0
11.813  353.0  3.0  394.0
11.836  315.0  2.0  405.0
11.836  315.0  5.0  404.0
11.859  280.0  3.0  395.0
11.882  258.0  3.0  395.0
11.906  251.0  3.0  395.0
11.917  249.0  3.0  383.0
11.917  249.0  5.0  342.0
11.951  248.0  4.0  334.0
11.962  248.0  4.0  334.0
11.985  273.0  3.0  337.0
11.985  273.0  3.0  337.0
12.008  311.0  4.0  335.0
12.03  360.0  4.0  323.0
12.054  411.0  4.0  323.0
12.077  479.0  3.0  327.0
12.088  516.0  4.0  328.0
12.088  516.0  4.0  328.0
12.111  592.0  4.0  328.0
12.134  674.0  5.0  327.0
12.156  755.0  3.0  323.0
12.156  755.0  3.0  326.0
12.18  834.0  3.0  326.0
12.191  870.0  5.0  322.0
12.214  933.0  5.0  322.0
12.237  985.0  3.0  326.0
12.237  985.0  3.0  332.0
12.261  1023.0  5.0  337.0
12.285  1023.0  3.0  335.0
12.298  1023.0  3.0  335.0
12.323  1023.0  3.0  335.0
12.323  1023.0  3.0  335.0
12.348  1023.0  5.0  341.0
12.36  1012.0  5.0  341.0
12.385  958.0  4.0  344.0
12.407  895.0  4.0  344.0
12.407  895.0  2.0  344.0
12.43  817.0  5.0  346.0
12.453  732.0  5.0  346.0
12.476  650.0  4.0  353.0
12.487  607.0  3.0  374.0
12.487  607.0  3.0  374.0
12.511  531.0  4.0  385.0
12.533  466.0  4.0  385.0
12.556  405.0  4.0  382.0
12.579  352.0  3.0  384.0
12.579  352.0  4.0  388.0
12.602  313.0  4.0  388.0
12.624  279.0  4.0  388.0
12.648  257.0  4.0  392.0
12.648  257.0  3.0  387.0
12.659  254.0  3.0  370.0
12.682  250.0  5.0  344.0
12.705  249.0  5.0  344.0
12.728  251.0  5.0  344.0
12.728  251.0  3.0  338.0
12.75  278.0  3.0  335.0
12.762  292.0  5.0  323.0
12.796  366.0  5.0  323.0
12.796  366.0  4.0  327.0
12.808  387.0  4.0  327.0
12.83  446.0  3.0  322.0
12.854  511.0  5.0  326.0
12.876  580.0  5.0  326.0
12.876  580.0  4.0  319.0
12.899  662.0  3.0  320.0
12.911  701.0  3.0  320.0
12.945  820.0  5.0  313.0
12.956  857.0  5.0  313.0
12.956  857.0  4.0  317.0
12.98  923.0  3.0  320.0
13.002  979.0  4.0  329.0
13.026  1022.0  4.0  329.0
13.039  1023.0  4.0  329.0
13.039  1023.0  4.0  338.0
13.064  1023.0  3.0  334.0
13.076  1023.0  3.0  334.0
13.101  1023.0  5.0  342.0
13.126  1018.0  5.0  342.0
13.126  1018.0  5.0  342.0
13.15  964.0  3.0  344.0
13.173  904.0  3.0  344.0
13.196  826.0  5.0  344.0
13.207  787.0  5.0  344.0
13.207  787.0  5.0  344.0
13.23  702.0  3.0  345.0
13.253  618.0  3.0  355.0
13.276  543.0  5.0  375.0
13.298  474.0  5.0  375.0
13.298  474.0  3.0  382.0
13.322  410.0  3.0  382.0
13.333  385.0  3.0  388.0
13.356  333.0  4.0  393.0
13.356  333.0  4.0  393.0
13.379  296.0  4.0  398.0
13.402  269.0  3.0  388.0
13.424  254.0  3.0  388.0
13.448  249.0  3.0  388.0
13.448  249.0  4.0  377.0
13.47  249.0  4.0  344.0
13.481  248.0  3.0  339.0
13.505  257.0  5.0  334.0
13.528  292.0  5.0  334.0
13.528  292.0  5.0  334.0
13.55  335.0  4.0  332.0
13.574  382.0  3.0  327.0
13.596  440.0  4.0  325.0
13.607  472.0  4.0  325.0
13.607  472.0  4.0  325.0
13.63  542.0  5.0  326.0
13.654  619.0  3.0  312.0
13.676  699.0  3.0  314.0
13.676  699.0  3.0  314.0
13.699  784.0  5.0  315.0
13.711  821.0  3.0  315.0
13.745  924.0  3.0  315.0
13.756  954.0  3.0  312.0
13.779  1000.0  5.0  325.0
13.779  1000.0  5.0  325.0
13.804  1023.0  4.0  336.0
13.816  1023.0  4.0  336.0
13.842  1023.0  3.0  331.0
13.842  1023.0  5.0  331.0
13.867  1023.0  5.0  331.0
13.879  1023.0  4.0  340.0
13.904  994.0  3.0  340.0
13.927  938.0  3.0  340.0
13.927  938.0  4.0  339.0
13.949  864.0  4.0  339.0
13.973  789.0  4.0  341.0
13.996  703.0  3.0  345.0
13.996  703.0  4.0  364.0
14.018  619.0  4.0  364.0
14.042  540.0  4.0  364.0
14.064  472.0  4.0  378.0
14.064  472.0  3.0  376.0
14.087  408.0  4.0  380.0
14.11  354.0  4.0  380.0
14.121  332.0  4.0  380.0
14.144  294.0  4.0  386.0
14.144  294.0  3.0  390.0
14.168  269.0  4.0  378.0
14.19  253.0  4.0  378.0
14.213  249.0  4.0  369.0
14.213  249.0  4.0  369.0
14.236  248.0  3.0  345.0
14.259  249.0  4.0  334.0
14.27  257.0  5.0  334.0
14.305  312.0  5.0  334.0
14.305  312.0  3.0  330.0
14.316  335.0  3.0  330.0
14.339  384.0  3.0  323.0
14.361  441.0  5.0  325.0
14.361  441.0  5.0  325.0
14.385  511.0  4.0  318.0
14.418  625.0  4.0  318.0
14.43  665.0  3.0  313.0
14.43  665.0  3.0  313.0
14.453  748.0  5.0  322.0
14.476  824.0  4.0  317.0
14.498  897.0  3.0  311.0
14.498  897.0  3.0  311.0
14.522  954.0  5.0  312.0
14.533  979.0  5.0  312.0
14.557  1023.0  4.0  327.0
14.582  1023.0  3.0  332.0
14.582  1023.0  5.0  328.0
14.607  1023.0  5.0  328.0
14.619  1023.0  5.0  328.0
14.645  1023.0  4.0  331.0
14.669  994.0  3.0  338.0
14.669  994.0  3.0  338.0
14.692  935.0  5.0  340.0
14.715  861.0  4.0  339.0
14.727  823.0  3.0  344.0
14.749  736.0  3.0  344.0
14.749  736.0  3.0  344.0
14.773  658.0  4.0  356.0
14.795  575.0  4.0  368.0
14.818  499.0  3.0  375.0
14.818  499.0  3.0  375.0
14.829  468.0  4.0  374.0
14.853  403.0  4.0  379.0
14.875  352.0  4.0  379.0
14.898  312.0  4.0  379.0
14.898  312.0  3.0  383.0
14.921  279.0  3.0  379.0
14.944  257.0  5.0  372.0
14.967  250.0  3.0  350.0
14.99  249.0  3.0  350.0
14.99  249.0  3.0  350.0
15.001  248.0  3.0  342.0
15.024  249.0  5.0  332.0
15.047  277.0  4.0  335.0
15.07  314.0  3.0  330.0
15.07  314.0  3.0  330.0
15.092  365.0  3.0  330.0
15.116  415.0  5.0  314.0
15.127  448.0  4.0  319.0
15.138  479.0  4.0  319.0
15.173  592.0  3.0  323.0
15.173  592.0  3.0  323.0
15.196  675.0  5.0  318.0
15.218  754.0  4.0  320.0
15.229  794.0  3.0  317.0
15.229  794.0  3.0  317.0
15.253  868.0  4.0  311.0
15.276  928.0  4.0  311.0
15.299  984.0  4.0  316.0
15.299  984.0  4.0  316.0
15.323  1023.0  3.0  329.0
15.347  1023.0  4.0  328.0
15.36  1023.0  5.0  330.0
15.385  1023.0  3.0  334.0
15.385  1023.0  3.0  334.0
15.41  1023.0  3.0  334.0
15.435  985.0  3.0  336.0
15.435  985.0  5.0  339.0
15.458  925.0  5.0  339.0
15.48  851.0  3.0  342.0
15.504  771.0  3.0  343.0
15.515  728.0  3.0  343.0
15.538  650.0  5.0  345.0
15.56  569.0  3.0  362.0
15.56  569.0  3.0  372.0
15.584  498.0  3.0  372.0
15.606  431.0  5.0  372.0
15.629  377.0  5.0  372.0
15.629  377.0  4.0  379.0
15.641  349.0  4.0  379.0
15.664  309.0  3.0  378.0
15.686  279.0  4.0  376.0
15.71  257.0  4.0  371.0
15.732  250.0  4.0  371.0
15.732  250.0  4.0  371.0
15.744  249.0  3.0  348.0
15.767  249.0  4.0  337.0
15.767  249.0  5.0  333.0
15.823  298.0  3.0  330.0
15.823  298.0  3.0  330.0
15.836  320.0  3.0  322.0
15.858  368.0  3.0  322.0
15.858  368.0  5.0  320.0
15.881  422.0  5.0  320.0
15.904  487.0  3.0  325.0
15.927  561.0  3.0  324.0
15.949  642.0  5.0  320.0
15.949  642.0  5.0  320.0
15.961  682.0  5.0  320.0
15.984  764.0  3.0  320.0
16.007  841.0  3.0  316.0
16.029  908.0  5.0  314.0
16.029  908.0  5.0  314.0
16.053  967.0  4.0  319.0
16.075  1013.0  4.0  319.0
16.088  1023.0  3.0  329.0
16.088  1023.0  3.0  329.0
16.113  1023.0  5.0  323.0
16.138  1023.0  4.0  330.0
16.138  1023.0  4.0  330.0
16.162  1023.0  3.0  336.0
16.188  1008.0  4.0  339.0
16.2  980.0  4.0  339.0
16.223  920.0  4.0  343.0
16.223  920.0  3.0  345.0
16.246  844.0  3.0  345.0
16.269  763.0  4.0  346.0
16.291  684.0  4.0  348.0
16.315  599.0  4.0  348.0
16.337  524.0  3.0  364.0
16.337  524.0  3.0  364.0
16.349  490.0  4.0  382.0
16.372  424.0  4.0  390.0
16.395  370.0  4.0  390.0
16.395  370.0  2.0  395.0
16.417  326.0  4.0  396.0
16.441  288.0  4.0  396.0
16.463  265.0  4.0  391.0
16.463  265.0  4.0  391.0
16.486  254.0  3.0  388.0
16.509  250.0  3.0  349.0
16.521  250.0  5.0  340.0
16.543  249.0  5.0  340.0
16.567  263.0  3.0  335.0
16.567  263.0  3.0  335.0
16.589  305.0  3.0  332.0
16.612  346.0  5.0  324.0
16.623  372.0  4.0  320.0
16.623  372.0  4.0  320.0
16.658  456.0  4.0  320.0
16.669  492.0  3.0  316.0
16.692  567.0  5.0  329.0
16.715  649.0  4.0  325.0
16.715  649.0  4.0  325.0
16.738  728.0  4.0  325.0
16.749  773.0  3.0  320.0
16.784  881.0  5.0  317.0
16.795  912.0  4.0  322.0
16.795  912.0  4.0  322.0
16.818  972.0  3.0  328.0
16.841  1014.0  4.0  328.0
16.866  1023.0  4.0  328.0
16.866  1023.0  4.0  328.0
16.89  1023.0  4.0  329.0
16.904  1023.0  3.0  330.0
16.928  1023.0  5.0  337.0
16.941  1023.0  5.0  337.0
16.941  1023.0  5.0  337.0
16.966  976.0  4.0  336.0
16.989  916.0  3.0  342.0
17.011  838.0  4.0  344.0
17.035  755.0  4.0  346.0
17.035  755.0  4.0  346.0
17.057  676.0  3.0  348.0
17.08  591.0  3.0  348.0
17.08  591.0  3.0  348.0
17.126  451.0  5.0  367.0
17.126  451.0  5.0  367.0
17.137  418.0  3.0  374.0
17.16  364.0  2.0  376.0
17.183  323.0  2.0  376.0
17.183  323.0  5.0  377.0
17.206  286.0  5.0  377.0
17.217  276.0  3.0  376.0
17.252  253.0  3.0  369.0
17.263  251.0  5.0  345.0
17.263  251.0  5.0  345.0
17.286  249.0  5.0  345.0
17.309  248.0  4.0  334.0
17.332  268.0  3.0  331.0
17.354  301.0  5.0  329.0
17.354  301.0  5.0  329.0
17.367  325.0  4.0  329.0
17.389  375.0  4.0  329.0
17.412  427.0  3.0  324.0
17.412  427.0  3.0  324.0
17.435  499.0  5.0  325.0
17.458  572.0  4.0  326.0
17.48  651.0  3.0  322.0
17.504  731.0  3.0  322.0
17.515  773.0  4.0  316.0
17.515  773.0  4.0  316.0
17.538  846.0  4.0  316.0
17.56  913.0  3.0  324.0
17.584  969.0  4.0  320.0
17.595  992.0  4.0  320.0
17.595  992.0  4.0  320.0
17.618  1023.0  5.0  316.0
17.644  1023.0  3.0  328.0
17.669  1023.0  4.0  329.0
17.669  1023.0  4.0  329.0
17.681  1023.0  4.0  329.0
17.707  1023.0  5.0  332.0
17.731  974.0  3.0  335.0
17.731  974.0  3.0  335.0
17.754  912.0  3.0  336.0
17.777  834.0  5.0  337.0
17.788  796.0  3.0  341.0
17.811  712.0  3.0  341.0
17.835  631.0  3.0  340.0
17.835  631.0  3.0  340.0
17.857  552.0  5.0  360.0
17.88  482.0  3.0  367.0
17.903  416.0  3.0  368.0
17.926  365.0  3.0  368.0
17.926  365.0  3.0  368.0
17.937  340.0  5.0  374.0
17.959  303.0  3.0  379.0
17.983  275.0  3.0  373.0
17.983  275.0  3.0  373.0
18.006  256.0  4.0  367.0
18.029  250.0  4.0  367.0
18.052  249.0  4.0  343.0
18.074  248.0  4.0  343.0
18.074  248.0  3.0  333.0
18.085  253.0  4.0  331.0
18.109  284.0  4.0  330.0
18.131  331.0  4.0  330.0
18.131  331.0  4.0  330.0
18.154  376.0  3.0  328.0
18.178  433.0  5.0  325.0
18.2  502.0  5.0  326.0
18.223  573.0  3.0  325.0
18.223  573.0  3.0  325.0
18.246  655.0  3.0  325.0
18.257  694.0  3.0  319.0
18.28  776.0  5.0  315.0
18.304  849.0  3.0  318.0
18.304  849.0  3.0  318.0
18.326  916.0  3.0  318.0
18.349  974.0  3.0  318.0
18.372  1018.0  5.0  326.0
18.384  1023.0  4.0  328.0
18.409  1023.0  3.0  331.0
18.409  1023.0  3.0  331.0
18.435  1023.0  5.0  334.0
18.447  1023.0  5.0  334.0
18.471  1022.0  4.0  335.0
18.471  1022.0  4.0  335.0
18.496  971.0  3.0  337.0
18.519  911.0  4.0  337.0
18.541  835.0  4.0  337.0
18.541  835.0  4.0  337.0
18.552  796.0  4.0  337.0
18.576  715.0  3.0  344.0
18.598  630.0  4.0  344.0
18.621  552.0  4.0  364.0
18.621  552.0  4.0  364.0
18.644  482.0  4.0  364.0
18.667  417.0  3.0  376.0
18.678  390.0  4.0  375.0
18.702  339.0  4.0  376.0
18.702  339.0  3.0  382.0
18.724  302.0  3.0  382.0
18.747  273.0  3.0  382.0
18.77  256.0  4.0  376.0
18.77  256.0  5.0  371.0
18.793  250.0  3.0  342.0
18.804  250.0  3.0  342.0
18.828  249.0  3.0  342.0
18.85  255.0  3.0  331.0
18.85  255.0  5.0  330.0
18.873  283.0  3.0  329.0
18.896  326.0  3.0  329.0
18.919  374.0  3.0  319.0
18.93  401.0  5.0  320.0
18.93  401.0  5.0  320.0
18.953  462.0  4.0  318.0
18.976  534.0  3.0  321.0
18.999  609.0  3.0  321.0
19.021  688.0  4.0  321.0
19.045  773.0  4.0  321.0
19.045  773.0  4.0  317.0
19.056  809.0  4.0  317.0
19.079  884.0  3.0  317.0
19.102  946.0  4.0  314.0
19.102  946.0  4.0  322.0
19.125  995.0  4.0  322.0
19.148  1023.0  4.0  322.0
19.162  1023.0  3.0  327.0
19.162  1023.0  4.0  326.0
19.186  1023.0  4.0  329.0
19.211  1023.0  4.0  329.0
19.236  1023.0  3.0  332.0
19.261  974.0  3.0  332.0
19.261  974.0  4.0  330.0
19.272  945.0  4.0  332.0
19.296  874.0  4.0  332.0
19.318  798.0  3.0  336.0
19.341  714.0  3.0  337.0
19.341  714.0  3.0  337.0
19.364  630.0  5.0  336.0
19.387  551.0  5.0  336.0
19.398  512.0  3.0  361.0
19.421  447.0  3.0  364.0
19.421  447.0  5.0  365.0
19.444  388.0  5.0  365.0
19.467  339.0  5.0  365.0
19.489  301.0  3.0  373.0
19.502  285.0  3.0  374.0
19.502  285.0  5.0  368.0
19.524  263.0  5.0  368.0
19.547  252.0  3.0  363.0
19.57  250.0  3.0  363.0
19.593  248.0  3.0  338.0
19.615  253.0  5.0  329.0
19.615  253.0  4.0  332.0
19.639  286.0  4.0  332.0
19.65  304.0  3.0  330.0
19.673  352.0  3.0  330.0
19.673  352.0  4.0  320.0
19.696  400.0  4.0  314.0
19.719  461.0  4.0  314.0
19.741  531.0  3.0  310.0
19.741  531.0  4.0  316.0
19.752  567.0  4.0  316.0
19.776  647.0  4.0  316.0
19.799  724.0  5.0  310.0
19.821  805.0  3.0  310.0
19.821  805.0  3.0  310.0
19.845  879.0  5.0  314.0
19.867  940.0  5.0  314.0
19.89  992.0  5.0  314.0
19.902  1013.0  3.0  324.0
19.902  1013.0  3.0  324.0
19.927  1023.0  2.0  326.0
19.951  1023.0  5.0  327.0
19.964  1023.0  3.0  329.0
19.989  1023.0  3.0  333.0
19.989  1023.0  3.0  333.0
20.014  1004.0  3.0  333.0
20.038  944.0  5.0  333.0
20.061  875.0  3.0  335.0
20.072  838.0  3.0  338.0
20.096  755.0  3.0  338.0
20.096  755.0  5.0  340.0
20.118  677.0  5.0  340.0
20.141  591.0  4.0  342.0
20.164  516.0  3.0  365.0
20.164  516.0  3.0  365.0
20.175  481.0  4.0  367.0
20.209  391.0  4.0  367.0
20.22  365.0  3.0  371.0
20.22  365.0  2.0  372.0
20.244  321.0  2.0  372.0
20.267  287.0  4.0  379.0
20.289  263.0  4.0  372.0
20.313  252.0  4.0  372.0
20.313  252.0  3.0  351.0
20.335  250.0  3.0  351.0
20.346  249.0  4.0  341.0
20.37  249.0  5.0  331.0
20.392  271.0  3.0  331.0
20.392  271.0  3.0  331.0
20.415  308.0  3.0  331.0
20.439  355.0  4.0  324.0
20.45  379.0  5.0  322.0
20.484  465.0  3.0  317.0
20.484  465.0  3.0  317.0
20.496  501.0  3.0  317.0
20.518  571.0  3.0  324.0
20.541  651.0  5.0  318.0
20.541  651.0  3.0  316.0
20.564  728.0  3.0  313.0
20.587  808.0  3.0  313.0
20.598  847.0  3.0  313.0
20.633  946.0  5.0  313.0
20.633  946.0  4.0  308.0
20.644  974.0  3.0  316.0
20.667  1016.0  3.0  316.0
20.692  1023.0  4.0  321.0
20.705  1023.0  4.0  321.0
20.705  1023.0  4.0  325.0
20.729  1023.0  3.0  328.0
20.754  1023.0  3.0  328.0
20.767  1023.0  4.0  329.0
20.791  972.0  4.0  331.0
20.791  972.0  4.0  331.0
20.813  910.0  3.0  333.0
20.837  835.0  3.0  333.0
20.859  755.0  4.0  333.0
20.859  755.0  4.0  334.0
20.882  676.0  4.0  334.0
20.894  631.0  3.0  341.0
20.928  514.0  4.0  363.0
20.939  480.0  4.0  363.0
20.939  480.0  4.0  366.0
20.963  416.0  3.0  368.0
20.985  362.0  3.0  368.0
21.008  320.0  3.0  368.0
21.031  284.0  4.0  368.0
21.031  284.0  4.0  368.0
21.043  273.0  2.0  368.0
21.065  255.0  3.0  350.0
21.088  251.0  3.0  350.0
21.111  249.0  3.0  350.0
21.111  249.0  5.0  329.0
21.134  249.0  3.0  330.0
21.157  273.0  3.0  328.0
21.169  293.0  3.0  328.0
21.191  332.0  5.0  324.0
21.191  332.0  5.0  324.0
21.214  382.0  4.0  320.0
21.237  441.0  3.0  314.0
21.26  510.0  3.0  314.0
21.282  585.0  4.0  323.0
21.282  585.0  4.0  309.0
21.306  664.0  4.0  309.0
21.317  703.0  3.0  315.0
21.34  786.0  3.0  315.0
21.34  786.0  4.0  309.0
21.363  861.0  5.0  312.0
21.386  927.0  3.0  313.0
21.408  984.0  3.0  313.0
21.433  1023.0  3.0  313.0
21.433  1023.0  3.0  320.0
21.445  1023.0  5.0  319.0
21.47  1023.0  3.0  325.0
21.482  1023.0  3.0  325.0
21.508  1023.0  3.0  325.0
21.508  1023.0  3.0  329.0
21.532  1016.0  5.0  330.0
21.557  960.0  3.0  334.0
21.579  898.0  3.0  334.0
21.579  898.0  3.0  334.0
21.602  823.0  5.0  334.0
21.625  738.0  5.0  334.0
21.625  738.0  5.0  334.0
21.648  657.0  4.0  338.0
21.67  574.0  3.0  357.0
21.694  496.0  4.0  365.0
21.716  430.0  4.0  371.0
21.716  430.0  4.0  371.0
21.728  402.0  4.0  371.0
21.75  349.0  3.0  369.0
21.774  311.0  4.0  368.0
21.796  279.0  4.0  371.0
21.796  279.0  4.0  371.0
21.819  258.0  3.0  368.0
21.842  250.0  3.0  368.0
21.865  249.0  4.0  346.0
21.876  249.0  4.0  338.0
21.876  249.0  4.0  338.0
21.9  249.0  3.0  331.0
21.922  277.0  3.0  329.0
21.945  313.0  3.0  329.0
21.957  337.0  5.0  325.0
21.957  337.0  5.0  325.0
21.98  388.0  3.0  313.0
22.002  443.0  3.0  313.0
22.026  516.0  5.0  320.0
22.048  588.0  5.0  320.0
22.048  588.0  5.0  320.0
22.071  670.0  3.0  313.0
22.094  753.0  3.0  314.0
22.106  792.0  4.0  312.0
22.128  867.0  4.0  315.0
22.128  867.0  4.0  315.0
22.151  931.0  4.0  315.0
22.174  983.0  3.0  312.0
22.185  1005.0  5.0  322.0
22.21  1023.0  4.0  327.0
22.21  1023.0  4.0  327.0
22.236  1023.0  3.0  330.0
22.26  1023.0  3.0  330.0
22.273  1023.0  4.0  330.0
22.273  1023.0  5.0  332.0
22.298  1013.0  5.0  332.0
22.322  957.0  3.0  334.0
22.344  893.0  3.0  334.0
22.368  816.0  3.0  334.0
22.368  816.0  5.0  334.0
22.39  729.0  5.0  334.0
22.402  691.0  3.0  340.0
22.425  606.0  3.0  356.0
22.448  529.0  5.0  365.0
22.448  529.0  5.0  365.0
22.47  463.0  5.0  365.0
22.494  403.0  3.0  363.0
22.516  351.0  3.0  368.0
22.528  332.0  5.0  368.0
22.528  332.0  5.0  368.0
22.55  293.0  5.0  368.0
22.574  269.0  3.0  369.0
22.596  255.0  3.0  366.0
22.619  250.0  4.0  343.0
22.619  250.0  4.0  343.0
22.631  250.0  4.0  332.0
22.653  249.0  4.0  332.0
22.676  259.0  3.0  332.0
22.676  259.0  4.0  328.0
22.7  292.0  5.0  321.0
22.722  340.0  5.0  321.0
22.745  387.0  3.0  319.0
22.768  445.0  3.0  319.0
22.768  445.0  3.0  314.0
22.779  481.0  3.0  314.0
22.813  591.0  5.0  317.0
22.825  631.0  3.0  317.0
22.848  712.0  3.0  319.0
22.848  712.0  3.0  319.0
22.871  794.0  3.0  319.0
22.894  867.0  5.0  312.0
22.905  902.0  3.0  309.0
22.928  959.0  3.0  310.0
22.928  959.0  5.0  322.0
22.95  1007.0  5.0  322.0
22.976  1023.0  5.0  322.0
23.001  1023.0  4.0  329.0
23.013  1023.0  3.0  328.0
23.013  1023.0  5.0  328.0
23.038  1023.0  5.0  328.0
23.063  1012.0  4.0  333.0
23.075  983.0  4.0  333.0
23.099  924.0  3.0  335.0
23.099  924.0  4.0  334.0
23.121  850.0  4.0  334.0
23.144  771.0  4.0  334.0
23.156  729.0  4.0  334.0
23.19  604.0  3.0  338.0
23.19  604.0  4.0  342.0
23.201  566.0  4.0  342.0
23.225  495.0  4.0  361.0
23.247  430.0  3.0  360.0
23.247  430.0  4.0  363.0
23.27  376.0  4.0  363.0
23.293  330.0  4.0  363.0
23.316  292.0  4.0  361.0
23.316  292.0  3.0  366.0
23.339  266.0  3.0  352.0
23.362  254.0  3.0  352.0
23.385  251.0  3.0  352.0
23.396  250.0  4.0  341.0
23.396  250.0  3.0  331.0
23.419  249.0  3.0  326.0
23.442  264.0  5.0  322.0
23.464  298.0  5.0  322.0
23.488  346.0  5.0  322.0
23.488  346.0  3.0  313.0
23.511  391.0  3.0  317.0
23.522  422.0  5.0  316.0
23.544  487.0  5.0  316.0
23.568  558.0  3.0  325.0
23.568  558.0  3.0  325.0
23.59  637.0  3.0  324.0
23.613  715.0  5.0  311.0
23.625  760.0  5.0  311.0
23.648  836.0  4.0  310.0
23.648  836.0  3.0  307.0
23.67  906.0  3.0  307.0
23.694  966.0  4.0  308.0
23.716  1011.0  4.0  308.0
23.729  1023.0  4.0  320.0
23.729  1023.0  3.0  313.0
23.754  1023.0  3.0  313.0
23.779  1023.0  4.0  323.0
23.791  1023.0  4.0  323.0
23.816  1023.0  4.0  329.0
23.816  1023.0  3.0  330.0
23.841  980.0  4.0  333.0
23.864  920.0  4.0  333.0
23.887  845.0  4.0  333.0
23.899  808.0  5.0  333.0
23.899  808.0  3.0  336.0
23.921  724.0  4.0  337.0
23.944  639.0  5.0  342.0
23.967  557.0  5.0  342.0
23.99  486.0  5.0  342.0
23.99  486.0  3.0  363.0
24.012  422.0  3.0  373.0
24.025  394.0  5.0  376.0
24.047  342.0  5.0  376.0
24.047  342.0  5.0  376.0
24.07  305.0  3.0  378.0
24.093  275.0  2.0  376.0
24.116  256.0  5.0  366.0
24.138  251.0  3.0  344.0
24.138  251.0  3.0  344.0
24.162  250.0  3.0  332.0
24.184  249.0  3.0  332.0
24.207  267.0  4.0  324.0
24.207  267.0  4.0  324.0
24.23  305.0  4.0  323.0
24.253  349.0  3.0  318.0
24.264  373.0  4.0  309.0
24.288  426.0  4.0  309.0
24.288  426.0  4.0  309.0
24.31  492.0  4.0  304.0
24.333  563.0  3.0  319.0
24.356  642.0  4.0  312.0
24.356  642.0  4.0  312.0
24.379  723.0  4.0  306.0
24.401  805.0  4.0  306.0
24.413  841.0  3.0  308.0
24.436  912.0  4.0  312.0
24.436  912.0  4.0  312.0
24.459  970.0  5.0  312.0
24.481  1012.0  3.0  317.0
24.507  1023.0  3.0  317.0
24.507  1023.0  3.0  314.0
24.519  1023.0  3.0  314.0
24.544  1023.0  5.0  324.0
24.569  1023.0  3.0  328.0
24.582  1023.0  3.0  328.0
24.582  1023.0  3.0  328.0
24.606  977.0  3.0  328.0
24.63  918.0  5.0  330.0
24.652  839.0  3.0  333.0
24.675  759.0  3.0  335.0
24.675  759.0  3.0  335.0
24.698  676.0  5.0  333.0
24.71  630.0  5.0  333.0
24.743  514.0  4.0  342.0
24.756  480.0  3.0  347.0
24.756  480.0  3.0  347.0
24.778  416.0  4.0  360.0
24.801  363.0  4.0  360.0
24.824  323.0  4.0  360.0
24.836  302.0  3.0  366.0
24.836  302.0  3.0  366.0
24.858  273.0  4.0  364.0
24.881  256.0  4.0  348.0
24.904  251.0  3.0  338.0
24.927  249.0  3.0  338.0
24.927  249.0  3.0  338.0
24.95  249.0  4.0  326.0
24.973  270.0  5.0  326.0
24.984  289.0  3.0  324.0
25.007  330.0  3.0  319.0
25.007  330.0  3.0  319.0
25.03  379.0  3.0  319.0
25.053  435.0  5.0  310.0
25.075  505.0  3.0  320.0
25.075  505.0  3.0  320.0
25.099  575.0  3.0  320.0
25.121  655.0  5.0  314.0
25.133  694.0  5.0  314.0
25.156  778.0  4.0  308.0
25.156  778.0  4.0  308.0
25.179  852.0  3.0  311.0
25.201  918.0  5.0  315.0
25.225  973.0  5.0  315.0
25.247  1016.0  4.0  311.0
25.247  1016.0  4.0  311.0
25.26  1023.0  3.0  316.0
25.285  1023.0  4.0  315.0
25.31  1023.0  4.0  325.0
25.322  1023.0  4.0  325.0
25.322  1023.0  4.0  325.0
25.347  1022.0  3.0  328.0
25.371  972.0  5.0  328.0
25.394  908.0  4.0  330.0
25.394  908.0  3.0  333.0
25.417  832.0  3.0  333.0
25.428  794.0  3.0  333.0
25.451  707.0  4.0  334.0
25.474  624.0  4.0  334.0
25.474  624.0  3.0  343.0
25.497  546.0  3.0  343.0
25.52  479.0  3.0  343.0
25.531  446.0  4.0  359.0
25.554  390.0  5.0  358.0
25.554  390.0  3.0  363.0
25.577  340.0  3.0  363.0
25.6  299.0  2.0  365.0
25.623  274.0  5.0  362.0
25.646  256.0  5.0  362.0
25.646  256.0  3.0  349.0
25.657  252.0  3.0  349.0
25.679  250.0  3.0  336.0
25.703  249.0  4.0  326.0
25.725  256.0  4.0  326.0
25.725  256.0  4.0  326.0
25.749  287.0  4.0  326.0
25.76  311.0  3.0  324.0
25.783  358.0  5.0  318.0
25.805  406.0  4.0  314.0
25.829  468.0  4.0  314.0
25.829  468.0  4.0  314.0
25.851  539.0  3.0  319.0
25.874  613.0  4.0  314.0
25.897  697.0  4.0  315.0
25.897  697.0  3.0  311.0
25.92  777.0  3.0  311.0
25.943  854.0  3.0  312.0
25.955  890.0  3.0  312.0
25.955  890.0  5.0  313.0
25.977  949.0  3.0  314.0
26.0  999.0  3.0  314.0
26.024  1023.0  3.0  317.0
26.037  1023.0  3.0  317.0
26.037  1023.0  5.0  326.0
26.061  1023.0  3.0  327.0
26.074  1023.0  3.0  327.0
26.099  1023.0  2.0  330.0
26.124  996.0  5.0  329.0
26.124  996.0  5.0  329.0
26.146  937.0  5.0  329.0
26.17  866.0  3.0  332.0
26.192  790.0  3.0  333.0
26.204  746.0  5.0  335.0
26.204  746.0  4.0  336.0
26.238  621.0  4.0  336.0
26.25  582.0  4.0  336.0
26.272  507.0  3.0  344.0
26.296  441.0  5.0  354.0
26.296  441.0  4.0  350.0
26.318  384.0  4.0  350.0
26.341  333.0  4.0  350.0
26.353  314.0  3.0  367.0
26.376  281.0  4.0  366.0
26.376  281.0  4.0  359.0
26.398  259.0  3.0  350.0
26.422  251.0  3.0  350.0
26.444  250.0  3.0  350.0
26.444  250.0  4.0  330.0
26.467  249.0  5.0  327.0
26.478  250.0  3.0  325.0
26.502  277.0  3.0  325.0
26.524  313.0  4.0  326.0
26.524  313.0  4.0  326.0
26.548  361.0  5.0  317.0
26.57  411.0  5.0  317.0
26.593  474.0  3.0  320.0
26.616  547.0  3.0  314.0
26.616  547.0  5.0  308.0
26.628  582.0  5.0  308.0
26.661  706.0  3.0  313.0
26.673  749.0  3.0  313.0
26.673  749.0  3.0  312.0
26.696  828.0  5.0  312.0
26.719  899.0  4.0  310.0
26.741  958.0  4.0  310.0
26.765  1006.0  4.0  310.0
26.765  1006.0  3.0  318.0
26.777  1023.0  4.0  327.0
26.802  1023.0  4.0  325.0
26.827  1023.0  4.0  325.0
26.84  1023.0  3.0  327.0
26.84  1023.0  3.0  327.0
26.864  1023.0  4.0  329.0
26.89  988.0  4.0  330.0
26.912  929.0  4.0  330.0
26.935  856.0  3.0  331.0
26.935  856.0  3.0  331.0
26.947  817.0  4.0  330.0
26.97  731.0  5.0  331.0
26.992  650.0  5.0  331.0
27.016  568.0  3.0  335.0
27.016  568.0  4.0  346.0
27.038  495.0  4.0  346.0
27.049  463.0  4.0  349.0
27.072  402.0  4.0  349.0
27.096  347.0  3.0  351.0
27.096  347.0  4.0  363.0
27.118  310.0  4.0  365.0
27.141  279.0  4.0  365.0
27.153  267.0  4.0  365.0
27.187  252.0  3.0  349.0
27.187  252.0  3.0  346.0
27.198  251.0  5.0  328.0
27.222  250.0  3.0  326.0
27.244  251.0  3.0  326.0
27.267  276.0  3.0  326.0
27.267  276.0  3.0  326.0
27.29  317.0  5.0  320.0
27.301  343.0  4.0  319.0
27.324  389.0  4.0  319.0
27.347  445.0  4.0  319.0
27.347  445.0  3.0  318.0
27.37  513.0  5.0  314.0
27.393  585.0  4.0  308.0
27.416  666.0  4.0  308.0
27.416  666.0  3.0  309.0
27.427  704.0  3.0  309.0
27.45  788.0  5.0  306.0
27.472  861.0  4.0  306.0
27.496  926.0  4.0  306.0
27.496  926.0  3.0  306.0
27.518  981.0  5.0  317.0
27.542  1022.0  5.0  317.0
27.555  1023.0  4.0  319.0
27.58  1023.0  4.0  319.0
27.58  1023.0  3.0  325.0
27.604  1023.0  4.0  326.0
27.618  1023.0  5.0  328.0
27.642  1014.0  5.0  328.0
27.666  959.0  5.0  328.0
27.666  959.0  3.0  329.0
27.689  895.0  4.0  328.0
27.712  817.0  5.0  329.0
27.723  775.0  5.0  329.0
27.747  690.0  5.0  329.0
27.747  690.0  3.0  338.0
27.769  608.0  3.0  345.0
27.792  530.0  5.0  349.0
27.815  465.0  5.0  349.0
27.827  431.0  3.0  350.0
27.827  431.0  3.0  350.0
27.86  348.0  3.0  357.0
27.872  330.0  5.0  364.0
27.895  292.0  3.0  362.0
27.918  268.0  3.0  362.0
27.918  268.0  3.0  349.0
27.94  254.0  3.0  349.0
27.953  251.0  5.0  342.0
27.975  250.0  4.0  327.0
27.975  250.0  4.0  327.0
27.998  249.0  3.0  325.0
28.021  263.0  4.0  325.0
28.044  298.0  4.0  325.0
28.066  343.0  4.0  320.0
28.066  343.0  4.0  320.0
28.09  390.0  3.0  316.0
28.101  419.0  4.0  310.0
28.124  484.0  4.0  316.0
28.147  558.0  4.0  316.0
28.147  558.0  4.0  316.0
28.17  636.0  3.0  313.0
28.192  715.0  4.0  312.0
28.204  759.0  4.0  311.0
28.227  834.0  4.0  311.0
28.25  904.0  4.0  311.0
28.25  904.0  3.0  306.0
28.272  962.0  4.0  310.0
28.296  1008.0  5.0  318.0
28.308  1023.0  3.0  326.0
28.333  1023.0  3.0  326.0
28.333  1023.0  3.0  326.0
28.358  1023.0  3.0  324.0
28.37  1023.0  5.0  326.0
28.395  1023.0  3.0  329.0
28.395  1023.0  3.0  329.0
28.421  981.0  2.0  329.0
28.443  919.0  2.0  329.0
28.466  845.0  5.0  329.0
28.489  764.0  3.0  331.0
28.489  764.0  3.0  331.0
28.5  721.0  2.0  333.0
28.523  642.0  5.0  343.0
28.547  561.0  5.0  343.0
28.569  488.0  3.0  350.0
28.569  488.0  3.0  350.0
28.592  423.0  3.0  350.0
28.615  367.0  4.0  355.0
28.626  341.0  4.0  355.0
28.649  304.0  4.0  355.0
28.649  304.0  3.0  358.0
28.672  275.0  3.0  357.0
28.695  255.0  4.0  349.0
28.718  251.0  4.0  341.0
28.729  250.0  4.0  341.0
28.729  250.0  4.0  341.0
28.752  249.0  3.0  327.0
28.775  254.0  4.0  325.0
28.797  285.0  5.0  323.0
28.821  325.0  5.0  323.0
28.821  325.0  3.0  315.0
28.844  374.0  3.0  315.0
28.866  425.0  3.0  312.0
28.878  461.0  5.0  313.0
28.901  531.0  5.0  313.0
28.901  531.0  3.0  316.0
28.923  606.0  3.0  312.0
28.947  688.0  3.0  312.0
28.969  770.0  5.0  313.0
28.969  770.0  5.0  313.0
28.981  809.0  3.0  308.0
29.003  883.0  3.0  306.0
29.027  945.0  5.0  304.0
29.049  994.0  5.0  304.0
29.049  994.0  5.0  304.0
29.073  1023.0  4.0  321.0
29.086  1023.0  2.0  316.0
29.111  1023.0  5.0  323.0
29.135  1023.0  5.0  323.0
29.135  1023.0  3.0  329.0
29.149  1023.0  3.0  329.0
29.173  1001.0  3.0  330.0
29.197  941.0  4.0  331.0
29.22  869.0  4.0  332.0
29.243  793.0  4.0  332.0
29.243  793.0  4.0  332.0
29.254  748.0  3.0  334.0
29.278  669.0  4.0  332.0
29.3  585.0  4.0  340.0
29.3  585.0  4.0  340.0
29.323  509.0  3.0  349.0
29.346  442.0  3.0  349.0
29.369  384.0  4.0  350.0
29.391  334.0  4.0  352.0
29.391  334.0  4.0  352.0
29.403  316.0  3.0  354.0
29.426  282.0  2.0  350.0
29.449  261.0  2.0  350.0
29.471  252.0  5.0  348.0
29.471  252.0  5.0  348.0
29.495  250.0  3.0  340.0
29.517  249.0  3.0  326.0
29.54  258.0  5.0  325.0
29.54  258.0  5.0  325.0
29.552  274.0  5.0  325.0
29.575  309.0  4.0  321.0
29.597  360.0  3.0  310.0
29.621  404.0  4.0  310.0
29.621  404.0  4.0  311.0
29.643  469.0  4.0  311.0
29.655  507.0  4.0  311.0
29.678  578.0  3.0  317.0
29.701  660.0  4.0  314.0
29.701  660.0  4.0  305.0
29.723  741.0  4.0  305.0
29.747  819.0  3.0  309.0
29.769  890.0  3.0  309.0
29.78  921.0  4.0  311.0
29.78  921.0  4.0  310.0
29.815  999.0  4.0  310.0
29.827  1019.0  3.0  317.0
29.851  1023.0  3.0  317.0
29.877  1023.0  3.0  317.0
29.877  1023.0  5.0  320.0
29.889  1023.0  5.0  320.0
29.914  1023.0  3.0  326.0
29.938  996.0  3.0  328.0
29.95  969.0  3.0  328.0
29.95  969.0  5.0  329.0
29.973  904.0  5.0  329.0
29.996  827.0  3.0  331.0
30.019  743.0  2.0  333.0
30.042  663.0  5.0  333.0
30.042  663.0  5.0  333.0
30.064  578.0  5.0  333.0
30.076  539.0  3.0  339.0
30.099  473.0  2.0  346.0
30.121  405.0  5.0  347.0
30.121  405.0  3.0  352.0
30.145  354.0  3.0  352.0
30.168  314.0  3.0  352.0
30.179  295.0  2.0  355.0
30.214  259.0  4.0  351.0
30.214  259.0  4.0  351.0
30.225  255.0  3.0  350.0
30.247  250.0  3.0  333.0
30.27  249.0  3.0  333.0
30.294  250.0  4.0  326.0
30.294  250.0  4.0  326.0
30.316  277.0  4.0  326.0
30.327  294.0  3.0  322.0
30.351  338.0  4.0  309.0
30.351  338.0  4.0  309.0
30.373  384.0  4.0  309.0
30.396  443.0  4.0  316.0
30.419  510.0  3.0  317.0
30.442  581.0  4.0  317.0
30.442  581.0  4.0  317.0
30.453  620.0  4.0  317.0
30.477  701.0  5.0  313.0
30.499  782.0  3.0  305.0
30.522  854.0  4.0  307.0
30.522  854.0  5.0  310.0
30.545  922.0  5.0  310.0
30.557  950.0  5.0  310.0
30.579  1000.0  3.0  316.0
30.604  1023.0  3.0  319.0
30.604  1023.0  5.0  316.0
30.629  1023.0  5.0  316.0
30.642  1023.0  3.0  326.0
30.666  1023.0  3.0  326.0
30.692  1018.0  2.0  328.0
30.692  1018.0  5.0  327.0
30.704  990.0  5.0  327.0
30.727  932.0  3.0  329.0
30.75  857.0  2.0  331.0
30.773  780.0  2.0  331.0
30.773  780.0  5.0  333.0
30.795  699.0  5.0  333.0
30.819  614.0  4.0  332.0
30.841  538.0  2.0  338.0
30.853  501.0  2.0  338.0
30.853  501.0  5.0  345.0
30.876  436.0  5.0  345.0
30.899  378.0  3.0  348.0
30.921  330.0  3.0  352.0
30.945  294.0  4.0  351.0
30.945  294.0  4.0  351.0
30.967  267.0  4.0  351.0
30.99  254.0  4.0  349.0
31.013  250.0  3.0  345.0
31.013  250.0  4.0  327.0
31.025  250.0  4.0  327.0
31.047  249.0  4.0  325.0
31.07  263.0  3.0  326.0
31.093  294.0  3.0  326.0
31.093  294.0  4.0  324.0
31.116  339.0  4.0  324.0
31.127  367.0  5.0  317.0
31.151  418.0  3.0  316.0
31.173  481.0  3.0  316.0
31.173  481.0  3.0  305.0
31.196  553.0  3.0  305.0
31.219  633.0  5.0  310.0
31.242  710.0  3.0  309.0
31.242  710.0  3.0  305.0
31.264  792.0  3.0  305.0
31.288  867.0  3.0  305.0
31.31  932.0  5.0  306.0
31.322  962.0  3.0  308.0
31.322  962.0  3.0  318.0
31.345  1007.0  5.0  324.0
31.37  1023.0  5.0  324.0
31.382  1023.0  5.0  324.0
31.408  1023.0  4.0  322.0
31.408  1023.0  3.0  325.0
31.432  1023.0  4.0  328.0
31.444  1023.0  4.0  328.0
31.469  982.0  4.0  328.0
31.493  924.0  4.0  328.0
31.493  924.0  3.0  330.0
31.515  848.0  4.0  329.0
31.538  771.0  4.0  329.0
31.561  688.0  4.0  332.0
31.572  647.0  4.0  332.0
31.572  647.0  3.0  338.0
31.595  566.0  4.0  345.0
31.619  491.0  4.0  345.0
31.641  425.0  4.0  348.0
31.641  425.0  3.0  350.0
31.664  370.0  3.0  350.0
31.687  327.0  4.0  354.0
31.698  307.0  4.0  354.0
31.721  277.0  4.0  358.0
31.732  266.0  3.0  351.0
31.745  257.0  4.0  346.0
31.767  252.0  4.0  346.0
31.79  250.0  4.0  346.0
31.801  250.0  4.0  330.0
31.801  250.0  3.0  326.0
31.836  265.0  3.0  324.0
31.847  281.0  3.0  324.0
31.869  319.0  3.0  324.0
31.893  371.0  5.0  318.0
31.893  371.0  3.0  320.0
31.916  417.0  2.0  313.0
31.939  485.0  5.0  313.0
31.962  554.0  5.0  313.0
31.973  594.0  3.0  313.0
31.973  594.0  3.0  313.0
31.995  673.0  3.0  308.0
32.019  755.0  5.0  307.0
32.041  832.0  5.0  307.0
32.064  905.0  4.0  305.0
32.064  905.0  3.0  309.0
32.076  934.0  3.0  309.0
32.11  1008.0  4.0  315.0
32.122  1023.0  4.0  315.0
32.122  1023.0  4.0  321.0
32.148  1023.0  3.0  321.0
32.173  1023.0  3.0  321.0
32.185  1023.0  4.0  321.0
32.21  1023.0  4.0  321.0
32.21  1023.0  5.0  325.0
32.235  983.0  3.0  326.0
32.258  921.0  2.0  327.0
32.281  846.0  5.0  327.0
32.281  846.0  5.0  327.0
32.304  765.0  5.0  327.0
32.315  721.0  3.0  328.0
32.338  639.0  3.0  332.0
32.361  559.0  5.0  337.0
32.384  486.0  5.0  337.0
32.384  486.0  5.0  337.0
32.407  421.0  3.0  346.0
32.43  367.0  2.0  346.0
32.452  326.0  5.0  347.0
32.452  326.0  5.0  347.0
32.476  289.0  3.0  348.0
32.487  277.0  3.0  348.0
32.509  258.0  3.0  347.0
32.532  251.0  4.0  341.0
32.532  251.0  4.0  341.0
32.556  250.0  4.0  325.0
32.578  249.0  3.0  323.0
32.601  268.0  3.0  323.0
32.601  268.0  4.0  322.0
32.624  301.0  4.0  322.0
32.635  326.0  4.0  324.0
32.658  375.0  3.0  310.0
32.681  431.0  3.0  305.0
32.681  431.0  3.0  305.0
32.704  497.0  3.0  305.0
32.727  570.0  5.0  307.0
32.739  608.0  3.0  306.0
32.761  687.0  3.0  313.0
32.761  687.0  5.0  314.0
32.784  769.0  5.0  314.0
32.807  845.0  5.0  314.0
32.83  912.0  4.0  314.0
32.852  968.0  3.0  309.0
32.864  992.0  5.0  318.0
32.864  992.0  5.0  318.0
32.888  1023.0  4.0  324.0
32.913  1023.0  4.0  324.0
32.925  1023.0  3.0  321.0
32.951  1023.0  4.0  323.0
32.951  1023.0  4.0  323.0
32.975  1023.0  4.0  327.0
33.0  972.0  3.0  328.0
33.0  972.0  3.0  328.0
33.024  909.0  4.0  327.0
33.046  834.0  4.0  327.0
33.057  795.0  4.0  325.0
33.057  795.0  3.0  332.0
33.092  673.0  3.0  332.0
33.115  588.0  3.0  332.0
33.126  549.0  4.0  337.0
33.126  549.0  4.0  340.0
33.161  447.0  3.0  344.0
33.172  416.0  3.0  344.0
33.195  362.0  3.0  343.0
33.195  362.0  4.0  346.0
33.218  321.0  4.0  346.0
33.241  285.0  3.0  348.0
33.263  261.0  3.0  348.0
33.287  253.0  3.0  346.0
33.287  253.0  5.0  339.0
33.309  251.0  3.0  326.0
33.332  250.0  3.0  326.0
33.355  259.0  3.0  326.0
33.367  274.0  3.0  323.0
33.367  274.0  5.0  322.0
33.389  311.0  4.0  319.0
33.413  358.0  3.0  305.0
33.435  405.0  3.0  305.0
33.458  469.0  4.0  304.0
33.458  469.0  4.0  304.0
33.481  540.0  4.0  316.0
33.492  578.0  3.0  312.0
33.515  655.0  3.0  312.0
33.539  734.0  4.0  308.0
33.539  734.0  4.0  308.0
33.561  815.0  4.0  309.0
33.584  888.0  4.0  309.0
33.595  920.0  3.0  310.0
33.595  920.0  4.0  308.0
33.618  976.0  5.0  315.0
33.641  1020.0  5.0  315.0
33.666  1023.0  5.0  315.0
33.691  1023.0  3.0  320.0
33.691  1023.0  3.0  319.0
33.703  1023.0  4.0  320.0
33.728  1023.0  3.0  324.0
33.754  994.0  3.0  324.0
33.765  966.0  3.0  323.0
33.765  966.0  3.0  323.0
33.799  866.0  5.0  324.0
33.811  829.0  3.0  324.0
33.833  747.0  3.0  324.0
33.856  669.0  3.0  327.0
33.856  669.0  3.0  327.0
33.88  583.0  5.0  335.0
33.891  542.0  3.0  345.0
33.913  474.0  3.0  345.0
33.937  409.0  3.0  341.0
33.937  409.0  4.0  342.0
33.959  356.0  4.0  342.0
33.982  316.0  4.0  342.0
34.006  282.0  4.0  346.0
34.006  282.0  3.0  344.0
34.028  259.0  4.0  341.0
34.051  252.0  4.0  332.0
34.074  250.0  4.0  332.0
34.085  250.0  3.0  319.0
34.085  250.0  3.0  319.0
34.108  249.0  3.0  313.0
34.13  272.0  5.0  315.0
34.154  311.0  5.0  315.0
34.177  359.0  3.0  313.0
34.177  359.0  3.0  297.0
34.188  382.0  3.0  297.0
34.211  440.0  4.0  296.0
34.234  510.0  4.0  296.0
34.256  581.0  3.0  305.0
34.256  581.0  3.0  305.0
34.28  664.0  3.0  305.0
34.302  745.0  3.0  305.0
34.314  788.0  5.0  305.0
34.337  862.0  4.0  299.0
34.337  862.0  3.0  298.0
34.36  927.0  5.0  297.0
34.382  983.0  5.0  297.0
34.407  1023.0  5.0  297.0
34.407  1023.0  4.0  306.0
34.419  1023.0  3.0  305.0
34.444  1023.0  4.0  310.0
34.469  1023.0  4.0  310.0
34.494  1023.0  4.0  314.0
34.494  1023.0  3.0  318.0
34.506  1015.0  3.0  318.0
34.53  960.0  4.0  317.0
34.553  898.0  4.0  317.0
34.576  820.0  4.0  318.0
34.576  820.0  3.0  322.0
34.598  737.0  4.0  321.0
34.611  698.0  4.0  321.0
34.633  610.0  4.0  321.0
34.656  531.0  4.0  325.0
34.656  531.0  3.0  338.0
34.679  467.0  3.0  339.0
34.702  403.0  3.0  339.0
34.724  350.0  3.0  339.0
34.724  350.0  5.0  341.0
34.748  315.0  3.0  343.0
34.759  294.0  3.0  343.0
34.782  269.0  3.0  343.0
34.805  256.0  5.0  340.0
34.805  256.0  3.0  332.0
34.828  251.0  3.0  332.0
34.85  250.0  3.0  317.0
34.874  250.0  3.0  317.0
34.885  259.0  5.0  316.0
34.885  259.0  4.0  313.0
34.919  320.0  3.0  308.0
34.93  338.0  3.0  308.0
34.954  387.0  3.0  308.0
34.954  387.0  4.0  298.0
34.976  448.0  4.0  298.0
34.999  520.0  3.0  308.0
35.022  594.0  3.0  308.0
35.034  634.0  3.0  308.0
35.034  634.0  4.0  305.0
35.068  757.0  4.0  303.0
35.091  834.0  3.0  299.0
35.102  870.0  3.0  299.0
35.102  870.0  4.0  300.0
35.125  934.0  4.0  300.0
35.148  987.0  5.0  297.0
35.172  1023.0  3.0  310.0
35.184  1023.0  3.0  310.0
35.184  1023.0  3.0  306.0
35.21  1023.0  5.0  307.0
35.234  1023.0  5.0  307.0
35.259  1023.0  3.0  316.0
35.272  1009.0  3.0  316.0
35.272  1009.0  3.0  318.0
35.296  953.0  5.0  319.0
35.318  887.0  3.0  320.0
35.342  810.0  3.0  320.0
35.342  810.0  3.0  320.0
35.364  725.0  3.0  321.0
35.387  641.0  5.0  322.0
35.398  599.0  3.0  329.0
35.422  523.0  3.0  329.0
35.422  523.0  3.0  329.0
35.444  458.0  2.0  338.0
35.468  397.0  5.0  338.0
35.49  345.0  3.0  342.0
35.513  308.0  3.0  341.0
35.513  308.0  3.0  341.0
35.536  276.0  3.0  341.0
35.548  265.0  4.0  339.0
35.57  253.0  4.0  338.0
35.593  251.0  3.0  321.0
35.593  251.0  3.0  321.0
35.616  250.0  4.0  316.0
35.639  253.0  4.0  315.0
35.661  285.0  4.0  315.0
35.661  285.0  4.0  315.0
35.674  308.0  3.0  313.0
35.696  350.0  3.0  301.0
35.719  399.0  5.0  309.0
35.742  461.0  5.0  309.0
35.765  532.0  3.0  306.0
35.765  532.0  3.0  306.0
35.776  568.0  3.0  305.0
35.811  686.0  5.0  303.0
35.822  728.0  3.0  302.0
35.822  728.0  3.0  302.0
35.845  809.0  3.0  302.0
35.868  882.0  3.0  297.0
35.891  945.0  5.0  295.0
35.891  945.0  4.0  306.0
35.913  994.0  3.0  308.0
35.938  1023.0  3.0  308.0
35.962  1023.0  3.0  308.0
35.962  1023.0  5.0  311.0
35.975  1023.0  4.0  313.0
36.0  1023.0  4.0  313.0
36.025  1023.0  3.0  319.0
36.048  972.0  5.0  317.0
36.048  972.0  5.0  317.0
36.072  912.0  4.0  318.0
36.094  837.0  4.0  318.0
36.106  799.0  3.0  321.0
36.128  715.0  4.0  320.0
36.128  715.0  4.0  320.0
36.152  630.0  4.0  322.0
36.174  551.0  4.0  322.0
36.197  482.0  3.0  330.0
36.197  482.0  4.0  334.0
36.209  449.0  4.0  336.0
36.232  391.0  4.0  336.0
36.254  340.0  3.0  341.0
36.278  300.0  3.0  341.0
36.278  300.0  4.0  345.0
36.3  273.0  4.0  339.0
36.323  256.0  3.0  337.0
36.335  252.0  3.0  337.0
36.369  251.0  3.0  318.0
36.369  251.0  3.0  318.0
36.38  250.0  5.0  314.0
36.404  256.0  5.0  314.0
36.426  293.0  3.0  315.0
36.426  293.0  3.0  315.0
36.449  334.0  3.0  315.0
36.472  380.0  5.0  306.0
36.495  439.0  5.0  306.0
36.517  506.0  4.0  306.0
36.529  539.0  3.0  305.0
36.529  539.0  4.0  296.0
36.552  617.0  4.0  296.0
36.575  697.0  4.0  296.0
36.598  782.0  4.0  304.0
36.598  782.0  3.0  297.0
36.621  858.0  5.0  298.0
36.643  925.0  4.0  294.0
36.655  955.0  4.0  294.0
36.678  1000.0  4.0  294.0
36.678  1000.0  3.0  309.0
36.703  1023.0  5.0  312.0
36.715  1023.0  4.0  312.0
36.741  1023.0  4.0  312.0
36.765  1023.0  3.0  317.0
36.765  1023.0  3.0  317.0
36.79  1016.0  4.0  319.0
36.803  993.0  5.0  317.0
36.826  935.0  5.0  317.0
36.848  860.0  3.0  318.0
36.848  860.0  3.0  318.0
36.872  785.0  3.0  319.0
36.894  700.0  5.0  321.0
36.917  613.0  5.0  321.0
36.917  613.0  3.0  326.0
36.94  535.0  2.0  335.0
36.952  498.0  5.0  336.0
36.974  433.0  5.0  336.0
36.998  377.0  5.0  336.0
36.998  377.0  3.0  340.0
37.02  330.0  2.0  341.0
37.043  291.0  5.0  342.0
37.066  266.0  3.0  339.0
37.089  254.0  3.0  339.0
37.089  254.0  3.0  339.0
37.1  251.0  3.0  336.0
37.123  250.0  4.0  320.0
37.146  249.0  4.0  316.0
37.169  262.0  4.0  316.0
37.169  262.0  3.0  319.0
37.18  282.0  3.0  319.0
37.203  318.0  4.0  314.0
37.226  370.0  4.0  314.0
37.249  420.0  4.0  296.0
37.249  420.0  3.0  302.0
37.272  484.0  4.0  299.0
37.295  554.0  4.0  299.0
37.317  635.0  4.0  299.0
37.328  674.0  5.0  298.0
37.328  674.0  3.0  306.0
37.352  759.0  3.0  298.0
37.374  834.0  3.0  298.0
37.398  905.0  5.0  298.0
37.398  905.0  5.0  298.0
37.421  963.0  3.0  299.0
37.443  1007.0  3.0  308.0
37.455  1023.0  5.0  314.0
37.481  1023.0  5.0  314.0
37.481  1023.0  5.0  314.0
37.506  1023.0  3.0  311.0
37.518  1023.0  3.0  314.0
37.543  1023.0  5.0  314.0
37.568  983.0  4.0  316.0
37.568  983.0  4.0  316.0
37.579  952.0  4.0  316.0
37.614  847.0  3.0  320.0
37.625  808.0  4.0  320.0
37.648  722.0  4.0  321.0
37.671  638.0  4.0  321.0
37.671  638.0  4.0  321.0
37.694  559.0  3.0  326.0
37.716  486.0  4.0  335.0
37.728  455.0  4.0  337.0
37.728  455.0  4.0  337.0
37.751  396.0  3.0  340.0
37.774  342.0  3.0  340.0
37.797  304.0  4.0  340.0
37.82  276.0  4.0  339.0
37.82  276.0  4.0  339.0
37.842  257.0  3.0  339.0
37.854  253.0  3.0  329.0
37.877  250.0  3.0  329.0
37.9  250.0  4.0  316.0
37.9  250.0  4.0  316.0
37.922  254.0  3.0  314.0
37.946  290.0  2.0  316.0
37.968  327.0  5.0  295.0
37.968  327.0  5.0  295.0
37.991  378.0  5.0  295.0
38.003  403.0  3.0  299.0
38.026  465.0  3.0  306.0
38.048  537.0  5.0  306.0
38.048  537.0  4.0  304.0
38.072  616.0  4.0  304.0
38.094  697.0  4.0  304.0
38.117  780.0  3.0  302.0
38.14  855.0  4.0  298.0
38.14  855.0  4.0  298.0
38.152  890.0  4.0  298.0
38.174  950.0  4.0  298.0
38.198  998.0  3.0  296.0
38.209  1017.0  4.0  310.0
38.221  1023.0  5.0  303.0
38.234  1023.0  5.0  303.0
38.258  1023.0  3.0  315.0
38.284  1023.0  3.0  316.0
38.296  1023.0  3.0  316.0
38.296  1023.0  3.0  316.0
38.321  993.0  5.0  319.0
38.344  936.0  3.0  321.0
38.367  864.0  2.0  321.0
38.389  787.0  4.0  320.0
38.389  787.0  4.0  320.0
38.402  743.0  4.0  320.0
38.424  661.0  3.0  324.0
38.447  581.0  2.0  327.0
38.47  506.0  4.0  336.0
38.47  506.0  4.0  337.0
38.493  442.0  4.0  337.0
38.515  386.0  4.0  337.0
38.539  335.0  3.0  341.0
38.55  317.0  4.0  340.0
38.55  317.0  4.0  340.0
38.573  282.0  4.0  340.0
38.596  261.0  3.0  338.0
38.619  252.0  3.0  338.0
38.619  252.0  3.0  327.0
38.63  251.0  3.0  327.0
38.665  250.0  4.0  316.0
38.676  249.0  3.0  318.0
38.699  276.0  3.0  306.0
38.699  276.0  3.0  306.0
38.721  315.0  3.0  306.0
38.745  363.0  4.0  305.0
38.767  411.0  3.0  296.0
38.79  474.0  3.0  306.0
38.79  474.0  3.0  306.0
38.813  543.0  3.0  306.0
38.824  581.0  4.0  306.0
38.847  662.0  3.0  303.0
38.871  745.0  3.0  302.0
38.871  745.0  4.0  296.0
38.893  824.0  4.0  296.0
38.916  895.0  4.0  296.0
38.939  957.0  4.0  300.0
38.95  981.0  3.0  300.0
38.95  981.0  4.0  309.0
38.974  1022.0  4.0  309.0
39.0  1023.0  4.0  303.0
39.012  1023.0  4.0  303.0
39.012  1023.0  3.0  315.0
39.036  1023.0  3.0  315.0
39.062  1023.0  4.0  317.0
39.087  988.0  4.0  318.0
39.098  959.0  3.0  322.0
39.098  959.0  3.0  322.0
39.12  895.0  3.0  322.0
39.144  818.0  3.0  321.0
39.166  734.0  5.0  322.0
39.189  651.0  2.0  323.0
39.189  651.0  2.0  329.0
39.201  609.0  2.0  329.0
39.235  495.0  2.0  329.0
39.246  465.0  4.0  336.0
39.246  465.0  3.0  339.0
39.281  374.0  3.0  344.0
39.292  346.0  3.0  344.0
39.315  308.0  4.0  344.0
39.339  278.0  4.0  344.0
39.339  278.0  3.0  344.0
39.361  258.0  3.0  342.0
39.384  252.0  3.0  342.0
39.407  251.0  4.0  321.0
39.418  250.0  4.0  317.0
39.418  250.0  4.0  317.0
39.441  253.0  3.0  317.0
39.464  283.0  3.0  317.0
39.487  323.0  4.0  312.0
39.487  323.0  4.0  310.0
39.51  371.0  3.0  310.0
39.533  422.0  3.0  310.0
39.556  489.0  3.0  310.0
39.567  522.0  4.0  305.0
39.567  522.0  4.0  306.0
39.589  599.0  3.0  302.0
39.613  679.0  3.0  297.0
39.635  766.0  3.0  297.0
39.658  842.0  3.0  297.0
39.658  842.0  5.0  298.0
39.67  877.0  3.0  300.0
39.704  968.0  3.0  304.0
39.715  990.0  3.0  304.0
39.74  1023.0  3.0  304.0
39.74  1023.0  5.0  307.0
39.764  1023.0  3.0  311.0
39.777  1023.0  3.0  314.0
39.802  1023.0  3.0  314.0
39.827  1023.0  5.0  315.0
39.827  1023.0  5.0  315.0
39.839  1006.0  3.0  318.0
39.864  948.0  3.0  319.0
39.886  879.0  3.0  319.0
39.909  801.0  4.0  320.0
39.909  801.0  3.0  322.0
39.932  713.0  3.0  322.0
39.955  630.0  3.0  322.0
39.966  590.0  3.0  324.0
39.966  590.0  4.0  329.0
39.989  513.0  3.0  336.0
40.012  448.0  3.0  341.0
40.035  390.0  3.0  341.0
40.057  338.0  3.0  341.0
40.057  338.0  4.0  349.0
40.081  301.0  4.0  345.0
40.092  284.0  4.0  345.0
40.115  262.0  3.0  348.0
40.127  253.0  4.0  343.0
40.138  253.0  4.0  343.0
40.161  251.0  4.0  323.0
40.183  250.0  3.0  319.0
40.207  255.0  3.0  319.0
40.207  255.0  2.0  316.0
40.229  290.0  5.0  315.0
40.252  333.0  5.0  315.0
40.275  379.0  3.0  313.0
40.287  405.0  3.0  313.0
40.287  405.0  3.0  312.0
40.309  470.0  4.0  307.0
40.333  544.0  4.0  309.0
40.355  624.0  4.0  309.0
40.378  703.0  4.0  309.0
40.378  703.0  3.0  308.0
40.389  746.0  4.0  302.0
40.413  825.0  4.0  301.0
40.435  893.0  4.0  301.0
40.459  956.0  4.0  301.0
40.459  956.0  3.0  300.0
40.481  1000.0  4.0  312.0
40.494  1020.0  4.0  315.0
40.518  1023.0  4.0  315.0
40.544  1023.0  3.0  315.0
40.544  1023.0  4.0  317.0
40.556  1023.0  4.0  317.0
40.581  1023.0  4.0  319.0
40.606  987.0  4.0  319.0
40.617  960.0  3.0  320.0
40.617  960.0  3.0  320.0
40.651  853.0  3.0  320.0
40.664  816.0  4.0  320.0
40.686  732.0  4.0  320.0
40.709  650.0  3.0  325.0
40.709  650.0  2.0  326.0
40.732  571.0  4.0  333.0
40.755  496.0  4.0  333.0
40.777  432.0  4.0  333.0
40.777  432.0  3.0  339.0
40.801  376.0  2.0  343.0
40.812  348.0  5.0  342.0
40.835  311.0  3.0  345.0
40.835  311.0  3.0  345.0
40.858  277.0  3.0  345.0
40.881  257.0  2.0  342.0
40.903  251.0  5.0  336.0
40.927  250.0  3.0  322.0
40.927  250.0  3.0  322.0
40.949  248.0  3.0  319.0
40.972  264.0  5.0  317.0
40.995  298.0  5.0  317.0
40.995  298.0  5.0  317.0
41.018  344.0  4.0  312.0
41.04  391.0  3.0  306.0
41.064  450.0  4.0  298.0
41.075  487.0  4.0  296.0
41.075  487.0  4.0  296.0
41.098  557.0  4.0  296.0
41.12  637.0  2.0  306.0
41.144  717.0  3.0  306.0
41.144  717.0  4.0  302.0
41.166  800.0  4.0  302.0
41.178  835.0  3.0  300.0
41.201  904.0  3.0  300.0
41.224  965.0  3.0  297.0
41.224  965.0  3.0  297.0
41.246  1008.0  5.0  310.0
41.272  1023.0  3.0  317.0
41.284  1023.0  3.0  317.0
41.309  1023.0  2.0  313.0
41.309  1023.0  2.0  313.0
41.334  1023.0  5.0  316.0
41.347  1023.0  3.0  318.0
41.371  979.0  3.0  320.0
41.395  919.0  3.0  320.0
41.395  919.0  3.0  320.0
41.417  842.0  4.0  320.0
41.44  762.0  3.0  319.0
41.451  719.0  3.0  322.0
41.475  638.0  4.0  333.0
41.475  638.0  4.0  333.0
41.497  558.0  4.0  333.0
41.52  488.0  3.0  340.0
41.543  422.0  3.0  341.0
41.543  422.0  4.0  342.0
41.543  422.0  4.0  344.0
41.543  422.0  3.0  345.0
41.612  287.0  3.0  345.0
41.634  263.0  3.0  345.0
41.658  253.0  4.0  342.0
41.658  253.0  4.0  336.0
41.68  251.0  3.0  320.0
41.703  250.0  3.0  320.0
41.714  249.0  3.0  316.0
41.738  270.0  3.0  316.0
41.738  270.0  5.0  316.0
41.76  308.0  3.0  311.0
41.783  351.0  3.0  311.0
41.806  398.0  2.0  297.0
41.829  462.0  5.0  300.0
41.829  462.0  3.0  300.0
41.851  533.0  3.0  300.0
41.864  573.0  3.0  300.0
41.886  656.0  3.0  304.0
41.92  780.0  4.0  302.0
41.92  780.0  3.0  302.0
41.932  817.0  3.0  302.0
41.955  889.0  3.0  298.0
41.977  951.0  3.0  298.0
41.977  951.0  4.0  303.0
42.001  999.0  4.0  309.0
42.012  1019.0  4.0  309.0
42.037  1023.0  3.0  307.0
42.062  1023.0  3.0  307.0
42.062  1023.0  4.0  309.0
42.087  1023.0  4.0  315.0
42.099  1023.0  4.0  315.0
42.125  996.0  3.0  318.0
42.125  996.0  3.0  318.0
42.147  939.0  4.0  318.0
42.17  866.0  4.0  319.0
42.193  788.0  4.0  319.0
42.216  705.0  3.0  322.0
42.216  705.0  4.0  321.0
42.227  664.0  4.0  325.0
42.25  581.0  4.0  325.0
42.273  506.0  2.0  335.0
42.296  439.0  2.0  335.0
42.318  382.0  3.0  339.0
42.318  382.0  4.0  340.0
42.331  354.0  4.0  340.0
42.353  315.0  4.0  340.0
42.376  281.0  3.0  342.0
42.376  281.0  2.0  341.0
42.399  259.0  5.0  338.0
42.422  252.0  3.0  328.0
42.444  250.0  3.0  328.0
42.468  249.0  3.0  328.0
42.468  249.0  3.0  320.0
42.479  249.0  4.0  318.0
42.502  274.0  4.0  314.0
42.525  314.0  4.0  314.0
42.548  361.0  3.0  314.0
42.548  361.0  4.0  303.0
42.57  408.0  4.0  303.0
42.582  443.0  4.0  304.0
42.616  544.0  4.0  304.0
42.628  582.0  3.0  307.0
42.628  582.0  4.0  305.0
42.65  664.0  4.0  305.0
42.674  745.0  4.0  305.0
42.696  820.0  4.0  305.0
42.707  858.0  3.0  299.0
42.707  858.0  3.0  301.0
42.731  924.0  5.0  302.0
42.754  979.0  5.0  302.0
42.777  1021.0  5.0  302.0
42.79  1023.0  3.0  311.0
42.79  1023.0  3.0  309.0
42.815  1023.0  5.0  314.0
42.84  1023.0  3.0  319.0
42.865  1023.0  3.0  319.0
42.877  1017.0  3.0  319.0
42.877  1017.0  3.0  320.0
42.901  963.0  5.0  321.0
42.925  898.0  3.0  322.0
42.947  820.0  3.0  322.0
42.958  781.0  3.0  322.0
42.958  781.0  2.0  324.0
42.993  658.0  4.0  323.0
43.004  614.0  3.0  331.0
43.027  537.0  3.0  331.0
43.027  537.0  3.0  339.0
43.049  471.0  3.0  339.0
43.073  407.0  4.0  340.0
43.096  354.0  4.0  343.0
43.118  315.0  4.0  343.0
43.118  315.0  3.0  342.0
43.142  282.0  4.0  341.0
43.153  270.0  4.0  341.0
43.175  256.0  4.0  340.0
43.199  251.0  4.0  340.0
43.199  251.0  3.0  331.0
43.222  251.0  4.0  317.0
43.244  251.0  4.0  317.0
43.256  261.0  5.0  318.0
43.279  296.0  5.0  318.0
43.279  296.0  3.0  309.0
43.301  336.0  2.0  309.0
43.325  383.0  5.0  300.0
43.347  444.0  3.0  310.0
43.37  512.0  3.0  310.0
43.37  512.0  3.0  310.0
43.381  550.0  2.0  311.0
43.416  668.0  5.0  304.0
43.427  708.0  3.0  301.0
43.427  708.0  3.0  301.0
43.45  788.0  3.0  301.0
43.473  862.0  3.0  298.0
43.496  926.0  5.0  304.0
43.518  980.0  4.0  307.0
43.518  980.0  4.0  307.0
43.531  1003.0  3.0  310.0
43.555  1023.0  3.0  310.0
43.58  1023.0  4.0  308.0
43.593  1023.0  4.0  313.0
43.593  1023.0  4.0  313.0
43.618  1023.0  3.0  318.0
43.642  1014.0  4.0  316.0
43.667  956.0  4.0  316.0
43.678  926.0  4.0  320.0
43.678  926.0  4.0  320.0
43.701  853.0  2.0  322.0
43.724  774.0  4.0  321.0
43.747  694.0  4.0  323.0
43.747  694.0  4.0  323.0
43.769  611.0  4.0  323.0
43.793  534.0  3.0  328.0
43.815  466.0  3.0  334.0
43.827  433.0  4.0  340.0
43.827  433.0  4.0  340.0
43.849  377.0  4.0  340.0
43.873  330.0  3.0  342.0
43.895  292.0  3.0  341.0
43.918  268.0  4.0  339.0
43.918  268.0  3.0  339.0
43.941  255.0  3.0  339.0
43.953  252.0  2.0  320.0
43.975  251.0  2.0  320.0
43.999  249.0  4.0  318.0
43.999  249.0  4.0  318.0
44.021  264.0  3.0  316.0
44.044  297.0  3.0  315.0
44.056  316.0  3.0  315.0
44.079  367.0  4.0  303.0
44.079  367.0  4.0  295.0
44.101  411.0  4.0  295.0
44.125  475.0  3.0  309.0
44.147  544.0  4.0  300.0
44.17  622.0  4.0  300.0
44.17  622.0  4.0  306.0
44.193  700.0  4.0  306.0
44.205  742.0  3.0  303.0
44.227  821.0  4.0  298.0
44.25  893.0  4.0  299.0
44.25  893.0  4.0  299.0
44.273  955.0  4.0  299.0
44.296  1003.0  3.0  300.0
44.308  1022.0  3.0  308.0
44.334  1023.0  4.0  304.0
44.334  1023.0  4.0  304.0
44.358  1023.0  4.0  304.0
44.37  1023.0  3.0  313.0
44.396  1023.0  2.0  316.0
44.396  1023.0  5.0  317.0
44.421  991.0  3.0  320.0
44.443  931.0  3.0  320.0
44.467  857.0  3.0  320.0
44.478  820.0  3.0  322.0
44.478  820.0  4.0  322.0
44.5  736.0  3.0  321.0
44.524  655.0  3.0  321.0
44.547  574.0  3.0  326.0
44.569  496.0  3.0  326.0
44.569  496.0  4.0  336.0
44.593  429.0  4.0  337.0
44.615  374.0  4.0  337.0
44.626  346.0  3.0  340.0
44.649  308.0  4.0  340.0
44.649  308.0  4.0  340.0
44.673  278.0  4.0  340.0
44.695  258.0  4.0  340.0
44.719  251.0  3.0  340.0
44.73  250.0  3.0  324.0
44.73  250.0  4.0  318.0
44.752  250.0  4.0  318.0
44.775  251.0  4.0  318.0
44.798  280.0  3.0  318.0
44.821  321.0  2.0  315.0
44.821  321.0  5.0  297.0
44.844  369.0  5.0  297.0
44.867  420.0  3.0  304.0
44.878  451.0  3.0  304.0
44.901  523.0  3.0  310.0
44.901  523.0  4.0  307.0
44.924  596.0  4.0  307.0
44.947  677.0  3.0  306.0
44.969  758.0  3.0  306.0
44.969  758.0  3.0  302.0
44.993  835.0  4.0  299.0
45.004  871.0  4.0  302.0
45.027  936.0  4.0  302.0
45.049  987.0  3.0  306.0
45.049  987.0  3.0  306.0
45.074  1023.0  4.0  304.0
45.099  1023.0  4.0  304.0
45.111  1023.0  4.0  312.0
45.136  1023.0  3.0  315.0
45.136  1023.0  4.0  317.0
45.161  1023.0  4.0  317.0
45.173  1007.0  4.0  317.0
45.198  951.0  4.0  319.0
45.22  884.0  3.0  320.0
45.22  884.0  4.0  320.0
45.243  804.0  4.0  320.0
45.266  720.0  4.0  320.0
45.289  638.0  4.0  321.0
45.3  596.0  3.0  322.0
45.3  596.0  4.0  327.0
45.324  517.0  4.0  336.0
45.346  452.0  4.0  336.0
45.369  391.0  4.0  336.0
45.392  339.0  3.0  336.0
45.392  339.0  4.0  339.0
45.404  322.0  4.0  340.0
45.426  286.0  4.0  340.0
45.449  263.0  3.0  340.0
45.449  263.0  3.0  340.0
45.472  252.0  3.0  338.0
45.495  250.0  4.0  321.0
45.518  249.0  4.0  321.0
45.53  248.0  3.0  319.0
45.53  248.0  2.0  313.0
45.563  284.0  2.0  313.0
45.575  307.0  5.0  313.0
45.598  355.0  5.0  313.0
45.621  398.0  3.0  299.0
45.621  398.0  3.0  306.0
45.643  464.0  5.0  305.0
45.667  530.0  5.0  305.0
45.678  565.0  5.0  305.0
45.701  643.0  3.0  305.0
45.701  643.0  3.0  304.0
45.724  723.0  4.0  297.0
45.747  803.0  4.0  297.0
45.769  875.0  4.0  297.0
45.78  909.0  4.0  297.0
45.78  909.0  3.0  298.0
45.815  991.0  4.0  307.0
45.827  1013.0  4.0  308.0
45.852  1023.0  4.0  308.0
45.852  1023.0  4.0  308.0
45.877  1023.0  3.0  313.0
45.889  1023.0  4.0  314.0
45.914  1023.0  4.0  317.0
45.939  1002.0  4.0  317.0
45.939  1002.0  3.0  318.0
45.963  941.0  3.0  318.0
45.986  873.0  4.0  318.0
45.998  835.0  4.0  318.0
46.02  755.0  4.0  319.0
46.02  755.0  3.0  321.0
46.043  675.0  3.0  323.0
46.066  590.0  3.0  323.0
46.089  513.0  3.0  323.0
46.089  513.0  5.0  325.0
46.111  449.0  3.0  336.0
46.135  390.0  2.0  337.0
46.146  362.0  5.0  339.0
46.169  323.0  5.0  339.0
46.169  323.0  5.0  339.0
46.192  286.0  3.0  341.0
46.215  262.0  2.0  340.0
46.237  253.0  4.0  336.0
46.261  250.0  4.0  336.0
46.261  250.0  3.0  321.0
46.283  250.0  3.0  321.0
46.295  249.0  3.0  316.0
46.318  270.0  4.0  316.0
46.341  310.0  4.0  316.0
46.341  310.0  3.0  314.0
46.363  356.0  3.0  310.0
46.387  401.0  3.0  310.0
46.398  435.0  4.0  308.0
46.42  503.0  4.0  308.0
46.42  503.0  4.0  303.0
46.443  574.0  3.0  299.0
46.467  650.0  4.0  301.0
46.489  731.0  4.0  301.0
46.512  812.0  4.0  301.0
46.512  812.0  5.0  303.0
46.524  850.0  3.0  301.0
46.546  917.0  3.0  296.0
46.569  975.0  4.0  308.0
46.569  975.0  4.0  308.0
46.593  1019.0  4.0  308.0
46.617  1023.0  3.0  318.0
46.629  1023.0  3.0  312.0
46.655  1023.0  5.0  315.0
46.68  1023.0  5.0  315.0
46.68  1023.0  5.0  315.0
46.704  997.0  3.0  319.0
46.716  969.0  3.0  319.0
46.739  907.0  5.0  320.0
46.739  907.0  5.0  320.0
46.761  833.0  4.0  319.0
46.785  750.0  4.0  319.0
46.808  670.0  3.0  322.0
46.83  584.0  4.0  329.0
46.83  584.0  4.0  329.0
46.841  543.0  4.0  337.0
46.865  474.0  3.0  339.0
46.887  406.0  3.0  339.0
46.91  355.0  4.0  339.0
46.91  355.0  4.0  339.0
46.934  315.0  4.0  340.0
46.956  280.0  3.0  340.0
46.967  270.0  3.0  340.0
46.967  270.0  4.0  338.0
47.002  252.0  4.0  338.0
47.013  250.0  4.0  334.0
47.036  249.0  3.0  321.0
47.059  249.0  3.0  317.0
47.059  249.0  5.0  319.0
47.082  275.0  5.0  319.0
47.105  315.0  5.0  319.0
47.117  340.0  3.0  314.0
47.139  384.0  3.0  298.0
47.139  384.0  5.0  305.0
47.162  444.0  5.0  305.0
47.185  510.0  5.0  305.0
47.208  578.0  3.0  298.0
47.23  658.0  3.0  298.0
47.23  658.0  4.0  302.0
47.242  698.0  4.0  302.0
47.265  781.0  4.0  297.0
47.288  856.0  4.0  297.0
47.299  924.0  3.0  297.0
47.31  924.0  5.0  299.0
47.334  980.0  5.0  299.0
47.357  1022.0  4.0  307.0
47.37  1023.0  4.0  307.0
47.37  1023.0  3.0  320.0
47.395  1023.0  4.0  310.0
47.42  1023.0  4.0  310.0
47.432  1023.0  4.0  316.0
47.458  1018.0  3.0  318.0
47.458  1018.0  3.0  318.0
47.481  962.0  4.0  316.0
47.504  900.0  4.0  316.0
47.527  822.0  4.0  319.0
47.527  822.0  3.0  320.0
47.55  740.0  4.0  321.0
47.572  657.0  4.0  321.0
47.585  610.0  4.0  321.0
47.607  532.0  4.0  324.0
47.607  532.0  3.0  336.0
47.63  465.0  4.0  338.0
47.653  400.0  4.0  338.0
47.676  350.0  4.0  338.0
47.676  350.0  4.0  338.0
47.698  310.0  2.0  340.0
47.71  292.0  3.0  338.0
47.745  257.0  3.0  338.0
47.756  254.0  4.0  337.0
47.756  254.0  3.0  328.0
47.778  250.0  3.0  328.0
47.802  249.0  3.0  317.0
47.824  250.0  3.0  317.0
47.848  281.0  4.0  315.0
47.848  281.0  3.0  314.0
47.87  322.0  3.0  312.0
47.893  371.0  3.0  312.0
47.904  390.0  4.0  293.0
47.904  390.0  4.0  293.0
47.928  454.0  4.0  294.0
47.95  521.0  3.0  298.0
47.973  590.0  4.0  306.0
47.996  671.0  4.0  306.0
47.996  671.0  4.0  306.0
48.019  750.0  4.0  302.0
48.03  792.0  3.0  298.0
48.054  867.0  4.0  296.0
48.076  930.0  4.0  296.0
48.099  985.0  4.0  300.0
48.099  985.0  4.0  300.0
48.123  1023.0  3.0  308.0
