0.0  1.0  1.0  1.0
0.0  1.0  1.0  1.0
0.0  1.0  1.0  1.0
0.0  1.0  1.0  1.0
0.0  1.0  1.0  1.0
0.0  1.0  1.0  1.0
0.0  1.0  1.0  1.0
0.0  1.0  1.0  1.0
0.0  1.0  1.0  1.0
0.0  1.0  1.0  1.0
0.0  1.0  1.0  1.0
0.0  1.0  1.0  1.0
0.0  1.0  1.0  1.0
0.0  1.0  1.0  1.0
0.0  1.0  1.0  1.0
0.0  1.0  1.0  1.0
0.0  1.0  1.0  1.0
0.0  1.0  1.0  1.0
0.0  1.0  1.0  1.0
0.0  1.0  1.0  1.0
0.0  1.0  1.0  1.0
0.0  1.0  1.0  1.0
0.0  1.0  1.0  1.0
0.0  1.0  1.0  1.0
0.0  1.0  1.0  1.0
0.0  1.0  1.0  1.0
0.0  1.0  1.0  1.0
0.0  1.0  1.0  1.0
0.0  1.0  1.0  1.0
0.0  1.0  1.0  1.0
0.0  1.0  1.0  1.0
0.0  1.0  1.0  1.0
0.0  1.0  1.0  1.0
0.0  1.0  1.0  1.0
0.0  1.0  1.0  1.0
0.0  1.0  1.0  1.0
0.0  1.0  1.0  1.0
0.0  1.0  1.0  1.0
0.0  1.0  1.0  1.0
0.0  1.0  1.0  1.0
0.022  862.0  0.0  292.0
0.022  862.0  2.0  292.0
0.022  862.0  3.0  292.0
0.021  862.0  5.0  292.0
0.022  860.0  5.0  292.0
0.022  855.0  28.0  292.0
0.021  855.0  53.0  292.0
0.021  855.0  70.0  292.0
0.021  855.0  70.0  292.0
0.021  856.0  95.0  292.0
0.022  859.0  112.0  292.0
0.021  861.0  132.0  292.0
0.021  861.0  132.0  292.0
0.022  861.0  159.0  292.0
0.022  861.0  178.0  292.0
0.022  861.0  197.0  292.0
0.022  860.0  216.0  292.0
0.022  860.0  216.0  292.0
0.022  860.0  234.0  292.0
0.022  859.0  263.0  292.0
0.022  859.0  281.0  292.0
0.022  859.0  300.0  292.0
0.022  854.0  300.0  292.0
0.021  857.0  328.0  292.0
0.022  853.0  347.0  292.0
0.022  858.0  365.0  292.0
0.022  858.0  394.0  292.0
0.022  858.0  394.0  292.0
0.021  857.0  412.0  292.0
0.022  856.0  431.0  292.0
0.022  858.0  449.0  292.0
0.022  858.0  449.0  292.0
0.022  858.0  468.0  292.0
0.021  861.0  496.0  292.0
0.022  857.0  515.0  292.0
0.022  854.0  534.0  292.0
0.021  857.0  562.0  292.0
0.021  857.0  562.0  292.0
0.021  857.0  580.0  292.0
0.021  857.0  600.0  292.0
0.022  851.0  618.0  292.0
0.021  852.0  636.0  292.0
0.021  852.0  636.0  292.0
0.021  853.0  665.0  292.0
0.021  853.0  684.0  292.0
0.022  851.0  702.0  292.0
0.022  851.0  702.0  292.0
0.021  854.0  731.0  292.0
0.021  856.0  749.0  292.0
0.022  854.0  768.0  292.0
0.022  854.0  786.0  292.0
0.022  854.0  786.0  292.0
0.021  853.0  815.0  292.0
0.021  856.0  833.0  292.0
0.021  856.0  851.0  292.0
0.022  854.0  871.0  292.0
0.022  854.0  899.0  292.0
0.021  850.0  917.0  292.0
0.022  852.0  936.0  292.0
0.021  857.0  993.0  292.0
0.022  860.0  1012.0  292.0
0.022  860.0  1012.0  292.0
0.022  855.0  1033.0  292.0
0.021  853.0  1053.0  292.0
0.021  853.0  1075.0  292.0
0.021  853.0  1075.0  292.0
0.021  855.0  1095.0  292.0
0.022  855.0  1116.0  292.0
0.021  857.0  1137.0  292.0
0.022  856.0  1158.0  292.0
0.022  856.0  1158.0  292.0
0.022  856.0  1178.0  292.0
0.023  845.0  1200.0  292.0
0.022  847.0  1220.0  292.0
0.022  847.0  1220.0  292.0
0.022  845.0  1251.0  292.0
0.022  845.0  1272.0  292.0
0.022  847.0  1293.0  292.0
0.022  847.0  1303.0  292.0
0.022  847.0  1313.0  292.0
0.022  840.0  1335.0  292.0
0.022  836.0  1355.0  292.0
0.022  839.0  1376.0  292.0
0.022  839.0  1376.0  292.0
0.021  837.0  1397.0  292.0
0.021  837.0  1418.0  292.0
0.022  831.0  1438.0  292.0
0.022  824.0  1460.0  292.0
0.022  824.0  1460.0  292.0
0.021  827.0  1480.0  292.0
0.022  827.0  1501.0  292.0
0.022  828.0  1522.0  292.0
0.022  828.0  1543.0  292.0
0.022  828.0  1543.0  292.0
0.021  828.0  1563.0  292.0
0.021  831.0  1584.0  292.0
0.022  831.0  1605.0  292.0
0.022  831.0  1626.0  292.0
0.022  832.0  1626.0  292.0
0.022  832.0  1646.0  292.0
0.021  830.0  1678.0  292.0
0.022  837.0  1698.0  292.0
0.022  837.0  1698.0  292.0
0.022  838.0  1719.0  292.0
0.022  838.0  1740.0  292.0
0.021  837.0  1761.0  292.0
0.021  842.0  1781.0  292.0
0.021  842.0  1781.0  292.0
0.022  837.0  1803.0  292.0
0.021  836.0  1823.0  292.0
0.021  836.0  1844.0  292.0
0.022  836.0  1865.0  292.0
0.022  836.0  1865.0  292.0
0.022  837.0  1886.0  292.0
0.021  845.0  1906.0  292.0
0.022  842.0  1928.0  292.0
0.022  842.0  1928.0  292.0
0.023  836.0  1948.0  292.0
0.023  836.0  1969.0  292.0
0.021  832.0  1990.0  292.0
0.021  837.0  2011.0  292.0
0.021  837.0  2011.0  292.0
0.022  836.0  2031.0  291.0
0.022  836.0  2052.0  292.0
0.021  839.0  2073.0  291.0
0.021  840.0  2094.0  292.0
0.022  842.0  2094.0  292.0
0.022  842.0  2114.0  292.0
0.022  849.0  2136.0  292.0
0.022  849.0  2156.0  292.0
0.022  852.0  2188.0  292.0
0.022  846.0  2188.0  292.0
0.022  846.0  2208.0  292.0
0.022  849.0  2229.0  292.0
0.021  852.0  2239.0  292.0
0.021  852.0  2239.0  292.0
0.022  849.0  2260.0  292.0
0.022  849.0  2281.0  292.0
0.022  850.0  2312.0  292.0
0.021  852.0  2333.0  292.0
0.021  852.0  2333.0  292.0
0.021  852.0  2354.0  292.0
0.022  853.0  2374.0  292.0
0.022  852.0  2396.0  292.0
0.021  858.0  2416.0  292.0
0.022  856.0  2416.0  292.0
0.022  856.0  2437.0  292.0
0.022  856.0  2458.0  292.0
0.022  857.0  2479.0  292.0
0.021  855.0  2499.0  292.0
0.021  855.0  2499.0  292.0
0.022  854.0  2541.0  292.0
0.021  856.0  2541.0  292.0
0.021  856.0  2562.0  292.0
0.021  856.0  2582.0  292.0
0.022  858.0  2604.0  292.0
0.022  854.0  2624.0  292.0
0.022  855.0  2624.0  292.0
0.022  855.0  2644.0  292.0
0.022  858.0  2666.0  292.0
0.022  858.0  2686.0  292.0
0.022  857.0  2707.0  292.0
0.022  856.0  2707.0  292.0
0.022  856.0  2728.0  292.0
0.021  854.0  2749.0  292.0
0.022  853.0  2769.0  292.0
0.022  853.0  2791.0  292.0
0.022  854.0  2791.0  292.0
0.022  854.0  2811.0  292.0
0.021  860.0  2832.0  292.0
0.022  862.0  2864.0  292.0
0.022  862.0  2864.0  292.0
0.022  862.0  2884.0  292.0
0.022  862.0  2905.0  292.0
0.021  864.0  2926.0  292.0
0.022  861.0  2947.0  292.0
0.022  860.0  2947.0  292.0
0.022  860.0  2967.0  292.0
0.022  860.0  2989.0  292.0
0.021  859.0  3009.0  292.0
0.022  863.0  3030.0  292.0
0.022  859.0  3030.0  292.0
0.022  863.0  3050.0  292.0
0.022  863.0  3072.0  292.0
0.022  863.0  3092.0  292.0
0.022  860.0  3092.0  292.0
0.022  859.0  3112.0  292.0
0.022  859.0  3134.0  292.0
0.022  861.0  3154.0  292.0
0.022  860.0  3175.0  292.0
0.022  861.0  3175.0  292.0
0.022  861.0  3196.0  292.0
0.022  866.0  3217.0  292.0
0.022  866.0  3237.0  292.0
0.021  871.0  3259.0  292.0
0.022  868.0  3259.0  292.0
0.022  868.0  3279.0  292.0
0.022  865.0  3300.0  292.0
0.022  865.0  3321.0  292.0
0.022  866.0  3342.0  292.0
0.022  871.0  3342.0  292.0
0.023  872.0  3362.0  292.0
0.023  872.0  3383.0  292.0
0.023  872.0  3415.0  292.0
0.022  870.0  3435.0  292.0
0.022  865.0  3435.0  292.0
0.023  869.0  3457.0  292.0
0.023  869.0  3477.0  292.0
0.022  864.0  3497.0  292.0
0.022  864.0  3497.0  292.0
0.022  867.0  3519.0  292.0
0.022  861.0  3539.0  292.0
0.022  861.0  3560.0  292.0
0.022  858.0  3560.0  292.0
0.022  856.0  3580.0  292.0
0.022  856.0  3602.0  292.0
0.022  853.0  3622.0  292.0
0.022  853.0  3654.0  292.0
0.022  850.0  3654.0  292.0
0.022  854.0  3675.0  292.0
0.022  856.0  3685.0  292.0
0.022  856.0  3705.0  292.0
0.022  856.0  3727.0  292.0
0.023  855.0  3727.0  292.0
0.022  856.0  3747.0  292.0
0.022  852.0  3778.0  292.0
0.022  852.0  3800.0  292.0
0.022  847.0  3800.0  292.0
0.022  847.0  3820.0  292.0
0.021  848.0  3841.0  292.0
0.022  844.0  3862.0  292.0
0.022  844.0  3883.0  292.0
0.023  848.0  3883.0  292.0
0.021  844.0  3903.0  292.0
0.021  844.0  3924.0  292.0
0.022  846.0  3945.0  292.0
0.023  846.0  3965.0  292.0
0.023  846.0  3965.0  292.0
0.022  851.0  3987.0  292.0
0.022  851.0  4007.0  292.0
0.022  853.0  4028.0  292.0
0.022  853.0  4048.0  292.0
0.022  855.0  4048.0  292.0
0.022  856.0  4070.0  292.0
0.022  858.0  4090.0  292.0
0.022  854.0  4111.0  292.0
0.022  854.0  4111.0  292.0
0.022  854.0  4132.0  292.0
0.022  849.0  4153.0  292.0
0.021  849.0  4173.0  292.0
0.022  843.0  4195.0  292.0
0.022  843.0  4195.0  292.0
0.022  843.0  4215.0  292.0
0.022  844.0  4236.0  292.0
0.021  850.0  4236.0  292.0
0.021  850.0  4268.0  292.0
0.022  846.0  4288.0  292.0
0.022  848.0  4308.0  292.0
0.021  849.0  4330.0  292.0
0.021  849.0  4330.0  292.0
0.021  849.0  4350.0  292.0
0.022  846.0  4371.0  292.0
0.023  845.0  4392.0  292.0
0.022  838.0  4403.0  292.0
0.022  838.0  4423.0  292.0
0.022  840.0  4444.0  292.0
0.023  839.0  4465.0  292.0
0.023  839.0  4465.0  292.0
0.022  837.0  4486.0  292.0
0.022  837.0  4506.0  292.0
0.022  841.0  4528.0  292.0
0.023  840.0  4548.0  292.0
0.023  840.0  4548.0  292.0
0.021  840.0  4569.0  292.0
0.021  840.0  4590.0  292.0
0.022  841.0  4611.0  292.0
0.022  849.0  4631.0  292.0
0.022  855.0  4631.0  292.0
0.022  855.0  4653.0  292.0
0.022  855.0  4673.0  292.0
0.022  854.0  4694.0  292.0
0.022  854.0  4714.0  292.0
0.022  860.0  4714.0  292.0
0.022  860.0  4736.0  292.0
0.021  860.0  4756.0  292.0
0.021  860.0  4788.0  292.0
0.022  862.0  4788.0  292.0
0.022  849.0  4808.0  292.0
0.022  849.0  4829.0  292.0
0.022  853.0  4850.0  292.0
0.022  851.0  4850.0  292.0
0.022  851.0  4871.0  292.0
0.022  851.0  4891.0  292.0
0.022  852.0  4912.0  292.0
0.021  849.0  4933.0  292.0
0.022  852.0  4933.0  292.0
0.022  849.0  4954.0  292.0
0.022  849.0  4974.0  292.0
0.021  854.0  4996.0  292.0
0.021  854.0  5016.0  292.0
0.022  848.0  5016.0  292.0
0.022  845.0  5037.0  292.0
0.022  845.0  5058.0  292.0
0.021  845.0  5079.0  292.0
0.021  844.0  5099.0  292.0
0.021  844.0  5099.0  292.0
0.022  836.0  5121.0  292.0
0.022  836.0  5141.0  292.0
0.021  841.0  5161.0  292.0
0.021  835.0  5161.0  292.0
0.021  835.0  5183.0  292.0
0.021  835.0  5214.0  292.0
0.022  841.0  5234.0  292.0
0.021  841.0  5256.0  292.0
0.021  839.0  5276.0  292.0
0.022  844.0  5286.0  292.0
0.022  844.0  5286.0  292.0
0.022  844.0  5307.0  292.0
0.021  850.0  5328.0  292.0
0.021  847.0  5328.0  292.0
0.022  847.0  5349.0  292.0
0.022  847.0  5369.0  292.0
0.022  851.0  5401.0  292.0
0.022  851.0  5411.0  292.0
0.021  858.0  5411.0  292.0
0.022  859.0  5442.0  292.0
0.022  859.0  5464.0  292.0
0.022  861.0  5484.0  292.0
0.022  864.0  5505.0  292.0
0.022  864.0  5505.0  292.0
0.022  863.0  5526.0  292.0
0.022  863.0  5547.0  292.0
0.022  863.0  5567.0  292.0
0.021  868.0  5588.0  292.0
0.021  869.0  5588.0  292.0
0.021  869.0  5609.0  292.0
0.021  869.0  5629.0  292.0
0.022  860.0  5651.0  292.0
0.021  860.0  5671.0  292.0
