63.181  794.0  44.0  6.0
63.181  794.0  44.0  6.0
63.181  794.0  44.0  6.0
63.181  794.0  44.0  6.0
63.181  794.0  44.0  6.0
63.181  794.0  44.0  6.0
63.181  794.0  44.0  6.0
63.181  794.0  44.0  6.0
63.181  794.0  44.0  6.0
63.181  794.0  44.0  6.0
63.181  794.0  44.0  6.0
63.181  794.0  44.0  6.0
63.181  794.0  44.0  6.0
63.181  794.0  44.0  6.0
63.181  794.0  44.0  6.0
63.181  794.0  44.0  6.0
63.181  794.0  44.0  6.0
63.181  794.0  44.0  6.0
63.181  794.0  44.0  6.0
63.181  794.0  44.0  6.0
63.181  794.0  44.0  6.0
63.181  794.0  44.0  6.0
63.181  794.0  44.0  6.0
63.181  794.0  44.0  6.0
63.181  794.0  44.0  6.0
63.181  794.0  44.0  6.0
63.181  794.0  44.0  6.0
63.181  794.0  44.0  6.0
63.181  794.0  44.0  6.0
63.181  794.0  44.0  6.0
63.181  794.0  44.0  6.0
63.181  794.0  44.0  6.0
63.181  794.0  44.0  6.0
63.181  794.0  44.0  6.0
63.181  794.0  44.0  6.0
63.181  794.0  44.0  6.0
63.181  794.0  44.0  6.0
63.181  794.0  44.0  6.0
63.181  794.0  44.0  6.0
0.0  794.0  44.0  6.0
0.0020  794.0  44.0  6.0
0.0020  794.0  44.0  0.0
0.0030  794.0  43.0  7.0
0.0050  794.0  43.0  7.0
0.028  794.0  43.0  7.0
0.028  794.0  44.0  6.0
0.053  794.0  44.0  6.0
0.07  794.0  44.0  7.0
0.095  794.0  44.0  7.0
0.095  794.0  44.0  6.0
0.112  794.0  44.0  6.0
0.132  794.0  44.0  6.0
0.159  794.0  44.0  7.0
0.178  794.0  44.0  7.0
0.178  794.0  44.0  6.0
0.197  794.0  44.0  6.0
0.216  794.0  44.0  6.0
0.243  794.0  44.0  6.0
0.263  794.0  44.0  6.0
0.263  794.0  43.0  7.0
0.281  794.0  43.0  6.0
0.3  794.0  44.0  6.0
0.328  794.0  44.0  6.0
0.328  794.0  44.0  6.0
0.347  794.0  43.0  7.0
0.365  794.0  43.0  6.0
0.394  793.0  44.0  6.0
0.412  794.0  44.0  6.0
0.412  794.0  44.0  7.0
0.431  794.0  44.0  7.0
0.449  794.0  43.0  6.0
0.468  793.0  43.0  6.0
0.496  794.0  44.0  6.0
0.496  794.0  44.0  7.0
0.515  794.0  43.0  7.0
0.534  794.0  44.0  6.0
0.562  794.0  44.0  6.0
0.562  794.0  44.0  6.0
0.58  794.0  44.0  7.0
0.609  794.0  43.0  7.0
0.609  794.0  43.0  7.0
0.627  794.0  43.0  6.0
0.656  794.0  44.0  6.0
0.674  794.0  43.0  7.0
0.674  794.0  43.0  7.0
0.702  794.0  43.0  7.0
0.72  794.0  43.0  6.0
0.74  794.0  44.0  6.0
0.758  794.0  43.0  7.0
0.758  794.0  43.0  7.0
0.786  794.0  43.0  6.0
0.805  794.0  43.0  6.0
0.824  794.0  43.0  6.0
0.842  793.0  44.0  7.0
0.862  794.0  42.0  7.0
0.862  794.0  42.0  7.0
0.889  794.0  43.0  6.0
0.908  794.0  43.0  6.0
0.964  794.0  42.0  6.0
0.964  794.0  42.0  6.0
0.993  794.0  44.0  6.0
1.012  794.0  44.0  6.0
1.012  794.0  44.0  6.0
1.033  794.0  43.0  7.0
1.053  793.0  42.0  6.0
1.075  794.0  43.0  6.0
1.075  794.0  43.0  6.0
1.095  794.0  43.0  7.0
1.116  794.0  42.0  6.0
1.137  794.0  42.0  6.0
1.158  794.0  43.0  6.0
1.158  794.0  43.0  6.0
1.178  794.0  43.0  7.0
1.2  794.0  42.0  6.0
1.22  794.0  43.0  6.0
1.241  794.0  43.0  6.0
1.241  794.0  43.0  6.0
1.262  794.0  43.0  6.0
1.283  794.0  43.0  7.0
1.303  794.0  42.0  6.0
1.325  794.0  42.0  6.0
1.325  794.0  42.0  6.0
1.345  794.0  44.0  6.0
1.366  794.0  43.0  7.0
1.397  794.0  43.0  6.0
1.418  794.0  44.0  6.0
1.418  794.0  43.0  7.0
1.438  794.0  42.0  6.0
1.46  794.0  42.0  6.0
1.48  794.0  42.0  6.0
1.501  794.0  42.0  6.0
1.522  794.0  43.0  6.0
1.522  794.0  43.0  6.0
1.553  794.0  43.0  6.0
1.563  794.0  43.0  6.0
1.595  794.0  44.0  6.0
1.615  794.0  44.0  6.0
1.615  794.0  42.0  7.0
1.636  794.0  42.0  7.0
1.657  794.0  42.0  6.0
1.678  794.0  43.0  6.0
1.698  794.0  43.0  6.0
1.698  794.0  43.0  7.0
1.719  794.0  42.0  6.0
1.74  794.0  42.0  6.0
1.761  794.0  43.0  5.0
1.761  794.0  43.0  5.0
1.781  794.0  42.0  7.0
1.803  794.0  42.0  6.0
1.823  794.0  43.0  6.0
1.844  794.0  43.0  6.0
1.844  794.0  43.0  6.0
1.865  794.0  43.0  6.0
1.886  794.0  43.0  6.0
1.906  794.0  44.0  5.0
1.928  794.0  44.0  5.0
1.928  794.0  44.0  5.0
1.948  794.0  44.0  6.0
1.969  794.0  42.0  7.0
1.99  794.0  42.0  5.0
2.011  794.0  42.0  5.0
2.011  794.0  43.0  6.0
2.031  794.0  42.0  7.0
2.052  794.0  42.0  7.0
2.073  794.0  41.0  6.0
2.094  794.0  41.0  6.0
2.094  794.0  42.0  5.0
2.125  794.0  42.0  7.0
2.146  794.0  41.0  6.0
2.166  794.0  41.0  6.0
2.166  794.0  41.0  6.0
2.188  794.0  42.0  6.0
2.208  794.0  42.0  6.0
2.219  794.0  41.0  7.0
2.249  794.0  42.0  6.0
2.249  794.0  42.0  6.0
2.271  794.0  42.0  6.0
2.291  794.0  42.0  6.0
2.312  794.0  41.0  7.0
2.333  794.0  41.0  6.0
2.333  794.0  41.0  6.0
2.354  794.0  42.0  5.0
2.374  794.0  42.0  5.0
2.396  794.0  41.0  7.0
2.416  794.0  41.0  6.0
2.416  794.0  41.0  6.0
2.437  794.0  41.0  6.0
2.458  794.0  41.0  6.0
2.479  793.0  41.0  6.0
2.499  794.0  40.0  6.0
2.499  794.0  40.0  6.0
2.521  794.0  42.0  6.0
2.541  794.0  41.0  7.0
2.562  794.0  40.0  6.0
2.593  793.0  38.0  5.0
2.593  793.0  38.0  5.0
2.614  794.0  38.0  5.0
2.634  794.0  40.0  6.0
2.656  794.0  38.0  7.0
2.676  794.0  39.0  6.0
2.676  794.0  39.0  6.0
2.697  794.0  39.0  6.0
2.707  794.0  40.0  6.0
2.728  794.0  39.0  7.0
2.728  794.0  39.0  7.0
2.759  794.0  38.0  6.0
2.78  794.0  38.0  6.0
2.801  794.0  40.0  7.0
2.822  794.0  40.0  7.0
2.822  794.0  40.0  7.0
2.842  794.0  39.0  6.0
2.864  794.0  40.0  6.0
2.884  794.0  40.0  6.0
2.905  794.0  40.0  6.0
2.905  794.0  39.0  7.0
2.926  794.0  39.0  7.0
2.947  794.0  39.0  6.0
2.967  794.0  40.0  6.0
2.989  794.0  38.0  7.0
2.989  794.0  38.0  6.0
3.009  793.0  38.0  6.0
3.03  794.0  38.0  6.0
3.05  793.0  40.0  6.0
3.05  793.0  40.0  7.0
3.072  794.0  38.0  6.0
3.092  794.0  38.0  6.0
3.112  794.0  38.0  6.0
3.144  794.0  39.0  6.0
3.144  794.0  39.0  7.0
3.154  794.0  39.0  7.0
3.175  794.0  38.0  6.0
3.196  794.0  40.0  5.0
3.217  794.0  40.0  7.0
3.217  794.0  40.0  7.0
3.237  794.0  40.0  7.0
3.259  794.0  39.0  7.0
3.279  794.0  40.0  6.0
3.29  794.0  40.0  6.0
3.31  794.0  40.0  6.0
3.332  794.0  40.0  6.0
3.352  794.0  36.0  6.0
3.373  794.0  38.0  4.0
3.373  794.0  118.0  2.0
3.394  794.0  229.0  3.0
3.415  794.0  229.0  3.0
3.435  794.0  229.0  3.0
3.457  794.0  303.0  0.0
3.457  794.0  592.0  0.0
3.477  794.0  780.0  0.0
3.497  794.0  780.0  0.0
3.519  794.0  817.0  0.0
3.539  794.0  856.0  0.0
3.539  794.0  856.0  0.0
3.56  794.0  876.0  0.0
3.58  794.0  876.0  0.0
3.602  794.0  765.0  0.0
3.602  794.0  299.0  2.0
3.622  794.0  75.0  6.0
3.643  794.0  75.0  6.0
3.664  794.0  75.0  6.0
3.685  794.0  33.0  11.0
3.685  794.0  38.0  14.0
3.705  794.0  33.0  16.0
3.727  794.0  42.0  16.0
3.747  794.0  42.0  16.0
3.768  794.0  42.0  16.0
3.768  794.0  33.0  16.0
3.789  794.0  33.0  16.0
3.81  793.0  40.0  16.0
3.83  794.0  42.0  14.0
3.852  794.0  32.0  9.0
3.852  794.0  32.0  9.0
3.872  794.0  32.0  9.0
3.903  793.0  28.0  5.0
3.924  794.0  71.0  4.0
3.945  794.0  253.0  0.0
3.945  794.0  430.0  0.0
3.965  794.0  430.0  0.0
3.976  794.0  430.0  0.0
3.997  794.0  541.0  0.0
4.018  794.0  567.0  0.0
4.018  794.0  472.0  0.0
4.048  794.0  472.0  0.0
4.07  794.0  448.0  0.0
4.09  793.0  448.0  0.0
4.09  793.0  280.0  1.0
4.111  793.0  160.0  0.0
4.132  793.0  160.0  0.0
4.153  794.0  109.0  3.0
4.173  794.0  59.0  6.0
4.173  794.0  59.0  6.0
4.195  794.0  32.0  6.0
4.215  794.0  32.0  6.0
4.236  794.0  41.0  7.0
4.257  794.0  29.0  8.0
4.257  794.0  27.0  6.0
4.278  793.0  27.0  6.0
4.298  794.0  27.0  6.0
4.32  794.0  49.0  4.0
4.34  794.0  79.0  1.0
4.34  794.0  282.0  0.0
4.361  794.0  556.0  0.0
4.381  794.0  556.0  0.0
4.403  794.0  556.0  0.0
4.403  794.0  660.0  0.0
4.423  793.0  659.0  0.0
4.444  794.0  478.0  0.0
4.465  794.0  478.0  0.0
4.486  794.0  282.0  0.0
4.486  794.0  282.0  0.0
4.506  794.0  149.0  4.0
4.528  794.0  54.0  5.0
4.548  793.0  54.0  5.0
4.569  794.0  46.0  5.0
4.569  794.0  46.0  5.0
4.59  794.0  46.0  5.0
4.611  794.0  51.0  4.0
4.631  794.0  51.0  4.0
4.653  794.0  102.0  1.0
4.663  794.0  211.0  2.0
4.683  794.0  211.0  2.0
4.704  793.0  253.0  2.0
4.725  794.0  253.0  2.0
4.746  794.0  122.0  4.0
4.746  794.0  122.0  4.0
4.766  794.0  47.0  6.0
4.788  794.0  46.0  5.0
4.788  794.0  46.0  5.0
4.808  794.0  46.0  5.0
4.829  794.0  37.0  6.0
4.86  794.0  39.0  8.0
4.871  794.0  41.0  7.0
4.901  794.0  41.0  7.0
4.901  794.0  40.0  6.0
4.923  794.0  40.0  6.0
4.933  794.0  47.0  5.0
4.954  794.0  73.0  1.0
4.974  794.0  73.0  1.0
4.974  794.0  211.0  0.0
4.996  794.0  211.0  0.0
5.016  794.0  323.0  0.0
5.047  794.0  302.0  0.0
5.047  794.0  302.0  0.0
5.068  794.0  256.0  0.0
5.089  794.0  141.0  3.0
5.109  794.0  38.0  5.0
5.131  794.0  38.0  5.0
5.131  794.0  38.0  5.0
5.151  794.0  43.0  6.0
5.172  794.0  34.0  8.0
5.193  794.0  38.0  9.0
5.214  794.0  38.0  9.0
5.234  793.0  44.0  7.0
5.234  793.0  44.0  7.0
5.256  794.0  28.0  4.0
5.276  794.0  84.0  2.0
5.276  794.0  84.0  2.0
5.297  794.0  237.0  0.0
5.318  794.0  296.0  0.0
5.339  794.0  296.0  0.0
5.359  794.0  300.0  1.0
5.359  794.0  300.0  1.0
5.38  794.0  135.0  3.0
5.401  794.0  49.0  4.0
5.422  794.0  32.0  8.0
5.442  794.0  32.0  8.0
5.442  794.0  32.0  8.0
5.464  794.0  41.0  8.0
5.484  794.0  40.0  5.0
5.505  794.0  43.0  4.0
5.526  794.0  70.0  2.0
5.526  794.0  70.0  2.0
5.547  794.0  70.0  2.0
5.567  794.0  205.0  0.0
5.588  794.0  296.0  0.0
5.619  794.0  298.0  0.0
5.619  794.0  298.0  0.0
5.64  794.0  286.0  1.0
5.661  794.0  286.0  1.0
5.682  794.0  186.0  1.0
5.702  794.0  67.0  5.0
5.702  794.0  67.0  5.0
5.724  794.0  49.0  6.0
5.734  794.0  41.0  5.0
5.754  794.0  27.0  6.0
5.754  794.0  27.0  6.0
5.786  794.0  27.0  6.0
5.807  794.0  39.0  6.0
5.827  794.0  62.0  1.0
5.849  794.0  130.0  0.0
5.849  794.0  130.0  0.0
5.869  794.0  130.0  0.0
5.89  794.0  215.0  1.0
5.91  794.0  210.0  0.0
5.932  793.0  107.0  2.0
5.932  793.0  107.0  2.0
5.952  794.0  55.0  5.0
5.972  794.0  55.0  5.0
5.994  794.0  47.0  4.0
6.014  794.0  51.0  4.0
6.014  794.0  51.0  4.0
6.035  794.0  40.0  5.0
6.056  794.0  35.0  5.0
6.077  794.0  35.0  5.0
6.097  794.0  40.0  4.0
6.097  794.0  40.0  4.0
6.119  794.0  32.0  6.0
6.139  794.0  38.0  7.0
6.16  794.0  32.0  7.0
6.181  794.0  32.0  7.0
6.181  794.0  32.0  7.0
6.202  794.0  44.0  8.0
6.222  794.0  56.0  8.0
6.243  794.0  47.0  7.0
6.254  794.0  45.0  8.0
6.264  794.0  45.0  8.0
6.285  794.0  45.0  8.0
6.305  794.0  33.0  8.0
6.327  794.0  40.0  6.0
6.347  794.0  32.0  5.0
6.347  794.0  32.0  5.0
6.368  794.0  47.0  6.0
6.389  794.0  47.0  6.0
6.41  794.0  50.0  4.0
6.43  794.0  50.0  4.0
6.43  794.0  37.0  4.0
6.462  794.0  27.0  5.0
6.482  794.0  28.0  3.0
6.503  794.0  55.0  2.0
6.503  794.0  55.0  2.0
6.524  794.0  55.0  2.0
6.535  794.0  79.0  1.0
6.565  794.0  139.0  0.0
6.587  794.0  202.0  0.0
6.587  794.0  202.0  0.0
6.607  794.0  202.0  0.0
6.628  794.0  133.0  2.0
6.628  794.0  133.0  2.0
6.66  794.0  50.0  3.0
6.68  794.0  46.0  4.0
6.69  794.0  39.0  6.0
6.711  794.0  49.0  6.0
6.711  794.0  49.0  6.0
6.732  794.0  49.0  6.0
6.753  794.0  38.0  5.0
6.773  794.0  33.0  5.0
6.795  794.0  47.0  1.0
6.795  794.0  47.0  1.0
6.815  794.0  127.0  0.0
6.847  794.0  127.0  0.0
6.867  794.0  125.0  2.0
6.888  794.0  65.0  2.0
6.888  794.0  65.0  2.0
6.908  794.0  52.0  4.0
6.93  794.0  52.0  4.0
6.95  794.0  60.0  5.0
6.95  794.0  44.0  6.0
6.971  794.0  44.0  6.0
6.992  794.0  47.0  4.0
7.003  793.0  62.0  3.0
7.033  793.0  69.0  2.0
7.033  793.0  69.0  2.0
7.055  794.0  69.0  2.0
7.075  794.0  159.0  0.0
7.096  794.0  168.0  0.0
7.117  794.0  60.0  4.0
7.117  794.0  60.0  4.0
7.138  794.0  60.0  4.0
7.158  794.0  49.0  5.0
7.18  794.0  44.0  6.0
7.2  794.0  50.0  7.0
7.2  794.0  56.0  5.0
7.221  794.0  56.0  5.0
7.241  793.0  56.0  5.0
7.263  794.0  56.0  1.0
7.283  794.0  124.0  1.0
7.283  794.0  208.0  1.0
7.304  794.0  208.0  1.0
7.325  794.0  82.0  2.0
7.346  793.0  82.0  2.0
7.366  794.0  46.0  6.0
7.366  794.0  44.0  7.0
7.388  794.0  44.0  7.0
7.408  794.0  36.0  6.0
7.429  794.0  36.0  6.0
7.45  794.0  37.0  5.0
7.45  794.0  50.0  2.0
7.471  794.0  50.0  2.0
7.491  794.0  102.0  0.0
7.513  794.0  193.0  0.0
7.533  794.0  132.0  2.0
7.533  794.0  132.0  2.0
7.554  794.0  132.0  2.0
7.574  794.0  47.0  4.0
7.596  794.0  43.0  5.0
7.616  794.0  54.0  6.0
7.616  794.0  54.0  6.0
7.636  794.0  54.0  6.0
7.658  794.0  57.0  4.0
7.678  794.0  64.0  1.0
7.699  794.0  132.0  1.0
7.699  794.0  132.0  1.0
7.731  794.0  93.0  2.0
7.751  794.0  42.0  4.0
7.772  794.0  42.0  4.0
7.772  794.0  46.0  6.0
7.793  794.0  46.0  6.0
7.803  794.0  33.0  7.0
7.834  794.0  34.0  4.0
7.856  794.0  47.0  1.0
7.856  794.0  47.0  1.0
7.876  794.0  47.0  1.0
7.897  794.0  127.0  1.0
7.918  794.0  126.0  1.0
7.918  794.0  57.0  2.0
7.939  794.0  47.0  5.0
7.959  794.0  47.0  5.0
7.981  793.0  47.0  5.0
8.001  794.0  49.0  5.0
8.001  794.0  34.0  5.0
8.022  794.0  35.0  4.0
8.042  794.0  35.0  4.0
8.064  794.0  48.0  1.0
8.084  794.0  48.0  1.0
8.104  794.0  179.0  1.0
8.104  794.0  179.0  1.0
8.126  794.0  189.0  1.0
8.146  794.0  55.0  3.0
8.167  794.0  40.0  4.0
8.167  794.0  40.0  4.0
8.188  794.0  41.0  6.0
8.209  794.0  41.0  6.0
8.229  793.0  33.0  6.0
8.251  794.0  27.0  3.0
8.251  794.0  27.0  3.0
8.282  793.0  51.0  1.0
8.292  794.0  51.0  1.0
8.313  794.0  63.0  2.0
8.313  794.0  57.0  1.0
8.334  794.0  52.0  3.0
8.365  794.0  52.0  3.0
8.375  794.0  49.0  4.0
8.407  794.0  49.0  4.0
8.407  794.0  48.0  4.0
8.427  793.0  48.0  4.0
8.449  794.0  44.0  5.0
8.469  794.0  32.0  6.0
8.489  794.0  34.0  3.0
8.489  794.0  34.0  3.0
8.511  794.0  34.0  3.0
8.531  794.0  41.0  0.0
8.552  794.0  112.0  2.0
8.572  794.0  77.0  2.0
8.572  794.0  55.0  2.0
8.594  794.0  55.0  2.0
8.614  794.0  55.0  2.0
8.635  794.0  52.0  5.0
8.635  794.0  38.0  5.0
8.656  794.0  46.0  5.0
8.677  793.0  47.0  5.0
8.708  794.0  47.0  5.0
8.708  794.0  47.0  5.0
8.729  794.0  41.0  4.0
8.75  794.0  44.0  0.0
8.76  794.0  178.0  0.0
8.792  794.0  178.0  0.0
8.792  794.0  178.0  0.0
8.812  794.0  284.0  1.0
8.833  794.0  241.0  0.0
8.854  794.0  55.0  2.0
8.875  794.0  55.0  2.0
8.875  794.0  48.0  5.0
8.895  794.0  48.0  5.0
8.916  794.0  50.0  5.0
8.937  794.0  50.0  5.0
8.957  794.0  35.0  5.0
8.957  794.0  21.0  4.0
8.979  794.0  41.0  2.0
8.999  794.0  80.0  1.0
9.02  794.0  80.0  1.0
9.02  794.0  80.0  1.0
9.04  794.0  132.0  1.0
9.062  794.0  129.0  2.0
9.082  794.0  65.0  2.0
9.103  794.0  65.0  2.0
9.103  794.0  65.0  2.0
9.124  794.0  56.0  4.0
9.145  794.0  47.0  5.0
9.165  794.0  45.0  4.0
9.187  794.0  45.0  4.0
9.187  794.0  48.0  4.0
9.207  794.0  55.0  3.0
9.228  794.0  55.0  3.0
9.249  794.0  93.0  1.0
9.27  794.0  93.0  1.0
9.27  794.0  209.0  0.0
9.29  794.0  101.0  2.0
9.312  794.0  43.0  3.0
9.332  794.0  43.0  3.0
9.353  794.0  43.0  3.0
9.353  794.0  46.0  3.0
9.373  794.0  41.0  5.0
9.395  794.0  45.0  4.0
9.425  794.0  45.0  4.0
9.447  794.0  45.0  3.0
9.447  794.0  45.0  3.0
9.467  794.0  48.0  2.0
9.488  794.0  84.0  1.0
9.509  794.0  84.0  1.0
9.509  794.0  120.0  1.0
9.53  794.0  61.0  2.0
9.55  794.0  61.0  2.0
9.561  794.0  50.0  4.0
9.592  794.0  50.0  4.0
9.592  794.0  45.0  3.0
9.613  794.0  30.0  3.0
9.633  794.0  37.0  3.0
9.655  794.0  37.0  3.0
9.675  794.0  37.0  3.0
9.675  794.0  47.0  1.0
9.696  794.0  127.0  1.0
9.717  794.0  79.0  2.0
9.738  794.0  79.0  2.0
9.758  794.0  79.0  2.0
9.758  794.0  50.0  2.0
9.78  794.0  39.0  2.0
9.8  794.0  42.0  4.0
9.821  793.0  42.0  4.0
9.821  793.0  34.0  2.0
9.842  794.0  52.0  1.0
9.863  794.0  52.0  1.0
9.883  794.0  130.0  1.0
9.904  794.0  130.0  1.0
9.904  794.0  248.0  1.0
9.925  794.0  288.0  1.0
9.946  794.0  288.0  1.0
9.977  794.0  93.0  2.0
9.977  794.0  93.0  2.0
9.998  794.0  40.0  4.0
10.008  794.0  48.0  3.0
10.031  794.0  35.0  3.0
10.054  794.0  30.0  3.0
10.077  794.0  30.0  3.0
10.077  794.0  30.0  3.0
10.099  794.0  44.0  1.0
10.123  794.0  229.0  0.0
10.134  794.0  223.0  2.0
10.134  794.0  223.0  2.0
10.157  794.0  55.0  2.0
10.18  793.0  55.0  2.0
10.203  794.0  43.0  3.0
10.225  794.0  36.0  4.0
10.225  794.0  36.0  4.0
10.249  794.0  48.0  3.0
10.271  794.0  49.0  2.0
10.283  794.0  49.0  2.0
10.283  794.0  49.0  2.0
10.317  794.0  45.0  1.0
10.329  794.0  130.0  1.0
10.351  794.0  179.0  1.0
10.375  794.0  54.0  2.0
10.375  794.0  54.0  2.0
10.397  794.0  54.0  2.0
10.42  794.0  45.0  4.0
10.431  794.0  49.0  4.0
10.455  794.0  40.0  4.0
10.455  794.0  40.0  4.0
10.477  794.0  44.0  4.0
10.5  794.0  44.0  4.0
10.523  794.0  47.0  1.0
10.546  794.0  112.0  0.0
10.546  794.0  112.0  0.0
10.557  794.0  289.0  2.0
10.592  794.0  208.0  1.0
10.603  794.0  208.0  1.0
10.626  794.0  77.0  1.0
10.626  794.0  77.0  1.0
10.649  794.0  39.0  3.0
10.672  794.0  40.0  1.0
10.672  794.0  85.0  0.0
10.694  794.0  85.0  0.0
10.718  794.0  85.0  0.0
10.74  794.0  182.0  1.0
10.752  794.0  223.0  1.0
10.752  794.0  309.0  0.0
10.775  794.0  309.0  0.0
10.798  794.0  384.0  0.0
10.82  794.0  384.0  0.0
10.844  794.0  414.0  0.0
10.844  794.0  403.0  0.0
10.866  794.0  403.0  0.0
10.877  794.0  321.0  2.0
10.9  794.0  147.0  4.0
10.924  794.0  147.0  4.0
10.924  794.0  46.0  5.0
10.946  794.0  46.0  5.0
10.969  794.0  46.0  10.0
10.992  794.0  41.0  14.0
10.992  794.0  41.0  14.0
11.015  794.0  32.0  20.0
11.037  794.0  32.0  20.0
11.061  794.0  28.0  24.0
11.072  794.0  18.0  25.0
11.072  794.0  11.0  16.0
11.095  794.0  18.0  9.0
11.118  794.0  18.0  9.0
11.141  794.0  18.0  9.0
11.152  794.0  30.0  5.0
11.152  794.0  32.0  3.0
11.187  794.0  172.0  1.0
11.198  794.0  172.0  1.0
11.22  794.0  172.0  1.0
11.244  794.0  320.0  0.0
11.244  794.0  577.0  0.0
11.267  794.0  748.0  0.0
11.289  794.0  748.0  0.0
11.3  794.0  635.0  0.0
11.324  794.0  485.0  0.0
11.324  794.0  485.0  0.0
11.346  794.0  226.0  4.0
11.369  794.0  226.0  4.0
11.393  794.0  46.0  6.0
11.404  793.0  46.0  11.0
11.404  793.0  46.0  11.0
11.439  794.0  39.0  14.0
11.45  794.0  39.0  14.0
11.472  794.0  52.0  13.0
11.495  794.0  38.0  13.0
11.495  794.0  45.0  10.0
11.518  794.0  48.0  5.0
11.541  794.0  48.0  5.0
11.552  794.0  48.0  5.0
11.576  794.0  41.0  3.0
11.576  794.0  192.0  2.0
11.598  794.0  312.0  0.0
11.621  794.0  312.0  0.0
11.644  794.0  312.0  0.0
11.644  794.0  464.0  0.0
11.667  794.0  480.0  0.0
11.678  794.0  383.0  0.0
11.701  794.0  383.0  0.0
11.724  794.0  240.0  2.0
11.724  794.0  240.0  2.0
11.758  794.0  125.0  6.0
11.769  793.0  47.0  9.0
11.793  794.0  47.0  9.0
11.793  794.0  41.0  14.0
11.815  794.0  35.0  18.0
11.839  794.0  35.0  18.0
11.862  794.0  33.0  16.0
11.884  794.0  33.0  16.0
11.884  794.0  40.0  14.0
11.895  794.0  41.0  11.0
11.919  794.0  54.0  8.0
11.941  794.0  43.0  3.0
11.941  794.0  43.0  3.0
11.964  794.0  43.0  3.0
11.987  794.0  95.0  2.0
12.01  794.0  301.0  0.0
12.033  794.0  301.0  0.0
12.033  794.0  585.0  0.0
12.045  794.0  585.0  0.0
12.067  794.0  672.0  0.0
12.09  794.0  621.0  0.0
12.113  794.0  418.0  0.0
12.113  794.0  418.0  0.0
12.136  794.0  247.0  5.0
12.158  794.0  247.0  5.0
12.182  794.0  62.0  8.0
12.193  794.0  45.0  10.0
12.193  794.0  45.0  10.0
12.216  794.0  43.0  13.0
12.239  794.0  31.0  15.0
12.262  794.0  31.0  15.0
12.284  794.0  29.0  18.0
12.284  794.0  29.0  18.0
12.308  794.0  44.0  16.0
12.319  794.0  25.0  13.0
12.342  794.0  25.0  13.0
12.364  794.0  48.0  10.0
12.364  794.0  48.0  10.0
12.388  794.0  48.0  5.0
12.41  794.0  107.0  4.0
12.422  794.0  237.0  5.0
12.422  794.0  237.0  5.0
12.456  794.0  237.0  5.0
12.468  794.0  239.0  3.0
12.49  794.0  243.0  4.0
12.514  794.0  164.0  6.0
12.514  794.0  68.0  7.0
12.536  794.0  68.0  7.0
12.559  794.0  68.0  7.0
12.571  794.0  46.0  8.0
12.594  794.0  41.0  9.0
12.594  794.0  39.0  9.0
12.616  794.0  39.0  9.0
12.64  793.0  45.0  8.0
12.662  794.0  44.0  8.0
12.685  794.0  44.0  8.0
12.685  794.0  42.0  8.0
12.696  794.0  42.0  8.0
12.72  794.0  41.0  7.0
12.742  794.0  42.0  8.0
12.765  794.0  42.0  8.0
12.765  794.0  40.0  8.0
12.788  794.0  40.0  8.0
12.811  794.0  38.0  8.0
12.833  794.0  40.0  8.0
12.846  794.0  40.0  9.0
12.846  794.0  40.0  9.0
12.868  794.0  40.0  9.0
12.891  794.0  40.0  8.0
12.914  793.0  40.0  8.0
12.914  793.0  40.0  9.0
12.937  794.0  40.0  9.0
12.959  794.0  40.0  9.0
12.983  794.0  40.0  8.0
12.994  794.0  40.0  8.0
13.017  794.0  40.0  8.0
13.017  794.0  39.0  9.0
13.04  794.0  39.0  9.0
13.063  794.0  37.0  7.0
13.074  794.0  37.0  7.0
13.096  794.0  37.0  7.0
13.096  794.0  45.0  7.0
13.12  794.0  45.0  7.0
13.143  794.0  51.0  6.0
13.165  794.0  35.0  5.0
13.177  794.0  35.0  5.0
13.177  794.0  35.0  5.0
13.2  794.0  48.0  5.0
13.222  794.0  138.0  5.0
13.246  794.0  167.0  4.0
13.268  794.0  189.0  5.0
13.268  794.0  189.0  5.0
13.291  794.0  189.0  5.0
13.315  794.0  201.0  5.0
13.326  793.0  194.0  5.0
13.326  793.0  194.0  5.0
13.348  794.0  178.0  5.0
13.372  794.0  98.0  6.0
13.394  794.0  67.0  5.0
13.417  794.0  67.0  5.0
13.441  794.0  80.0  6.0
13.441  794.0  80.0  6.0
13.463  794.0  61.0  7.0
13.474  794.0  43.0  6.0
13.497  794.0  43.0  6.0
13.497  794.0  43.0  6.0
13.52  794.0  36.0  7.0
13.543  794.0  48.0  9.0
13.554  794.0  57.0  8.0
13.578  794.0  50.0  8.0
13.578  794.0  50.0  8.0
13.6  794.0  50.0  8.0
13.623  794.0  30.0  10.0
13.646  794.0  52.0  9.0
13.669  794.0  55.0  8.0
13.669  794.0  55.0  8.0
13.691  794.0  60.0  10.0
13.715  794.0  60.0  10.0
13.737  794.0  61.0  9.0
13.737  794.0  61.0  9.0
13.749  794.0  64.0  8.0
13.784  794.0  49.0  7.0
13.795  794.0  51.0  6.0
13.817  794.0  51.0  6.0
13.817  794.0  51.0  6.0
13.841  794.0  36.0  6.0
13.863  794.0  56.0  6.0
13.875  794.0  54.0  5.0
13.897  794.0  56.0  5.0
13.897  794.0  56.0  5.0
13.921  794.0  50.0  6.0
13.943  794.0  50.0  6.0
13.966  794.0  53.0  7.0
13.989  794.0  55.0  6.0
14.012  794.0  52.0  7.0
14.012  794.0  52.0  7.0
14.023  793.0  52.0  7.0
14.047  793.0  47.0  8.0
14.047  793.0  47.0  8.0
14.069  794.0  51.0  7.0
14.092  794.0  46.0  7.0
14.115  794.0  50.0  7.0
14.138  794.0  50.0  7.0
14.138  794.0  54.0  4.0
14.16  794.0  54.0  4.0
14.173  794.0  127.0  4.0
14.195  794.0  151.0  5.0
14.218  793.0  105.0  5.0
14.218  793.0  105.0  5.0
14.241  794.0  105.0  5.0
14.264  794.0  56.0  6.0
14.275  794.0  46.0  8.0
14.298  794.0  37.0  8.0
14.321  794.0  37.0  8.0
14.321  794.0  37.0  8.0
14.344  794.0  48.0  8.0
14.355  794.0  36.0  9.0
14.39  794.0  38.0  8.0
14.401  794.0  40.0  7.0
14.401  794.0  40.0  7.0
14.424  794.0  48.0  7.0
14.447  794.0  48.0  7.0
14.47  794.0  48.0  6.0
14.47  794.0  55.0  4.0
14.492  794.0  55.0  4.0
14.504  794.0  135.0  5.0
14.527  794.0  135.0  5.0
14.55  794.0  154.0  5.0
14.573  794.0  99.0  5.0
14.573  794.0  99.0  5.0
14.596  794.0  67.0  6.0
14.607  794.0  55.0  8.0
14.642  794.0  55.0  8.0
14.653  794.0  37.0  7.0
14.653  794.0  37.0  7.0
14.675  794.0  48.0  7.0
14.698  794.0  46.0  8.0
14.722  794.0  56.0  6.0
14.744  794.0  56.0  6.0
14.744  794.0  56.0  6.0
14.755  794.0  42.0  5.0
14.779  794.0  76.0  5.0
14.801  794.0  68.0  6.0
14.824  794.0  57.0  6.0
14.824  794.0  57.0  6.0
14.836  794.0  51.0  6.0
14.859  794.0  51.0  6.0
14.881  794.0  42.0  7.0
14.905  794.0  40.0  7.0
14.905  794.0  40.0  7.0
14.927  794.0  43.0  6.0
14.939  794.0  43.0  6.0
14.973  794.0  47.0  7.0
14.985  794.0  36.0  5.0
14.985  794.0  36.0  5.0
15.007  794.0  83.0  4.0
15.03  794.0  83.0  4.0
15.053  794.0  122.0  6.0
15.076  794.0  89.0  6.0
15.076  794.0  89.0  6.0
15.087  794.0  64.0  5.0
15.122  794.0  53.0  7.0
15.133  794.0  61.0  6.0
15.156  794.0  61.0  6.0
15.156  794.0  61.0  6.0
15.179  794.0  63.0  6.0
15.202  794.0  63.0  6.0
15.224  794.0  85.0  5.0
15.237  794.0  131.0  4.0
15.237  794.0  131.0  4.0
15.259  794.0  131.0  4.0
15.282  794.0  128.0  5.0
15.305  794.0  123.0  5.0
15.328  794.0  115.0  5.0
15.328  794.0  115.0  5.0
15.35  794.0  69.0  6.0
15.362  794.0  69.0  6.0
15.385  793.0  49.0  7.0
15.385  793.0  41.0  6.0
15.408  794.0  41.0  6.0
15.43  794.0  36.0  6.0
15.454  793.0  36.0  6.0
15.476  794.0  45.0  7.0
15.476  794.0  45.0  6.0
15.5  794.0  45.0  6.0
15.511  794.0  69.0  4.0
15.534  794.0  123.0  6.0
15.534  794.0  123.0  6.0
15.556  794.0  123.0  6.0
15.58  794.0  151.0  5.0
15.602  794.0  177.0  4.0
15.602  794.0  162.0  5.0
15.625  794.0  147.0  5.0
15.648  794.0  147.0  5.0
15.671  794.0  126.0  5.0
15.682  794.0  126.0  5.0
15.682  794.0  67.0  7.0
15.706  794.0  67.0  7.0
15.728  794.0  67.0  7.0
15.751  794.0  57.0  6.0
15.774  794.0  57.0  6.0
15.774  794.0  44.0  7.0
15.797  794.0  43.0  7.0
15.819  794.0  43.0  7.0
15.832  794.0  58.0  6.0
15.854  794.0  76.0  5.0
15.854  794.0  76.0  5.0
15.877  794.0  87.0  6.0
15.9  793.0  87.0  6.0
15.923  794.0  90.0  5.0
15.945  794.0  70.0  6.0
15.945  794.0  47.0  7.0
15.956  794.0  47.0  7.0
15.98  794.0  47.0  7.0
16.003  794.0  50.0  6.0
16.003  794.0  50.0  6.0
16.025  794.0  48.0  7.0
16.049  794.0  48.0  7.0
16.071  794.0  60.0  6.0
16.094  794.0  60.0  6.0
16.094  794.0  96.0  4.0
16.106  794.0  108.0  5.0
16.129  794.0  150.0  5.0
16.151  794.0  150.0  5.0
16.175  794.0  150.0  5.0
16.175  794.0  160.0  5.0
16.197  794.0  144.0  5.0
16.22  794.0  144.0  5.0
16.243  794.0  98.0  6.0
16.243  794.0  56.0  5.0
16.266  794.0  67.0  6.0
16.277  794.0  67.0  6.0
16.301  794.0  67.0  6.0
16.323  793.0  63.0  7.0
16.323  793.0  52.0  5.0
16.346  794.0  64.0  6.0
16.369  794.0  86.0  6.0
16.392  794.0  86.0  6.0
16.414  794.0  86.0  6.0
16.414  794.0  92.0  5.0
16.425  794.0  117.0  4.0
16.449  794.0  110.0  6.0
16.472  793.0  110.0  6.0
16.494  794.0  88.0  6.0
16.494  794.0  88.0  6.0
16.518  794.0  65.0  5.0
16.54  794.0  73.0  7.0
16.564  794.0  73.0  7.0
16.564  794.0  42.0  6.0
16.575  794.0  35.0  6.0
16.598  794.0  35.0  6.0
16.62  794.0  35.0  6.0
16.644  794.0  55.0  7.0
16.644  794.0  50.0  7.0
16.666  794.0  54.0  5.0
16.689  794.0  77.0  5.0
16.701  794.0  77.0  5.0
16.723  794.0  77.0  5.0
16.723  794.0  100.0  6.0
16.746  794.0  146.0  4.0
16.77  794.0  174.0  5.0
16.792  794.0  174.0  5.0
16.792  794.0  194.0  6.0
16.815  794.0  194.0  6.0
16.838  794.0  138.0  5.0
16.849  794.0  66.0  5.0
16.872  794.0  66.0  5.0
16.872  794.0  66.0  7.0
16.894  794.0  64.0  6.0
16.918  794.0  64.0  6.0
16.941  794.0  64.0  6.0
16.964  794.0  59.0  6.0
16.964  794.0  42.0  7.0
16.987  794.0  31.0  7.0
16.998  794.0  39.0  6.0
17.02  793.0  39.0  6.0
17.044  794.0  39.0  6.0
17.044  794.0  67.0  7.0
17.067  794.0  82.0  6.0
17.089  794.0  84.0  5.0
17.113  794.0  84.0  5.0
17.124  794.0  106.0  5.0
17.124  794.0  106.0  5.0
17.146  794.0  136.0  5.0
17.17  794.0  152.0  5.0
17.192  794.0  152.0  5.0
17.192  794.0  165.0  5.0
17.215  794.0  137.0  6.0
17.239  794.0  137.0  6.0
17.261  793.0  94.0  5.0
17.272  794.0  94.0  5.0
17.272  794.0  91.0  5.0
17.296  794.0  91.0  6.0
17.318  794.0  90.0  5.0
17.341  794.0  90.0  5.0
17.341  794.0  90.0  5.0
17.364  794.0  64.0  5.0
17.387  794.0  67.0  7.0
17.41  794.0  55.0  7.0
17.41  794.0  55.0  7.0
17.433  794.0  55.0  7.0
17.456  794.0  46.0  6.0
17.478  794.0  36.0  8.0
17.489  794.0  39.0  7.0
17.489  794.0  42.0  6.0
17.513  794.0  42.0  6.0
17.536  794.0  65.0  6.0
17.558  794.0  65.0  6.0
17.582  794.0  105.0  5.0
17.582  794.0  152.0  4.0
17.593  794.0  152.0  4.0
17.615  794.0  178.0  5.0
17.639  794.0  178.0  5.0
17.661  794.0  158.0  6.0
17.684  794.0  65.0  5.0
17.684  794.0  65.0  5.0
17.708  794.0  67.0  6.0
17.719  794.0  75.0  7.0
17.719  794.0  75.0  7.0
17.741  794.0  80.0  6.0
17.765  794.0  80.0  6.0
17.787  794.0  93.0  5.0
17.81  794.0  102.0  6.0
17.81  794.0  101.0  5.0
17.833  794.0  101.0  5.0
17.856  794.0  101.0  5.0
17.867  794.0  75.0  5.0
17.89  794.0  77.0  7.0
17.89  794.0  69.0  7.0
17.913  794.0  76.0  6.0
17.936  794.0  76.0  6.0
17.958  794.0  76.0  6.0
17.982  794.0  72.0  7.0
17.982  794.0  81.0  6.0
18.004  794.0  97.0  5.0
18.016  794.0  97.0  5.0
18.039  794.0  107.0  5.0
18.062  794.0  107.0  5.0
18.084  794.0  92.0  6.0
18.084  794.0  92.0  6.0
18.108  794.0  59.0  6.0
18.13  794.0  59.0  6.0
18.142  794.0  39.0  7.0
18.142  794.0  39.0  7.0
18.165  794.0  39.0  7.0
18.188  794.0  42.0  7.0
18.21  794.0  49.0  7.0
18.234  794.0  57.0  8.0
18.234  794.0  57.0  8.0
18.245  794.0  48.0  7.0
18.279  794.0  41.0  7.0
18.29  794.0  41.0  7.0
18.29  794.0  37.0  8.0
18.325  794.0  37.0  8.0
18.336  794.0  47.0  7.0
18.359  794.0  48.0  7.0
18.359  794.0  47.0  8.0
18.382  794.0  47.0  8.0
18.405  794.0  47.0  8.0
18.428  794.0  48.0  8.0
18.451  794.0  46.0  7.0
18.451  794.0  46.0  7.0
18.462  794.0  46.0  8.0
18.485  794.0  46.0  8.0
18.508  794.0  46.0  8.0
18.531  794.0  45.0  7.0
18.531  794.0  46.0  7.0
18.553  794.0  45.0  8.0
18.577  794.0  45.0  8.0
18.599  794.0  46.0  7.0
18.611  794.0  46.0  7.0
18.611  794.0  47.0  7.0
18.634  794.0  47.0  8.0
18.657  794.0  47.0  8.0
18.679  794.0  46.0  8.0
18.691  794.0  46.0  7.0
18.703  794.0  46.0  7.0
18.725  794.0  46.0  8.0
18.737  793.0  46.0  8.0
18.76  794.0  46.0  8.0
18.76  794.0  46.0  7.0
18.783  794.0  46.0  8.0
18.805  794.0  46.0  8.0
18.829  794.0  46.0  8.0
18.84  794.0  44.0  8.0
18.84  794.0  44.0  7.0
18.874  794.0  47.0  7.0
18.885  794.0  47.0  7.0
18.909  794.0  46.0  8.0
18.931  794.0  46.0  8.0
18.931  794.0  46.0  7.0
18.954  794.0  46.0  7.0
18.977  793.0  46.0  8.0
18.989  794.0  46.0  8.0
19.011  794.0  45.0  8.0
19.022  794.0  45.0  8.0
19.035  794.0  47.0  7.0
19.057  794.0  47.0  7.0
19.08  794.0  47.0  8.0
19.103  794.0  46.0  8.0
19.126  794.0  47.0  7.0
19.126  794.0  47.0  7.0
19.137  794.0  47.0  7.0
19.161  794.0  48.0  8.0
19.183  794.0  46.0  8.0
19.183  794.0  46.0  7.0
19.206  794.0  48.0  7.0
19.217  793.0  48.0  7.0
19.24  794.0  48.0  7.0
19.263  794.0  47.0  8.0
19.263  794.0  46.0  8.0
19.286  794.0  47.0  7.0
19.309  794.0  47.0  7.0
19.332  794.0  47.0  8.0
19.354  794.0  47.0  8.0
19.354  794.0  47.0  8.0
19.366  794.0  47.0  7.0
19.389  794.0  47.0  7.0
19.411  794.0  48.0  8.0
19.411  794.0  48.0  8.0
19.435  793.0  48.0  8.0
19.458  794.0  48.0  7.0
19.48  794.0  48.0  7.0
19.504  794.0  48.0  8.0
19.504  794.0  48.0  8.0
19.515  794.0  48.0  7.0
19.537  794.0  48.0  7.0
19.561  794.0  48.0  7.0
19.584  794.0  49.0  7.0
19.584  794.0  48.0  8.0
19.606  794.0  48.0  8.0
19.63  794.0  49.0  7.0
19.641  794.0  49.0  7.0
19.641  794.0  49.0  7.0
19.675  794.0  47.0  8.0
19.686  794.0  47.0  8.0
19.709  794.0  48.0  8.0
19.732  794.0  48.0  8.0
19.732  794.0  49.0  8.0
19.755  794.0  49.0  8.0
19.778  794.0  48.0  8.0
19.789  794.0  48.0  8.0
19.823  794.0  48.0  7.0
19.823  794.0  48.0  7.0
19.835  794.0  47.0  8.0
19.858  794.0  48.0  8.0
19.88  794.0  48.0  8.0
19.88  794.0  48.0  8.0
19.904  794.0  48.0  7.0
19.927  794.0  48.0  8.0
19.949  794.0  48.0  8.0
19.961  794.0  47.0  8.0
19.961  794.0  49.0  7.0
19.984  793.0  49.0  7.0
20.006  794.0  48.0  8.0
20.03  794.0  48.0  8.0
20.052  794.0  48.0  8.0
20.052  794.0  48.0  8.0
20.075  794.0  49.0  8.0
20.099  794.0  49.0  8.0
20.121  794.0  49.0  8.0
20.121  794.0  48.0  8.0
20.144  794.0  48.0  7.0
20.155  794.0  49.0  7.0
20.178  794.0  48.0  8.0
20.201  794.0  48.0  8.0
20.201  794.0  48.0  8.0
20.225  794.0  48.0  8.0
20.247  794.0  49.0  7.0
20.258  794.0  46.0  8.0
20.281  794.0  46.0  8.0
20.281  794.0  46.0  8.0
20.304  794.0  46.0  8.0
20.327  794.0  46.0  7.0
20.349  794.0  46.0  8.0
20.373  794.0  46.0  8.0
20.373  794.0  46.0  8.0
20.384  794.0  46.0  8.0
20.407  794.0  46.0  8.0
20.43  794.0  47.0  8.0
20.453  794.0  47.0  8.0
20.453  794.0  46.0  8.0
20.475  794.0  46.0  8.0
20.499  794.0  47.0  7.0
20.521  794.0  47.0  7.0
20.533  794.0  47.0  7.0
20.533  794.0  46.0  8.0
20.555  794.0  45.0  8.0
20.579  794.0  46.0  7.0
20.601  794.0  47.0  8.0
20.601  794.0  47.0  8.0
20.625  794.0  47.0  8.0
20.647  794.0  46.0  8.0
20.659  794.0  47.0  7.0
20.681  794.0  47.0  8.0
20.705  793.0  46.0  8.0
20.705  793.0  46.0  8.0
20.727  794.0  46.0  8.0
20.75  794.0  47.0  7.0
20.773  794.0  47.0  8.0
20.773  794.0  45.0  8.0
20.796  794.0  45.0  8.0
20.807  794.0  45.0  8.0
20.831  794.0  46.0  8.0
20.853  794.0  47.0  8.0
20.853  794.0  46.0  8.0
20.876  794.0  46.0  8.0
20.899  794.0  46.0  8.0
20.922  794.0  46.0  8.0
20.944  794.0  47.0  8.0
20.957  794.0  47.0  8.0
20.957  794.0  47.0  8.0
20.979  794.0  46.0  8.0
21.002  794.0  47.0  8.0
21.025  794.0  47.0  8.0
21.025  794.0  47.0  8.0
21.048  794.0  47.0  8.0
21.07  794.0  46.0  8.0
21.082  794.0  46.0  8.0
21.082  794.0  46.0  8.0
21.105  794.0  46.0  8.0
21.128  794.0  46.0  8.0
21.15  794.0  45.0  8.0
21.174  794.0  45.0  7.0
21.174  794.0  47.0  8.0
21.196  794.0  47.0  8.0
21.219  794.0  46.0  8.0
21.231  794.0  46.0  7.0
21.254  794.0  46.0  7.0
21.254  794.0  47.0  7.0
21.276  794.0  47.0  7.0
21.3  794.0  47.0  9.0
21.322  794.0  46.0  8.0
21.345  794.0  46.0  8.0
21.345  794.0  47.0  7.0
21.368  794.0  47.0  7.0
21.38  794.0  46.0  8.0
21.402  794.0  46.0  8.0
21.426  794.0  47.0  8.0
21.426  794.0  47.0  8.0
21.448  793.0  47.0  8.0
21.459  794.0  47.0  8.0
21.482  794.0  46.0  8.0
21.482  794.0  47.0  7.0
21.517  794.0  48.0  8.0
21.539  794.0  48.0  8.0
21.539  794.0  47.0  8.0
21.563  794.0  47.0  8.0
21.585  794.0  47.0  8.0
21.608  794.0  47.0  7.0
21.608  794.0  48.0  7.0
21.632  794.0  47.0  8.0
21.654  794.0  46.0  8.0
21.665  794.0  46.0  8.0
21.689  794.0  46.0  8.0
21.689  794.0  47.0  7.0
21.711  794.0  48.0  8.0
21.734  794.0  47.0  8.0
21.757  794.0  47.0  8.0
21.78  794.0  48.0  8.0
21.78  794.0  48.0  8.0
21.803  794.0  48.0  8.0
21.814  794.0  47.0  8.0
21.837  794.0  47.0  8.0
21.837  794.0  46.0  7.0
21.86  794.0  47.0  7.0
21.882  794.0  45.0  9.0
21.906  794.0  45.0  9.0
21.928  794.0  45.0  9.0
21.94  794.0  45.0  8.0
21.94  794.0  46.0  7.0
21.963  794.0  46.0  8.0
21.986  794.0  46.0  8.0
22.008  794.0  46.0  8.0
22.008  794.0  46.0  8.0
22.032  794.0  45.0  7.0
22.043  794.0  43.0  8.0
22.077  794.0  42.0  8.0
22.089  794.0  42.0  8.0
22.112  794.0  42.0  7.0
22.112  794.0  42.0  7.0
22.134  794.0  43.0  8.0
22.158  794.0  42.0  8.0
22.18  794.0  42.0  7.0
22.18  794.0  42.0  7.0
22.203  794.0  43.0  7.0
22.226  793.0  43.0  7.0
22.238  794.0  42.0  8.0
22.26  794.0  42.0  8.0
22.26  794.0  42.0  8.0
22.283  794.0  43.0  7.0
22.306  794.0  43.0  7.0
22.329  794.0  43.0  8.0
22.329  794.0  43.0  8.0
22.351  794.0  42.0  8.0
22.364  794.0  43.0  7.0
22.386  794.0  43.0  8.0
22.409  794.0  42.0  9.0
22.409  794.0  42.0  9.0
22.432  794.0  42.0  9.0
22.455  794.0  42.0  7.0
22.466  794.0  43.0  8.0
22.49  794.0  43.0  8.0
22.49  794.0  42.0  8.0
22.512  794.0  42.0  7.0
22.535  794.0  42.0  7.0
22.558  794.0  43.0  7.0
22.581  794.0  43.0  7.0
22.581  794.0  42.0  8.0
22.603  794.0  42.0  8.0
22.615  794.0  42.0  7.0
22.638  794.0  42.0  7.0
22.661  794.0  42.0  7.0
22.661  794.0  43.0  8.0
22.683  794.0  42.0  8.0
22.707  794.0  42.0  7.0
22.729  794.0  42.0  8.0
22.74  794.0  42.0  8.0
22.74  794.0  42.0  8.0
22.764  794.0  42.0  8.0
22.787  794.0  41.0  7.0
22.809  794.0  42.0  8.0
22.833  794.0  42.0  9.0
22.833  794.0  42.0  9.0
22.855  794.0  42.0  9.0
22.878  794.0  41.0  7.0
22.89  794.0  42.0  7.0
22.89  794.0  42.0  7.0
22.913  794.0  42.0  8.0
22.935  794.0  41.0  8.0
22.959  794.0  41.0  8.0
22.959  794.0  42.0  8.0
22.981  794.0  42.0  8.0
23.004  794.0  42.0  8.0
23.027  794.0  41.0  8.0
23.05  793.0  42.0  7.0
23.05  793.0  42.0  7.0
23.061  794.0  42.0  7.0
23.084  794.0  42.0  8.0
23.107  794.0  41.0  8.0
23.107  794.0  41.0  7.0
23.141  794.0  42.0  7.0
23.153  794.0  42.0  7.0
23.176  794.0  42.0  7.0
23.176  794.0  42.0  8.0
23.198  794.0  42.0  8.0
23.222  794.0  42.0  8.0
23.244  794.0  42.0  7.0
23.267  794.0  42.0  8.0
23.267  794.0  42.0  8.0
23.29  794.0  42.0  8.0
23.302  794.0  42.0  8.0
23.324  794.0  42.0  7.0
23.347  794.0  42.0  8.0
23.347  794.0  41.0  8.0
23.37  794.0  41.0  8.0
23.393  794.0  41.0  8.0
23.415  793.0  42.0  7.0
23.415  793.0  42.0  8.0
23.428  794.0  42.0  8.0
23.45  794.0  42.0  7.0
23.473  794.0  42.0  7.0
23.496  794.0  42.0  7.0
23.496  794.0  42.0  7.0
23.519  794.0  42.0  9.0
23.541  794.0  42.0  8.0
23.565  794.0  42.0  8.0
23.576  794.0  42.0  8.0
23.576  794.0  42.0  8.0
23.599  794.0  42.0  8.0
23.622  794.0  41.0  8.0
23.645  793.0  41.0  8.0
23.667  794.0  42.0  7.0
23.667  794.0  42.0  8.0
23.691  794.0  42.0  8.0
23.702  794.0  42.0  8.0
23.725  794.0  42.0  8.0
23.747  793.0  42.0  7.0
23.747  793.0  42.0  8.0
23.771  794.0  41.0  8.0
23.793  794.0  41.0  8.0
23.793  794.0  41.0  8.0
23.816  794.0  41.0  8.0
23.839  794.0  43.0  8.0
23.862  794.0  43.0  8.0
23.885  794.0  42.0  8.0
23.885  794.0  42.0  8.0
23.908  794.0  42.0  8.0
23.93  794.0  43.0  7.0
23.942  794.0  43.0  8.0
23.965  794.0  42.0  8.0
23.965  794.0  42.0  8.0
23.988  794.0  42.0  8.0
24.01  794.0  42.0  8.0
24.023  794.0  42.0  8.0
24.056  794.0  42.0  8.0
24.056  794.0  41.0  8.0
24.068  794.0  42.0  7.0
24.091  794.0  43.0  7.0
24.114  794.0  42.0  8.0
24.136  794.0  42.0  8.0
24.136  794.0  42.0  8.0
24.16  794.0  42.0  8.0
24.171  794.0  42.0  8.0
24.194  794.0  43.0  7.0
24.216  794.0  42.0  8.0
24.216  794.0  42.0  8.0
24.24  794.0  42.0  8.0
24.262  794.0  43.0  7.0
24.273  794.0  43.0  8.0
24.297  794.0  43.0  8.0
24.297  794.0  42.0  8.0
24.32  794.0  42.0  8.0
24.342  794.0  43.0  8.0
24.366  794.0  43.0  8.0
24.388  794.0  42.0  8.0
24.388  794.0  42.0  8.0
24.399  794.0  42.0  7.0
24.423  794.0  42.0  7.0
24.445  794.0  43.0  8.0
24.445  794.0  42.0  9.0
24.468  794.0  42.0  8.0
24.492  794.0  42.0  8.0
24.514  794.0  42.0  8.0
24.537  794.0  43.0  8.0
24.537  794.0  42.0  9.0
24.548  794.0  42.0  8.0
24.571  794.0  42.0  8.0
24.594  794.0  42.0  8.0
24.617  794.0  43.0  8.0
24.617  794.0  43.0  8.0
24.64  794.0  42.0  8.0
24.663  794.0  43.0  8.0
24.686  794.0  43.0  8.0
24.697  794.0  43.0  8.0
24.697  794.0  43.0  8.0
24.731  794.0  43.0  9.0
24.742  794.0  43.0  9.0
24.742  794.0  42.0  8.0
24.766  794.0  43.0  7.0
24.788  794.0  43.0  7.0
24.811  794.0  43.0  9.0
24.835  794.0  43.0  9.0
24.835  794.0  42.0  8.0
24.857  794.0  44.0  8.0
24.868  794.0  43.0  8.0
24.892  794.0  42.0  8.0
24.914  794.0  42.0  8.0
24.914  794.0  42.0  8.0
24.937  794.0  43.0  8.0
24.961  794.0  44.0  8.0
24.983  794.0  43.0  8.0
25.006  794.0  43.0  8.0
25.006  794.0  43.0  7.0
25.018  794.0  43.0  7.0
25.04  794.0  44.0  8.0
25.063  794.0  43.0  9.0
25.086  794.0  43.0  9.0
25.086  794.0  43.0  8.0
25.109  794.0  44.0  8.0
25.132  794.0  44.0  8.0
25.155  794.0  43.0  8.0
25.155  794.0  43.0  8.0
25.178  794.0  43.0  8.0
25.189  794.0  43.0  8.0
25.211  794.0  43.0  8.0
25.235  794.0  43.0  8.0
25.235  794.0  43.0  8.0
25.257  794.0  42.0  8.0
25.28  794.0  43.0  8.0
25.304  794.0  44.0  8.0
25.304  794.0  44.0  8.0
25.326  794.0  42.0  9.0
25.35  794.0  42.0  9.0
25.361  794.0  43.0  8.0
25.383  794.0  44.0  7.0
25.383  794.0  44.0  7.0
25.406  794.0  43.0  9.0
25.43  794.0  42.0  8.0
25.452  794.0  44.0  8.0
25.452  794.0  44.0  8.0
25.463  794.0  44.0  8.0
25.498  794.0  44.0  8.0
25.509  794.0  43.0  8.0
25.532  794.0  44.0  8.0
25.532  794.0  44.0  8.0
25.555  794.0  44.0  8.0
25.578  794.0  44.0  8.0
25.601  794.0  43.0  9.0
25.624  794.0  44.0  8.0
25.624  794.0  44.0  8.0
25.647  794.0  45.0  8.0
25.658  794.0  43.0  9.0
25.68  794.0  43.0  9.0
25.704  794.0  44.0  8.0
25.704  794.0  44.0  8.0
25.726  794.0  45.0  8.0
25.75  794.0  44.0  9.0
25.761  794.0  43.0  8.0
25.784  794.0  43.0  8.0
25.784  794.0  43.0  8.0
25.806  794.0  44.0  7.0
25.83  794.0  44.0  8.0
25.852  794.0  43.0  8.0
25.875  794.0  43.0  8.0
25.875  794.0  43.0  8.0
25.887  794.0  43.0  8.0
25.91  794.0  43.0  8.0
25.932  794.0  42.0  8.0
25.956  794.0  43.0  7.0
25.956  794.0  43.0  7.0
25.978  794.0  43.0  7.0
26.001  794.0  44.0  8.0
26.024  794.0  42.0  9.0
26.024  794.0  42.0  9.0
26.047  794.0  42.0  8.0
26.07  794.0  43.0  7.0
26.082  794.0  43.0  8.0
26.104  794.0  42.0  8.0
26.104  794.0  42.0  8.0
26.127  794.0  42.0  8.0
26.15  794.0  43.0  8.0
26.162  794.0  43.0  8.0
26.162  794.0  43.0  8.0
26.195  794.0  42.0  8.0
26.219  794.0  43.0  8.0
26.242  794.0  43.0  8.0
26.242  794.0  43.0  8.0
26.253  794.0  43.0  8.0
26.275  794.0  42.0  8.0
26.299  794.0  42.0  7.0
26.321  794.0  43.0  7.0
26.321  794.0  43.0  9.0
26.344  794.0  43.0  9.0
26.368  794.0  42.0  8.0
26.39  794.0  42.0  8.0
26.401  794.0  43.0  7.0
26.401  794.0  43.0  7.0
26.425  794.0  43.0  8.0
26.447  794.0  42.0  8.0
26.47  794.0  42.0  8.0
26.493  794.0  43.0  8.0
26.493  794.0  43.0  8.0
26.516  794.0  43.0  8.0
26.527  794.0  42.0  8.0
26.551  794.0  42.0  8.0
26.573  794.0  42.0  8.0
26.573  794.0  42.0  8.0
26.596  794.0  43.0  8.0
26.619  794.0  42.0  9.0
26.642  794.0  43.0  8.0
26.642  794.0  43.0  8.0
26.664  794.0  44.0  8.0
26.676  794.0  43.0  9.0
26.699  794.0  43.0  9.0
26.722  794.0  43.0  8.0
26.722  794.0  43.0  8.0
26.744  794.0  44.0  8.0
26.768  794.0  44.0  8.0
26.79  794.0  43.0  8.0
26.802  794.0  43.0  8.0
26.802  794.0  43.0  8.0
26.825  794.0  44.0  8.0
26.848  794.0  44.0  8.0
26.87  794.0  43.0  9.0
26.87  794.0  43.0  9.0
26.894  794.0  44.0  8.0
26.916  794.0  44.0  8.0
26.939  794.0  44.0  8.0
26.951  794.0  43.0  9.0
26.951  794.0  43.0  9.0
26.974  794.0  43.0  8.0
26.996  794.0  44.0  8.0
27.02  794.0  44.0  8.0
27.042  794.0  44.0  8.0
27.042  794.0  44.0  8.0
27.065  794.0  43.0  8.0
27.088  793.0  44.0  8.0
27.1  794.0  44.0  8.0
27.122  794.0  43.0  8.0
27.122  794.0  43.0  8.0
27.145  794.0  43.0  8.0
27.168  794.0  44.0  8.0
27.191  794.0  44.0  8.0
27.202  794.0  43.0  9.0
27.202  794.0  43.0  9.0
27.226  794.0  43.0  9.0
27.248  794.0  43.0  8.0
27.271  794.0  43.0  8.0
27.294  794.0  42.0  9.0
27.294  794.0  42.0  9.0
27.317  794.0  42.0  8.0
27.328  794.0  43.0  8.0
27.352  793.0  43.0  8.0
27.352  793.0  43.0  8.0
27.374  794.0  43.0  9.0
27.397  794.0  42.0  8.0
27.42  794.0  43.0  8.0
27.443  794.0  43.0  9.0
27.443  794.0  43.0  9.0
27.465  794.0  43.0  9.0
27.476  794.0  42.0  9.0
27.5  794.0  42.0  8.0
27.523  794.0  43.0  8.0
27.523  794.0  43.0  8.0
27.546  794.0  42.0  9.0
27.569  794.0  42.0  9.0
27.591  794.0  42.0  8.0
27.602  794.0  43.0  8.0
27.602  794.0  43.0  8.0
27.626  794.0  42.0  9.0
27.649  794.0  42.0  9.0
27.671  794.0  42.0  8.0
27.671  794.0  43.0  8.0
27.695  794.0  43.0  8.0
27.717  794.0  42.0  9.0
27.74  794.0  42.0  8.0
27.74  794.0  42.0  8.0
27.763  794.0  42.0  8.0
27.786  794.0  43.0  9.0
27.808  794.0  43.0  9.0
27.832  794.0  43.0  9.0
27.832  794.0  42.0  9.0
27.843  794.0  43.0  8.0
27.866  794.0  43.0  8.0
27.889  794.0  42.0  9.0
27.889  794.0  42.0  9.0
27.912  794.0  42.0  8.0
27.934  794.0  42.0  8.0
27.958  794.0  43.0  8.0
27.98  794.0  42.0  9.0
27.98  794.0  42.0  9.0
28.003  794.0  42.0  8.0
28.015  794.0  43.0  8.0
28.049  794.0  43.0  8.0
28.049  794.0  43.0  8.0
28.06  794.0  43.0  9.0
28.084  794.0  42.0  8.0
28.106  794.0  43.0  8.0
28.129  794.0  43.0  8.0
28.129  794.0  43.0  8.0
28.152  794.0  43.0  8.0
28.164  794.0  42.0  9.0
28.186  794.0  42.0  8.0
28.186  794.0  43.0  8.0
28.209  794.0  43.0  8.0
28.232  794.0  42.0  9.0
28.255  794.0  42.0  9.0
28.278  794.0  42.0  8.0
28.29  794.0  43.0  8.0
28.29  794.0  43.0  8.0
28.312  794.0  43.0  9.0
28.335  794.0  42.0  8.0
28.358  794.0  42.0  8.0
28.358  794.0  43.0  8.0
28.381  794.0  43.0  8.0
28.403  794.0  43.0  9.0
28.427  794.0  42.0  8.0
28.438  794.0  43.0  8.0
28.438  794.0  43.0  8.0
28.461  794.0  43.0  8.0
28.484  794.0  43.0  8.0
28.507  794.0  42.0  9.0
28.529  794.0  42.0  8.0
28.529  794.0  43.0  8.0
28.553  794.0  43.0  8.0
28.564  794.0  42.0  9.0
28.587  794.0  42.0  9.0
28.609  794.0  42.0  8.0
28.609  794.0  43.0  8.0
28.633  794.0  43.0  8.0
28.655  794.0  43.0  9.0
28.679  794.0  43.0  9.0
28.679  794.0  42.0  8.0
28.701  794.0  43.0  8.0
28.712  794.0  43.0  8.0
28.735  794.0  43.0  9.0
28.759  794.0  42.0  9.0
28.759  794.0  43.0  8.0
28.781  794.0  43.0  8.0
28.804  794.0  43.0  8.0
28.827  794.0  43.0  8.0
28.85  794.0  42.0  9.0
28.85  794.0  42.0  8.0
28.861  794.0  42.0  8.0
28.884  794.0  42.0  8.0
28.907  794.0  44.0  8.0
28.93  794.0  43.0  9.0
28.93  794.0  42.0  8.0
28.953  793.0  42.0  8.0
28.976  794.0  43.0  8.0
28.987  794.0  43.0  9.0
29.01  794.0  43.0  9.0
29.01  794.0  43.0  9.0
29.033  794.0  42.0  8.0
29.056  794.0  43.0  8.0
29.079  794.0  43.0  9.0
29.102  794.0  42.0  9.0
29.102  794.0  42.0  9.0
29.124  794.0  43.0  8.0
29.135  794.0  43.0  8.0
29.159  794.0  43.0  8.0
29.159  794.0  43.0  8.0
29.181  794.0  42.0  9.0
29.204  794.0  43.0  8.0
29.228  794.0  43.0  8.0
29.25  794.0  43.0  9.0
29.25  794.0  43.0  9.0
29.273  794.0  43.0  9.0
29.296  794.0  43.0  8.0
29.307  794.0  43.0  8.0
29.33  794.0  43.0  8.0
29.33  794.0  43.0  8.0
29.353  794.0  42.0  8.0
29.376  794.0  42.0  8.0
29.399  794.0  43.0  8.0
29.399  794.0  43.0  8.0
29.422  794.0  43.0  8.0
29.445  794.0  42.0  9.0
29.456  794.0  42.0  8.0
29.479  794.0  42.0  8.0
29.479  794.0  43.0  8.0
29.502  794.0  43.0  8.0
29.524  794.0  43.0  9.0
29.548  794.0  43.0  8.0
29.571  794.0  43.0  8.0
29.571  794.0  43.0  8.0
29.593  794.0  43.0  8.0
29.604  794.0  43.0  9.0
29.628  794.0  42.0  8.0
29.628  794.0  43.0  8.0
29.65  794.0  43.0  8.0
29.673  794.0  43.0  8.0
29.697  794.0  43.0  8.0
29.719  794.0  42.0  9.0
29.719  794.0  43.0  8.0
29.73  793.0  43.0  8.0
29.754  794.0  43.0  8.0
29.776  794.0  43.0  9.0
29.799  794.0  43.0  9.0
29.799  794.0  43.0  8.0
29.822  794.0  43.0  8.0
29.845  794.0  43.0  8.0
29.868  794.0  43.0  9.0
29.88  794.0  42.0  8.0
29.88  794.0  42.0  8.0
29.902  794.0  43.0  8.0
29.925  794.0  43.0  8.0
