0.0  1.0  1.0  1.0
0.0  1.0  1.0  1.0
0.0  1.0  1.0  1.0
0.0  1.0  1.0  1.0
0.0  1.0  1.0  1.0
0.0  1.0  1.0  1.0
0.0  1.0  1.0  1.0
0.0  1.0  1.0  1.0
0.0  1.0  1.0  1.0
0.0  1.0  1.0  1.0
0.0  1.0  1.0  1.0
0.0  1.0  1.0  1.0
0.0  1.0  1.0  1.0
0.0  1.0  1.0  1.0
0.0  1.0  1.0  1.0
0.0  1.0  1.0  1.0
0.0  1.0  1.0  1.0
0.0  1.0  1.0  1.0
0.0  1.0  1.0  1.0
0.0  1.0  1.0  1.0
0.0  1.0  1.0  1.0
0.0  1.0  1.0  1.0
0.0  1.0  1.0  1.0
0.0  1.0  1.0  1.0
0.0  1.0  1.0  1.0
0.0  1.0  1.0  1.0
0.0  1.0  1.0  1.0
0.0  1.0  1.0  1.0
0.0  1.0  1.0  1.0
0.0  1.0  1.0  1.0
0.0  1.0  1.0  1.0
0.0  1.0  1.0  1.0
0.0  1.0  1.0  1.0
0.0  1.0  1.0  1.0
0.0  1.0  1.0  1.0
0.0  1.0  1.0  1.0
0.0  1.0  1.0  1.0
0.0  1.0  1.0  1.0
0.0010  339.0  1.0  1.0
0.0010  339.0  1.0  1.0
0.0010  339.0  0.0  0.0
0.0030  339.0  0.0  0.0
0.0090  339.0  0.0  0.0
0.0090  339.0  0.0  0.0
0.032  339.0  0.0  0.0
0.05  339.0  0.0  0.0
0.074  340.0  0.0  0.0
0.074  340.0  0.0  0.0
0.091  339.0  0.0  0.0
0.117  339.0  0.0  0.0
0.136  339.0  0.0  0.0
0.154  339.0  0.0  0.0
0.154  339.0  0.0  0.0
0.183  340.0  0.0  0.0
0.201  339.0  0.0  0.0
0.22  339.0  0.0  0.0
0.239  339.0  0.0  0.0
0.239  339.0  0.0  0.0
0.258  339.0  0.0  0.0
0.285  339.0  0.0  0.0
0.305  339.0  0.0  0.0
0.323  339.0  0.0  0.0
0.323  339.0  0.0  0.0
0.351  339.0  0.0  0.0
0.369  339.0  0.0  0.0
0.389  339.0  0.0  0.0
0.407  340.0  0.0  0.0
0.407  340.0  0.0  0.0
0.425  340.0  0.0  0.0
0.454  339.0  0.0  0.0
0.473  339.0  0.0  0.0
0.491  339.0  0.0  0.0
0.491  339.0  0.0  0.0
0.52  339.0  0.0  0.0
0.538  340.0  0.0  0.0
0.557  339.0  0.0  0.0
0.576  339.0  0.0  0.0
0.576  339.0  0.0  0.0
0.594  340.0  0.0  0.0
0.622  339.0  0.0  0.0
0.642  339.0  0.0  0.0
0.642  339.0  0.0  0.0
0.66  339.0  0.0  0.0
0.688  339.0  0.0  0.0
0.707  339.0  0.0  0.0
0.726  339.0  0.0  0.0
0.726  339.0  0.0  0.0
0.753  339.0  0.0  0.0
0.773  339.0  0.0  0.0
0.791  340.0  0.0  0.0
0.791  340.0  0.0  0.0
0.809  339.0  0.0  0.0
0.828  339.0  0.0  0.0
0.857  339.0  0.0  0.0
0.875  339.0  0.0  0.0
0.875  339.0  0.0  0.0
0.904  339.0  0.0  0.0
0.922  339.0  0.0  0.0
0.95  339.0  0.0  0.0
0.997  339.0  0.0  0.0
1.016  340.0  0.0  0.0
1.038  339.0  0.0  0.0
1.058  339.0  0.0  0.0
1.058  339.0  0.0  0.0
1.079  339.0  0.0  0.0
1.099  339.0  0.0  0.0
1.121  339.0  0.0  0.0
1.121  339.0  0.0  0.0
1.141  339.0  0.0  0.0
1.162  339.0  0.0  0.0
1.183  339.0  0.0  0.0
1.204  339.0  0.0  0.0
1.204  339.0  0.0  0.0
1.224  340.0  0.0  0.0
1.246  339.0  0.0  0.0
1.266  339.0  0.0  0.0
1.287  340.0  0.0  0.0
1.287  340.0  0.0  0.0
1.308  339.0  0.0  0.0
1.329  339.0  0.0  0.0
1.349  339.0  0.0  0.0
1.371  339.0  0.0  0.0
1.371  339.0  0.0  0.0
1.401  339.0  0.0  0.0
1.412  339.0  0.0  0.0
1.432  340.0  0.0  0.0
1.432  340.0  0.0  0.0
1.454  339.0  0.0  0.0
1.474  339.0  0.0  0.0
1.495  339.0  0.0  0.0
1.516  339.0  0.0  0.0
1.516  339.0  0.0  0.0
1.537  339.0  0.0  0.0
1.567  339.0  0.0  0.0
1.589  339.0  0.0  0.0
1.609  339.0  0.0  0.0
1.609  339.0  0.0  0.0
1.63  339.0  0.0  0.0
1.651  340.0  0.0  0.0
1.672  340.0  0.0  0.0
1.692  339.0  0.0  0.0
1.692  339.0  0.0  0.0
1.714  339.0  0.0  0.0
1.734  339.0  0.0  0.0
1.755  340.0  0.0  0.0
1.755  340.0  0.0  0.0
1.776  340.0  0.0  0.0
1.797  340.0  0.0  0.0
1.817  339.0  0.0  0.0
1.839  339.0  0.0  0.0
1.839  339.0  0.0  0.0
1.859  340.0  0.0  0.0
1.88  339.0  0.0  0.0
1.9  339.0  0.0  0.0
1.922  339.0  0.0  0.0
1.922  339.0  0.0  0.0
1.942  340.0  0.0  0.0
1.963  340.0  0.0  0.0
1.984  339.0  0.0  0.0
2.004  339.0  0.0  0.0
2.004  339.0  0.0  0.0
2.025  339.0  0.0  0.0
2.046  339.0  0.0  0.0
2.077  339.0  0.0  0.0
2.077  339.0  0.0  0.0
2.098  340.0  0.0  0.0
2.119  339.0  0.0  0.0
2.14  340.0  0.0  0.0
2.16  340.0  0.0  0.0
2.16  340.0  0.0  0.0
2.182  339.0  0.0  0.0
2.202  339.0  0.0  0.0
2.223  339.0  0.0  0.0
2.233  339.0  0.0  0.0
2.233  339.0  0.0  0.0
2.254  339.0  0.0  0.0
2.285  339.0  0.0  0.0
2.307  339.0  0.0  0.0
2.327  340.0  0.0  0.0
2.327  340.0  0.0  0.0
2.348  339.0  0.0  0.0
2.369  339.0  0.0  0.0
2.39  339.0  0.0  0.0
2.41  339.0  0.0  0.0
2.41  339.0  0.0  0.0
2.43  339.0  0.0  0.0
2.452  339.0  0.0  0.0
2.472  339.0  0.0  0.0
2.493  339.0  0.0  0.0
2.493  339.0  0.0  0.0
2.514  340.0  0.0  0.0
2.535  339.0  0.0  0.0
2.555  339.0  0.0  0.0
2.577  340.0  0.0  0.0
2.577  340.0  0.0  0.0
2.597  339.0  0.0  0.0
2.628  339.0  0.0  0.0
2.628  339.0  0.0  0.0
2.65  339.0  0.0  0.0
2.67  339.0  0.0  0.0
2.691  340.0  0.0  0.0
2.712  339.0  0.0  0.0
2.712  339.0  0.0  0.0
2.722  339.0  0.0  0.0
2.753  339.0  0.0  0.0
2.775  339.0  0.0  0.0
2.795  339.0  0.0  0.0
2.795  339.0  0.0  0.0
2.816  339.0  0.0  0.0
2.837  339.0  0.0  0.0
2.857  340.0  0.0  0.0
2.878  339.0  0.0  0.0
2.878  339.0  0.0  0.0
2.898  339.0  0.0  0.0
2.92  339.0  0.0  0.0
2.94  339.0  0.0  0.0
2.961  339.0  0.0  0.0
2.961  339.0  0.0  0.0
2.982  339.0  0.0  0.0
3.013  339.0  0.0  0.0
3.013  339.0  0.0  0.0
3.035  339.0  0.0  0.0
3.055  339.0  0.0  0.0
3.076  339.0  0.0  0.0
3.096  339.0  0.0  0.0
3.096  339.0  0.0  0.0
3.118  339.0  0.0  0.0
3.138  339.0  0.0  0.0
3.159  339.0  0.0  0.0
3.18  340.0  0.0  0.0
3.18  340.0  0.0  0.0
3.201  340.0  0.0  0.0
3.221  339.0  0.0  0.0
3.243  339.0  0.0  0.0
3.263  339.0  0.0  0.0
3.263  339.0  0.0  0.0
3.283  339.0  0.0  0.0
3.305  339.0  0.0  0.0
3.325  339.0  0.0  0.0
3.325  339.0  0.0  0.0
3.346  339.0  0.0  0.0
3.367  339.0  0.0  0.0
3.388  339.0  0.0  0.0
3.408  339.0  0.0  0.0
3.408  339.0  0.0  0.0
3.429  339.0  0.0  0.0
3.45  339.0  0.0  0.0
3.471  339.0  0.0  0.0
3.491  339.0  0.0  0.0
3.491  339.0  0.0  0.0
3.513  339.0  0.0  0.0
3.544  339.0  0.0  0.0
3.564  339.0  0.0  0.0
3.564  339.0  0.0  0.0
3.586  339.0  0.0  0.0
3.606  339.0  0.0  0.0
3.627  339.0  0.0  0.0
3.648  339.0  0.0  0.0
3.648  339.0  0.0  0.0
3.668  339.0  0.0  0.0
3.689  339.0  0.0  0.0
3.71  339.0  0.0  0.0
3.731  339.0  0.0  0.0
3.751  340.0  0.0  0.0
3.751  340.0  0.0  0.0
3.773  339.0  0.0  0.0
3.793  339.0  0.0  0.0
3.814  339.0  0.0  0.0
3.814  339.0  0.0  0.0
3.835  339.0  0.0  0.0
