0.0  0.0  1.0  1.0
0.0  0.0  1.0  1.0
0.0  0.0  1.0  1.0
0.0  0.0  1.0  1.0
0.0  0.0  1.0  1.0
0.0  0.0  1.0  1.0
0.0  0.0  1.0  1.0
0.0  0.0  1.0  1.0
0.0  0.0  1.0  1.0
0.0  0.0  1.0  1.0
0.0  0.0  1.0  1.0
0.0  0.0  1.0  1.0
0.0  0.0  1.0  1.0
0.0  0.0  1.0  1.0
0.0  0.0  1.0  1.0
0.0  0.0  1.0  1.0
0.0  0.0  1.0  1.0
0.0  0.0  1.0  1.0
0.0  0.0  1.0  1.0
0.0  0.0  1.0  1.0
0.0  0.0  1.0  1.0
0.0  0.0  1.0  1.0
0.0  0.0  1.0  1.0
0.0  0.0  1.0  1.0
0.0  0.0  1.0  1.0
0.0  0.0  1.0  1.0
0.0  0.0  1.0  1.0
0.0  0.0  1.0  1.0
0.0  0.0  1.0  1.0
0.0  0.0  1.0  1.0
0.0  0.0  1.0  1.0
0.0  0.0  1.0  1.0
0.0  0.0  1.0  1.0
0.0  0.0  1.0  1.0
0.0  0.0  1.0  1.0
0.0  0.0  1.0  1.0
0.0  0.0  1.0  1.0
0.0  0.0  1.0  1.0
0.0  0.0  1.0  1.0
0.0  0.0  1.0  1.0
0.0  0.0  1.0  1.0
0.0  0.0  1.0  1.0
0.0  0.0  339.0  1.0
0.0  0.0  339.0  2.0
0.0  0.0  339.0  3.0
0.0  0.0  339.0  16.0
0.0  0.0  339.0  16.0
0.0  0.0  339.0  32.0
0.0  0.0  339.0  50.0
0.0  0.0  340.0  74.0
0.0  0.0  340.0  74.0
0.0  0.0  340.0  99.0
0.0  0.0  339.0  117.0
0.0  0.0  339.0  136.0
0.0  0.0  339.0  136.0
0.0  0.0  339.0  163.0
0.0  0.0  339.0  183.0
0.0  0.0  339.0  201.0
0.0  0.0  339.0  220.0
0.0  0.0  339.0  248.0
0.0  0.0  339.0  248.0
0.0  0.0  339.0  267.0
0.0  0.0  339.0  285.0
0.0  0.0  339.0  305.0
0.0  0.0  339.0  305.0
0.0  0.0  340.0  332.0
0.0  0.0  339.0  351.0
0.0  0.0  339.0  369.0
0.0  0.0  339.0  369.0
0.0  0.0  339.0  389.0
0.0  0.0  339.0  416.0
0.0  0.0  339.0  435.0
0.0  0.0  339.0  454.0
0.0  0.0  339.0  454.0
0.0  0.0  340.0  482.0
0.0  0.0  339.0  500.0
0.0  0.0  339.0  529.0
0.0  0.0  339.0  547.0
0.0  0.0  339.0  547.0
0.0  0.0  339.0  566.0
0.0  0.0  339.0  585.0
0.0  0.0  339.0  604.0
0.0  0.0  339.0  604.0
0.0  0.0  339.0  631.0
0.0  0.0  339.0  651.0
0.0  0.0  339.0  669.0
0.0  0.0  339.0  688.0
0.0  0.0  339.0  688.0
0.0  0.0  339.0  716.0
0.0  0.0  339.0  735.0
0.0  0.0  339.0  762.0
0.0  0.0  339.0  762.0
0.0  0.0  339.0  782.0
0.0  0.0  339.0  800.0
0.0  0.0  339.0  800.0
0.0  0.0  339.0  838.0
0.0  0.0  339.0  857.0
0.0  0.0  339.0  875.0
0.0  0.0  339.0  875.0
0.0  0.0  339.0  959.0
0.0  0.0  339.0  959.0
0.0  0.0  339.0  988.0
0.0  0.0  339.0  988.0
0.0  0.0  339.0  1006.0
0.0  0.0  339.0  1027.0
0.0  0.0  339.0  1048.0
0.0  0.0  339.0  1048.0
0.0  0.0  340.0  1069.0
0.0  0.0  339.0  1089.0
0.0  0.0  339.0  1121.0
0.0  0.0  339.0  1141.0
0.0  0.0  339.0  1141.0
0.0  0.0  339.0  1162.0
0.0  0.0  339.0  1183.0
0.0  0.0  339.0  1204.0
0.0  0.0  339.0  1224.0
0.0  0.0  339.0  1224.0
0.0  0.0  339.0  1246.0
0.0  0.0  339.0  1266.0
0.0  0.0  339.0  1287.0
0.0  0.0  339.0  1287.0
0.0  0.0  339.0  1308.0
0.0  0.0  339.0  1329.0
0.0  0.0  339.0  1349.0
0.0  0.0  339.0  1371.0
0.0  0.0  339.0  1371.0
0.0  0.0  339.0  1391.0
0.0  0.0  339.0  1412.0
0.0  0.0  339.0  1432.0
0.0  0.0  339.0  1454.0
0.0  0.0  339.0  1454.0
0.0  0.0  339.0  1484.0
0.0  0.0  339.0  1495.0
0.0  0.0  339.0  1516.0
0.0  0.0  339.0  1526.0
0.0  0.0  339.0  1537.0
0.0  0.0  339.0  1557.0
0.0  0.0  339.0  1579.0
0.0  0.0  339.0  1609.0
0.0  0.0  339.0  1609.0
0.0  0.0  339.0  1630.0
0.0  0.0  339.0  1651.0
0.0  0.0  339.0  1672.0
0.0  0.0  339.0  1692.0
0.0  0.0  339.0  1692.0
0.0  0.0  339.0  1714.0
0.0  0.0  339.0  1734.0
0.0  0.0  339.0  1755.0
0.0  0.0  339.0  1755.0
0.0  0.0  340.0  1776.0
0.0  0.0  339.0  1797.0
0.0  0.0  340.0  1817.0
0.0  0.0  339.0  1839.0
0.0  0.0  339.0  1839.0
0.0  0.0  339.0  1859.0
0.0  0.0  339.0  1880.0
0.0  0.0  339.0  1900.0
0.0  0.0  340.0  1922.0
0.0  0.0  340.0  1922.0
0.0  0.0  339.0  1942.0
0.0  0.0  339.0  1963.0
0.0  0.0  339.0  1984.0
0.0  0.0  339.0  1984.0
0.0  0.0  339.0  2004.0
0.0  0.0  339.0  2025.0
0.0  0.0  339.0  2046.0
0.0  0.0  339.0  2067.0
0.0  0.0  339.0  2067.0
0.0  0.0  339.0  2087.0
0.0  0.0  339.0  2119.0
0.0  0.0  339.0  2140.0
0.0  0.0  339.0  2160.0
0.0  0.0  339.0  2160.0
0.0  0.0  339.0  2182.0
0.0  0.0  340.0  2202.0
0.0  0.0  340.0  2223.0
0.0  0.0  339.0  2244.0
0.0  0.0  339.0  2244.0
0.0  0.0  340.0  2265.0
0.0  0.0  339.0  2285.0
0.0  0.0  340.0  2307.0
0.0  0.0  340.0  2307.0
0.0  0.0  339.0  2327.0
0.0  0.0  340.0  2348.0
0.0  0.0  339.0  2369.0
0.0  0.0  339.0  2390.0
0.0  0.0  339.0  2390.0
0.0  0.0  339.0  2410.0
0.0  0.0  339.0  2430.0
0.0  0.0  339.0  2452.0
0.0  0.0  339.0  2472.0
0.0  0.0  339.0  2504.0
0.0  0.0  339.0  2525.0
0.0  0.0  339.0  2525.0
0.0  0.0  339.0  2545.0
0.0  0.0  339.0  2566.0
0.0  0.0  339.0  2587.0
0.0  0.0  339.0  2587.0
0.0  0.0  340.0  2608.0
0.0  0.0  339.0  2628.0
0.0  0.0  339.0  2650.0
0.0  0.0  339.0  2670.0
0.0  0.0  339.0  2691.0
0.0  0.0  339.0  2691.0
0.0  0.0  339.0  2712.0
0.0  0.0  339.0  2733.0
0.0  0.0  339.0  2753.0
0.0  0.0  339.0  2775.0
0.0  0.0  339.0  2775.0
0.0  0.0  339.0  2795.0
0.0  0.0  339.0  2816.0
0.0  0.0  340.0  2837.0
0.0  0.0  340.0  2837.0
0.0  0.0  339.0  2857.0
0.0  0.0  340.0  2888.0
0.0  0.0  339.0  2910.0
0.0  0.0  339.0  2930.0
0.0  0.0  339.0  2930.0
0.0  0.0  339.0  2940.0
0.0  0.0  339.0  2961.0
0.0  0.0  339.0  2982.0
0.0  0.0  340.0  3003.0
0.0  0.0  340.0  3003.0
0.0  0.0  339.0  3035.0
0.0  0.0  339.0  3055.0
0.0  0.0  339.0  3076.0
0.0  0.0  339.0  3076.0
0.0  0.0  339.0  3096.0
0.0  0.0  340.0  3118.0
0.0  0.0  339.0  3138.0
0.0  0.0  339.0  3159.0
0.0  0.0  339.0  3180.0
0.0  0.0  339.0  3180.0
0.0  0.0  339.0  3201.0
0.0  0.0  339.0  3221.0
0.0  0.0  339.0  3243.0
0.0  0.0  339.0  3243.0
0.0  0.0  339.0  3263.0
0.0  0.0  339.0  3283.0
0.0  0.0  339.0  3305.0
0.0  0.0  339.0  3325.0
0.0  0.0  339.0  3325.0
0.0  0.0  339.0  3346.0
0.0  0.0  339.0  3367.0
0.0  0.0  339.0  3388.0
0.0  0.0  339.0  3408.0
0.0  0.0  339.0  3408.0
0.0  0.0  339.0  3429.0
0.0  0.0  339.0  3450.0
0.0  0.0  339.0  3471.0
0.0  0.0  339.0  3471.0
0.0  0.0  339.0  3491.0
0.0  0.0  339.0  3513.0
0.0  0.0  339.0  3533.0
0.0  0.0  339.0  3554.0
0.0  0.0  339.0  3554.0
0.0  0.0  339.0  3586.0
0.0  0.0  339.0  3606.0
0.0  0.0  339.0  3627.0
0.0  0.0  339.0  3648.0
0.0  0.0  339.0  3648.0
0.0  0.0  339.0  3668.0
0.0  0.0  339.0  3689.0
0.0  0.0  340.0  3710.0
0.0  0.0  340.0  3710.0
0.0  0.0  339.0  3731.0
0.0  0.0  339.0  3751.0
0.0  0.0  339.0  3773.0
0.0  0.0  339.0  3773.0
0.0  0.0  339.0  3804.0
0.0  0.0  339.0  3824.0
0.0  0.0  339.0  3846.0
0.0  0.0  339.0  3846.0
0.0  0.0  339.0  3866.0
0.0  0.0  339.0  3887.0
0.0  0.0  339.0  3908.0
0.0  0.0  339.0  3929.0
0.0  0.0  339.0  3929.0
0.0  0.0  339.0  3949.0
0.0  0.0  339.0  3971.0
0.0  0.0  339.0  3991.0
0.0  0.0  339.0  4012.0
0.0  0.0  339.0  4012.0
0.0  0.0  339.0  4033.0
0.0  0.0  339.0  4054.0
0.0  0.0  340.0  4074.0
0.0  0.0  339.0  4094.0
0.0  0.0  339.0  4094.0
0.0  0.0  339.0  4116.0
0.0  0.0  339.0  4136.0
0.0  0.0  339.0  4157.0
0.0  0.0  339.0  4157.0
0.0  0.0  339.0  4178.0
0.0  0.0  339.0  4209.0
0.0  0.0  340.0  4230.0
0.0  0.0  340.0  4230.0
0.0  0.0  339.0  4251.0
0.0  0.0  339.0  4272.0
0.0  0.0  340.0  4292.0
0.0  0.0  339.0  4314.0
0.0  0.0  339.0  4314.0
0.0  0.0  339.0  4334.0
0.0  0.0  339.0  4355.0
0.0  0.0  339.0  4376.0
0.0  0.0  339.0  4397.0
0.0  0.0  339.0  4397.0
0.0  0.0  339.0  4417.0
0.0  0.0  340.0  4439.0
0.0  0.0  339.0  4459.0
0.0  0.0  339.0  4459.0
0.0  0.0  339.0  4480.0
0.0  0.0  339.0  4501.0
0.0  0.0  339.0  4521.0
0.0  0.0  339.0  4542.0
0.0  0.0  339.0  4542.0
0.0  0.0  339.0  4562.0
0.0  0.0  339.0  4584.0
0.0  0.0  339.0  4604.0
0.0  0.0  339.0  4625.0
0.0  0.0  339.0  4625.0
0.0  0.0  339.0  4646.0
0.0  0.0  340.0  4677.0
0.0  0.0  339.0  4699.0
0.0  0.0  340.0  4719.0
0.0  0.0  340.0  4719.0
0.0  0.0  339.0  4740.0
0.0  0.0  339.0  4760.0
0.0  0.0  339.0  4782.0
0.0  0.0  339.0  4782.0
0.0  0.0  339.0  4802.0
0.0  0.0  339.0  4823.0
0.0  0.0  339.0  4844.0
0.0  0.0  339.0  4865.0
0.0  0.0  339.0  4865.0
0.0  0.0  340.0  4885.0
0.0  0.0  339.0  4907.0
0.0  0.0  339.0  4927.0
0.0  0.0  339.0  4947.0
0.0  0.0  339.0  4947.0
0.0  0.0  339.0  4969.0
0.0  0.0  339.0  4989.0
0.0  0.0  339.0  5010.0
0.0  0.0  339.0  5031.0
0.0  0.0  339.0  5031.0
0.0  0.0  339.0  5052.0
0.0  0.0  340.0  5072.0
0.0  0.0  340.0  5093.0
0.0  0.0  340.0  5114.0
0.0  0.0  340.0  5114.0
0.0  0.0  339.0  5135.0
0.0  0.0  339.0  5155.0
0.0  0.0  339.0  5177.0
0.0  0.0  339.0  5197.0
0.0  0.0  339.0  5197.0
0.0  0.0  340.0  5218.0
0.0  0.0  339.0  5239.0
0.0  0.0  339.0  5260.0
0.0  0.0  339.0  5291.0
0.0  0.0  339.0  5291.0
0.0  0.0  339.0  5312.0
0.0  0.0  339.0  5332.0
0.0  0.0  339.0  5343.0
0.0  0.0  339.0  5364.0
0.0  0.0  339.0  5364.0
0.0  0.0  339.0  5385.0
0.0  0.0  340.0  5415.0
0.0  0.0  339.0  5437.0
0.0  0.0  339.0  5457.0
0.0  0.0  339.0  5457.0
0.0  0.0  339.0  5478.0
0.0  0.0  339.0  5499.0
0.0  0.0  339.0  5520.0
0.0  0.0  339.0  5520.0
0.0  0.0  339.0  5540.0
0.0  0.0  339.0  5561.0
0.0  0.0  340.0  5582.0
0.0  0.0  340.0  5603.0
0.0  0.0  340.0  5603.0
0.0  0.0  339.0  5623.0
0.0  0.0  339.0  5645.0
0.0  0.0  339.0  5665.0
0.0  0.0  339.0  5686.0
0.0  0.0  339.0  5686.0
0.0  0.0  339.0  5707.0
0.0  0.0  339.0  5728.0
0.0  0.0  339.0  5758.0
0.0  0.0  339.0  5758.0
0.0  0.0  339.0  5780.0
0.0  0.0  340.0  5800.0
0.0  0.0  339.0  5811.0
0.0  0.0  339.0  5832.0
0.0  0.0  339.0  5832.0
0.0  0.0  339.0  5853.0
0.0  0.0  339.0  5883.0
0.0  0.0  339.0  5905.0
0.0  0.0  340.0  5925.0
0.0  0.0  340.0  5925.0
0.0  0.0  339.0  5946.0
0.0  0.0  339.0  5967.0
0.0  0.0  339.0  5988.0
0.0  0.0  339.0  6008.0
0.0  0.0  339.0  6008.0
0.0  0.0  339.0  6030.0
0.0  0.0  339.0  6050.0
0.0  0.0  339.0  6071.0
0.0  0.0  340.0  6091.0
0.0  0.0  340.0  6091.0
0.0  0.0  339.0  6113.0
0.0  0.0  339.0  6133.0
0.0  0.0  339.0  6154.0
0.0  0.0  340.0  6175.0
0.0  0.0  340.0  6175.0
0.0  0.0  339.0  6196.0
0.0  0.0  339.0  6216.0
0.0  0.0  339.0  6238.0
0.0  0.0  339.0  6238.0
0.0  0.0  339.0  6258.0
0.0  0.0  339.0  6279.0
0.0  0.0  340.0  6300.0
0.0  0.0  339.0  6321.0
0.0  0.0  339.0  6321.0
0.0  0.0  339.0  6341.0
0.0  0.0  339.0  6363.0
0.0  0.0  339.0  6383.0
0.0  0.0  340.0  6404.0
0.0  0.0  340.0  6404.0
0.0  0.0  339.0  6424.0
0.0  0.0  339.0  6446.0
0.0  0.0  340.0  6466.0
0.0  0.0  340.0  6466.0
0.0  0.0  340.0  6487.0
0.0  0.0  339.0  6518.0
0.0  0.0  339.0  6539.0
0.0  0.0  339.0  6559.0
0.0  0.0  339.0  6559.0
0.0  0.0  340.0  6581.0
0.0  0.0  339.0  6601.0
0.0  0.0  339.0  6611.0
0.0  0.0  339.0  6643.0
0.0  0.0  339.0  6643.0
0.0  0.0  339.0  6664.0
0.0  0.0  339.0  6684.0
0.0  0.0  340.0  6706.0
0.0  0.0  339.0  6726.0
0.0  0.0  339.0  6726.0
0.0  0.0  339.0  6747.0
0.0  0.0  339.0  6768.0
0.0  0.0  339.0  6789.0
0.0  0.0  339.0  6789.0
0.0  0.0  339.0  6809.0
0.0  0.0  339.0  6831.0
0.0  0.0  339.0  6851.0
0.0  0.0  339.0  6872.0
0.0  0.0  339.0  6882.0
0.0  0.0  339.0  6892.0
0.0  0.0  339.0  6914.0
0.0  0.0  339.0  6934.0
0.0  0.0  339.0  6955.0
0.0  0.0  339.0  6955.0
0.0  0.0  339.0  6976.0
0.0  0.0  339.0  6996.0
0.0  0.0  340.0  7017.0
0.0  0.0  339.0  7038.0
0.0  0.0  339.0  7038.0
0.0  0.0  340.0  7059.0
0.0  0.0  339.0  7079.0
0.0  0.0  339.0  7101.0
0.0  0.0  340.0  7121.0
0.0  0.0  340.0  7121.0
0.0  0.0  339.0  7142.0
0.0  0.0  340.0  7163.0
0.0  0.0  339.0  7184.0
0.0  0.0  339.0  7184.0
0.0  0.0  339.0  7215.0
0.0  0.0  339.0  7236.0
0.0  0.0  339.0  7257.0
0.0  0.0  339.0  7257.0
0.0  0.0  339.0  7277.0
0.0  0.0  339.0  7299.0
0.0  0.0  339.0  7319.0
0.0  0.0  339.0  7340.0
0.0  0.0  339.0  7340.0
0.0  0.0  339.0  7361.0
0.0  0.0  339.0  7382.0
0.0  0.0  339.0  7402.0
0.0  0.0  339.0  7422.0
0.0  0.0  339.0  7422.0
0.0  0.0  339.0  7444.0
0.0  0.0  340.0  7464.0
0.0  0.0  339.0  7485.0
0.0  0.0  339.0  7506.0
0.0  0.0  339.0  7506.0
0.0  0.0  339.0  7527.0
0.0  0.0  339.0  7547.0
0.0  0.0  339.0  7569.0
0.0  0.0  339.0  7589.0
0.0  0.0  339.0  7589.0
0.0  0.0  339.0  7610.0
0.0  0.0  340.0  7631.0
0.0  0.0  339.0  7652.0
0.0  0.0  339.0  7683.0
0.0  0.0  339.0  7683.0
0.0  0.0  339.0  7704.0
0.0  0.0  340.0  7725.0
0.0  0.0  339.0  7745.0
0.0  0.0  339.0  7745.0
0.0  0.0  340.0  7767.0
0.0  0.0  340.0  7787.0
0.0  0.0  339.0  7808.0
0.0  0.0  339.0  7829.0
0.0  0.0  339.0  7829.0
0.0  0.0  339.0  7849.0
0.0  0.0  339.0  7870.0
0.0  0.0  339.0  7890.0
0.0  0.0  339.0  7912.0
0.0  0.0  339.0  7912.0
0.0  0.0  339.0  7932.0
0.0  0.0  339.0  7953.0
0.0  0.0  339.0  7974.0
0.0  0.0  339.0  7974.0
0.0  0.0  339.0  7995.0
0.0  0.0  339.0  8015.0
0.0  0.0  339.0  8037.0
0.0  0.0  339.0  8057.0
0.0  0.0  339.0  8057.0
0.0  0.0  339.0  8078.0
0.0  0.0  339.0  8099.0
0.0  0.0  339.0  8120.0
0.0  0.0  339.0  8140.0
0.0  0.0  339.0  8140.0
0.0  0.0  339.0  8162.0
0.0  0.0  339.0  8182.0
0.0  0.0  340.0  8203.0
0.0  0.0  340.0  8223.0
0.0  0.0  340.0  8223.0
0.0  0.0  339.0  8245.0
0.0  0.0  339.0  8275.0
0.0  0.0  339.0  8297.0
0.0  0.0  339.0  8317.0
0.0  0.0  339.0  8317.0
0.0  0.0  339.0  8338.0
0.0  0.0  339.0  8359.0
0.0  0.0  339.0  8370.0
0.0  0.0  339.0  8370.0
0.0  0.0  340.0  8400.0
0.0  0.0  340.0  8421.0
0.0  0.0  339.0  8442.0
0.0  0.0  339.0  8463.0
0.0  0.0  339.0  8463.0
0.0  0.0  339.0  8483.0
0.0  0.0  339.0  8505.0
0.0  0.0  339.0  8525.0
0.0  0.0  339.0  8546.0
0.0  0.0  339.0  8546.0
0.0  0.0  339.0  8567.0
0.0  0.0  340.0  8588.0
0.0  0.0  339.0  8608.0
0.0  0.0  339.0  8630.0
0.0  0.0  339.0  8630.0
0.0  0.0  339.0  8650.0
0.0  0.0  339.0  8671.0
0.0  0.0  339.0  8692.0
0.0  0.0  339.0  8713.0
0.0  0.0  339.0  8713.0
0.0  0.0  339.0  8733.0
0.0  0.0  340.0  8754.0
0.0  0.0  340.0  8775.0
0.0  0.0  339.0  8796.0
0.0  0.0  339.0  8796.0
0.0  0.0  339.0  8816.0
0.0  0.0  339.0  8838.0
0.0  0.0  339.0  8838.0
0.0  0.0  340.0  8868.0
0.0  0.0  340.0  8889.0
0.0  0.0  340.0  8910.0
0.0  0.0  340.0  8910.0
0.0  0.0  339.0  8941.0
0.0  0.0  340.0  8963.0
0.0  0.0  339.0  8983.0
0.0  0.0  339.0  8983.0
0.0  0.0  339.0  9004.0
0.0  0.0  340.0  9014.0
0.0  0.0  339.0  9046.0
0.0  0.0  339.0  9066.0
0.0  0.0  339.0  9066.0
0.0  0.0  339.0  9086.0
0.0  0.0  339.0  9108.0
0.0  0.0  339.0  9128.0
0.0  0.0  339.0  9149.0
0.0  0.0  339.0  9149.0
0.0  0.0  339.0  9170.0
0.0  0.0  339.0  9191.0
0.0  0.0  339.0  9211.0
0.0  0.0  340.0  9233.0
0.0  0.0  340.0  9233.0
0.0  0.0  339.0  9253.0
0.0  0.0  339.0  9274.0
0.0  0.0  339.0  9295.0
0.0  0.0  339.0  9316.0
0.0  0.0  339.0  9316.0
0.0  0.0  339.0  9336.0
0.0  0.0  339.0  9358.0
0.0  0.0  339.0  9378.0
0.0  0.0  339.0  9378.0
0.0  0.0  339.0  9399.0
0.0  0.0  339.0  9419.0
0.0  0.0  339.0  9441.0
0.0  0.0  339.0  9441.0
0.0  0.0  339.0  9472.0
0.0  0.0  339.0  9493.0
0.0  0.0  339.0  9513.0
0.0  0.0  339.0  9513.0
0.0  0.0  340.0  9534.0
0.0  0.0  340.0  9554.0
0.0  0.0  339.0  9576.0
0.0  0.0  339.0  9596.0
0.0  0.0  339.0  9596.0
0.0  0.0  339.0  9617.0
0.0  0.0  339.0  9638.0
0.0  0.0  339.0  9659.0
0.0  0.0  340.0  9679.0
0.0  0.0  340.0  9679.0
0.0  0.0  339.0  9701.0
0.0  0.0  339.0  9721.0
0.0  0.0  339.0  9742.0
0.0  0.0  339.0  9742.0
0.0  0.0  339.0  9763.0
0.0  0.0  339.0  9784.0
0.0  0.0  339.0  9815.0
0.0  0.0  339.0  9836.0
0.0  0.0  339.0  9836.0
0.0  0.0  339.0  9857.0
0.0  0.0  339.0  9877.0
0.0  0.0  339.0  9899.0
0.0  0.0  339.0  9919.0
0.0  0.0  339.0  9919.0
0.0  0.0  339.0  9939.0
0.0  0.0  339.0  9961.0
0.0  0.0  339.0  9981.0
0.0  0.0  339.0  10002.0
0.0  0.0  339.0  10002.0
0.0  0.0  339.0  10025.0
0.0  0.0  339.0  10037.0
0.0  0.0  340.0  10059.0
0.0  0.0  340.0  10059.0
0.0  0.0  339.0  10082.0
0.0  0.0  339.0  10105.0
0.0  0.0  339.0  10128.0
0.0  0.0  340.0  10150.0
0.0  0.0  340.0  10150.0
0.0  0.0  339.0  10163.0
0.0  0.0  339.0  10185.0
0.0  0.0  340.0  10208.0
0.0  0.0  339.0  10231.0
0.0  0.0  339.0  10231.0
0.0  0.0  339.0  10254.0
0.0  0.0  339.0  10276.0
0.0  0.0  339.0  10300.0
0.0  0.0  339.0  10311.0
0.0  0.0  339.0  10311.0
0.0  0.0  339.0  10334.0
0.0  0.0  339.0  10357.0
0.0  0.0  339.0  10380.0
0.0  0.0  339.0  10402.0
0.0  0.0  339.0  10402.0
0.0  0.0  339.0  10426.0
0.0  0.0  340.0  10448.0
0.0  0.0  340.0  10460.0
0.0  0.0  340.0  10460.0
0.0  0.0  339.0  10482.0
0.0  0.0  339.0  10506.0
0.0  0.0  339.0  10528.0
0.0  0.0  339.0  10540.0
0.0  0.0  339.0  10563.0
0.0  0.0  339.0  10563.0
0.0  0.0  339.0  10586.0
0.0  0.0  339.0  10608.0
0.0  0.0  339.0  10632.0
0.0  0.0  339.0  10632.0
0.0  0.0  339.0  10654.0
0.0  0.0  340.0  10677.0
0.0  0.0  339.0  10689.0
0.0  0.0  339.0  10723.0
0.0  0.0  339.0  10723.0
0.0  0.0  339.0  10734.0
0.0  0.0  340.0  10758.0
0.0  0.0  339.0  10780.0
0.0  0.0  339.0  10803.0
0.0  0.0  339.0  10803.0
0.0  0.0  339.0  10826.0
0.0  0.0  339.0  10849.0
0.0  0.0  339.0  10860.0
0.0  0.0  339.0  10883.0
0.0  0.0  339.0  10883.0
0.0  0.0  339.0  10906.0
0.0  0.0  339.0  10929.0
0.0  0.0  339.0  10951.0
0.0  0.0  339.0  10951.0
0.0  0.0  339.0  10975.0
0.0  0.0  339.0  10997.0
0.0  0.0  339.0  11009.0
0.0  0.0  339.0  11009.0
0.0  0.0  340.0  11032.0
0.0  0.0  339.0  11055.0
0.0  0.0  339.0  11077.0
0.0  0.0  339.0  11101.0
0.0  0.0  339.0  11101.0
0.0  0.0  339.0  11123.0
0.0  0.0  339.0  11146.0
0.0  0.0  339.0  11158.0
0.0  0.0  339.0  11181.0
0.0  0.0  339.0  11181.0
0.0  0.0  339.0  11203.0
0.0  0.0  339.0  11227.0
0.0  0.0  339.0  11249.0
0.0  0.0  340.0  11272.0
0.0  0.0  340.0  11272.0
0.0  0.0  339.0  11283.0
0.0  0.0  340.0  11307.0
0.0  0.0  339.0  11329.0
0.0  0.0  339.0  11352.0
0.0  0.0  339.0  11352.0
0.0  0.0  340.0  11375.0
0.0  0.0  340.0  11398.0
0.0  0.0  340.0  11421.0
0.0  0.0  340.0  11432.0
0.0  0.0  340.0  11432.0
0.0  0.0  339.0  11455.0
0.0  0.0  339.0  11478.0
0.0  0.0  340.0  11501.0
0.0  0.0  339.0  11524.0
0.0  0.0  339.0  11524.0
0.0  0.0  340.0  11535.0
0.0  0.0  340.0  11558.0
0.0  0.0  339.0  11581.0
0.0  0.0  339.0  11603.0
0.0  0.0  339.0  11603.0
0.0  0.0  339.0  11627.0
0.0  0.0  340.0  11650.0
0.0  0.0  340.0  11661.0
0.0  0.0  340.0  11683.0
0.0  0.0  340.0  11683.0
0.0  0.0  339.0  11707.0
0.0  0.0  339.0  11729.0
0.0  0.0  340.0  11753.0
0.0  0.0  339.0  11764.0
0.0  0.0  339.0  11764.0
0.0  0.0  339.0  11787.0
0.0  0.0  340.0  11809.0
0.0  0.0  339.0  11833.0
0.0  0.0  339.0  11833.0
0.0  0.0  339.0  11855.0
0.0  0.0  339.0  11878.0
0.0  0.0  339.0  11901.0
0.0  0.0  340.0  11913.0
0.0  0.0  340.0  11913.0
0.0  0.0  339.0  11947.0
0.0  0.0  340.0  11959.0
0.0  0.0  339.0  11981.0
0.0  0.0  339.0  12004.0
0.0  0.0  339.0  12004.0
0.0  0.0  339.0  12027.0
0.0  0.0  339.0  12050.0
0.0  0.0  339.0  12061.0
0.0  0.0  339.0  12084.0
0.0  0.0  339.0  12084.0
0.0  0.0  339.0  12107.0
0.0  0.0  339.0  12130.0
0.0  0.0  339.0  12153.0
0.0  0.0  339.0  12176.0
0.0  0.0  339.0  12176.0
0.0  0.0  339.0  12187.0
0.0  0.0  339.0  12210.0
0.0  0.0  339.0  12233.0
0.0  0.0  339.0  12256.0
0.0  0.0  339.0  12256.0
0.0  0.0  339.0  12278.0
0.0  0.0  340.0  12302.0
0.0  0.0  340.0  12324.0
0.0  0.0  340.0  12324.0
0.0  0.0  339.0  12336.0
0.0  0.0  339.0  12359.0
0.0  0.0  339.0  12382.0
0.0  0.0  339.0  12404.0
0.0  0.0  339.0  12428.0
0.0  0.0  339.0  12428.0
0.0  0.0  339.0  12450.0
0.0  0.0  339.0  12462.0
0.0  0.0  339.0  12485.0
0.0  0.0  339.0  12485.0
0.0  0.0  339.0  12508.0
0.0  0.0  339.0  12530.0
0.0  0.0  339.0  12554.0
0.0  0.0  340.0  12576.0
0.0  0.0  340.0  12576.0
0.0  0.0  339.0  12599.0
0.0  0.0  339.0  12610.0
0.0  0.0  339.0  12634.0
0.0  0.0  340.0  12656.0
0.0  0.0  340.0  12679.0
0.0  0.0  340.0  12679.0
