0.0  0.0  1.0  1.0
0.0  0.0  1.0  1.0
0.0  0.0  1.0  1.0
0.0  0.0  1.0  1.0
0.0  0.0  1.0  1.0
0.0  0.0  1.0  1.0
0.0  0.0  1.0  1.0
0.0  0.0  1.0  1.0
0.0  0.0  1.0  1.0
0.0  0.0  1.0  1.0
0.0  0.0  1.0  1.0
0.0  0.0  1.0  1.0
0.0  0.0  1.0  1.0
0.0  0.0  1.0  1.0
0.0  0.0  1.0  1.0
0.0  0.0  1.0  1.0
0.0  0.0  1.0  1.0
0.0  0.0  1.0  1.0
0.0  0.0  1.0  1.0
0.0  0.0  1.0  1.0
0.0  0.0  1.0  1.0
0.0  0.0  1.0  1.0
0.0  0.0  1.0  1.0
0.0  0.0  1.0  1.0
0.0  0.0  1.0  1.0
0.0  0.0  1.0  1.0
0.0  0.0  1.0  1.0
0.0  0.0  1.0  1.0
0.0  0.0  1.0  1.0
0.0  0.0  1.0  1.0
0.0  0.0  1.0  1.0
0.0  0.0  1.0  1.0
0.0  0.0  1.0  1.0
0.0  0.0  1.0  1.0
0.0  0.0  1.0  1.0
0.0  0.0  1.0  1.0
0.0  0.0  1.0  1.0
0.0  0.0  1.0  1.0
0.0  0.0  1.0  1.0
0.0  0.0  1.0  1.0
0.0  0.0  1.0  1.0
0.0  0.0  1.0  1.0
0.0  0.0  1.0  1.0
0.0  0.0  3390.0  10.0
0.0  0.0  3390.0  20.0
0.0  0.0  3390.0  30.0
0.0  0.0  3390.0  30.0
0.0  0.0  3390.0  160.0
0.0  0.0  3390.0  320.0
0.0  0.0  3400.0  580.0
0.0  0.0  3400.0  580.0
0.0  0.0  3390.0  740.0
0.0  0.0  3390.0  990.0
0.0  0.0  3390.0  1170.0
0.0  0.0  3390.0  1170.0
0.0  0.0  3390.0  1450.0
0.0  0.0  3390.0  1630.0
0.0  0.0  3390.0  1920.0
0.0  0.0  3390.0  1920.0
0.0  0.0  3390.0  2100.0
0.0  0.0  3390.0  2290.0
0.0  0.0  3400.0  2580.0
0.0  0.0  3390.0  2760.0
0.0  0.0  3390.0  2760.0
0.0  0.0  3390.0  2940.0
0.0  0.0  3390.0  3230.0
0.0  0.0  3390.0  3420.0
0.0  0.0  3390.0  3600.0
0.0  0.0  3390.0  3600.0
0.0  0.0  3390.0  3890.0
0.0  0.0  3390.0  4070.0
0.0  0.0  3390.0  4070.0
0.0  0.0  3390.0  4250.0
0.0  0.0  3390.0  4450.0
0.0  0.0  3390.0  4630.0
0.0  0.0  3390.0  4910.0
0.0  0.0  3390.0  5100.0
0.0  0.0  3390.0  5100.0
0.0  0.0  3390.0  5290.0
0.0  0.0  3390.0  5570.0
0.0  0.0  3390.0  5570.0
0.0  0.0  3400.0  5760.0
0.0  0.0  3400.0  5940.0
0.0  0.0  3390.0  6220.0
0.0  0.0  3390.0  6420.0
0.0  0.0  3390.0  6420.0
0.0  0.0  3390.0  6600.0
0.0  0.0  3390.0  6780.0
0.0  0.0  3390.0  6970.0
0.0  0.0  3390.0  7260.0
0.0  0.0  3390.0  7260.0
0.0  0.0  3390.0  7440.0
0.0  0.0  3390.0  7620.0
0.0  0.0  3390.0  7910.0
0.0  0.0  3390.0  8090.0
0.0  0.0  3390.0  8090.0
0.0  0.0  3390.0  8380.0
0.0  0.0  3390.0  8930.0
0.0  0.0  3400.0  9220.0
0.0  0.0  3400.0  9220.0
0.0  0.0  3400.0  9410.0
0.0  0.0  3390.0  9590.0
0.0  0.0  3390.0  9780.0
0.0  0.0  3390.0  9780.0
0.0  0.0  3390.0  10060.0
0.0  0.0  3390.0  10270.0
0.0  0.0  3390.0  10480.0
0.0  0.0  3390.0  10480.0
0.0  0.0  3390.0  10690.0
0.0  0.0  3390.0  10890.0
0.0  0.0  3390.0  11110.0
0.0  0.0  3390.0  11310.0
0.0  0.0  3390.0  11310.0
0.0  0.0  3390.0  11520.0
0.0  0.0  3390.0  11730.0
0.0  0.0  3390.0  11930.0
0.0  0.0  3390.0  12140.0
0.0  0.0  3390.0  12140.0
0.0  0.0  3390.0  12340.0
0.0  0.0  3390.0  12560.0
0.0  0.0  3390.0  12760.0
0.0  0.0  3390.0  12970.0
0.0  0.0  3390.0  12970.0
0.0  0.0  3390.0  13180.0
0.0  0.0  3390.0  13390.0
0.0  0.0  3390.0  13590.0
0.0  0.0  3390.0  13810.0
0.0  0.0  3390.0  13810.0
0.0  0.0  3390.0  14010.0
0.0  0.0  3390.0  14220.0
0.0  0.0  3390.0  14430.0
0.0  0.0  3400.0  14640.0
0.0  0.0  3400.0  14640.0
0.0  0.0  3390.0  14840.0
0.0  0.0  3390.0  15060.0
0.0  0.0  3390.0  15260.0
0.0  0.0  3400.0  15470.0
0.0  0.0  3400.0  15470.0
0.0  0.0  3390.0  15670.0
0.0  0.0  3390.0  15990.0
0.0  0.0  3390.0  16190.0
0.0  0.0  3390.0  16190.0
0.0  0.0  3400.0  16410.0
0.0  0.0  3390.0  16510.0
0.0  0.0  3390.0  16720.0
0.0  0.0  3390.0  17030.0
0.0  0.0  3390.0  17030.0
0.0  0.0  3400.0  17240.0
0.0  0.0  3390.0  17440.0
0.0  0.0  3390.0  17650.0
0.0  0.0  3390.0  17650.0
0.0  0.0  3390.0  17860.0
0.0  0.0  3390.0  18070.0
0.0  0.0  3390.0  18270.0
0.0  0.0  3390.0  18490.0
0.0  0.0  3390.0  18490.0
0.0  0.0  3390.0  18690.0
0.0  0.0  3390.0  18900.0
0.0  0.0  3390.0  19110.0
0.0  0.0  3400.0  19320.0
0.0  0.0  3400.0  19320.0
0.0  0.0  3390.0  19520.0
0.0  0.0  3390.0  19740.0
0.0  0.0  3390.0  19940.0
0.0  0.0  3390.0  20150.0
0.0  0.0  3390.0  20150.0
0.0  0.0  3400.0  20360.0
0.0  0.0  3390.0  20570.0
0.0  0.0  3390.0  20770.0
0.0  0.0  3390.0  20980.0
0.0  0.0  3390.0  20980.0
0.0  0.0  3390.0  21190.0
0.0  0.0  3400.0  21400.0
0.0  0.0  3400.0  21600.0
0.0  0.0  3390.0  21820.0
0.0  0.0  3390.0  21820.0
0.0  0.0  3390.0  22020.0
0.0  0.0  3390.0  22230.0
0.0  0.0  3390.0  22440.0
0.0  0.0  3390.0  22440.0
0.0  0.0  3400.0  22650.0
0.0  0.0  3390.0  22950.0
0.0  0.0  3390.0  23170.0
0.0  0.0  3390.0  23370.0
0.0  0.0  3390.0  23370.0
0.0  0.0  3390.0  23580.0
0.0  0.0  3390.0  23790.0
0.0  0.0  3390.0  24000.0
0.0  0.0  3390.0  24200.0
0.0  0.0  3390.0  24200.0
0.0  0.0  3390.0  24420.0
0.0  0.0  3390.0  24720.0
0.0  0.0  3390.0  24930.0
0.0  0.0  3390.0  24930.0
0.0  0.0  3390.0  25140.0
0.0  0.0  3390.0  25350.0
0.0  0.0  3390.0  25550.0
0.0  0.0  3390.0  25770.0
0.0  0.0  3390.0  25770.0
0.0  0.0  3390.0  25970.0
0.0  0.0  3390.0  26180.0
0.0  0.0  3390.0  26390.0
0.0  0.0  3390.0  26390.0
0.0  0.0  3390.0  26600.0
0.0  0.0  3390.0  26800.0
0.0  0.0  3390.0  27020.0
0.0  0.0  3390.0  27220.0
0.0  0.0  3390.0  27220.0
0.0  0.0  3390.0  27530.0
0.0  0.0  3390.0  27630.0
0.0  0.0  3390.0  27850.0
0.0  0.0  3390.0  28050.0
0.0  0.0  3390.0  28050.0
0.0  0.0  3390.0  28260.0
0.0  0.0  3390.0  28470.0
0.0  0.0  3390.0  28780.0
0.0  0.0  3390.0  28980.0
0.0  0.0  3390.0  28980.0
0.0  0.0  3390.0  29200.0
0.0  0.0  3390.0  29400.0
0.0  0.0  3390.0  29610.0
0.0  0.0  3390.0  29820.0
0.0  0.0  3390.0  29820.0
0.0  0.0  3390.0  30030.0
0.0  0.0  3390.0  30230.0
0.0  0.0  3390.0  30450.0
0.0  0.0  3400.0  30650.0
0.0  0.0  3400.0  30650.0
0.0  0.0  3390.0  30860.0
0.0  0.0  3390.0  31070.0
0.0  0.0  3390.0  31280.0
0.0  0.0  3390.0  31280.0
0.0  0.0  3390.0  31480.0
0.0  0.0  3390.0  31700.0
0.0  0.0  3390.0  31900.0
0.0  0.0  3390.0  32110.0
0.0  0.0  3390.0  32110.0
0.0  0.0  3390.0  32310.0
0.0  0.0  3390.0  32530.0
0.0  0.0  3390.0  32730.0
0.0  0.0  3390.0  32940.0
0.0  0.0  3390.0  32940.0
0.0  0.0  3390.0  33150.0
0.0  0.0  3390.0  33360.0
0.0  0.0  3390.0  33560.0
0.0  0.0  3390.0  33560.0
0.0  0.0  3390.0  33880.0
0.0  0.0  3390.0  34080.0
0.0  0.0  3390.0  34290.0
0.0  0.0  3390.0  34500.0
0.0  0.0  3390.0  34500.0
0.0  0.0  3400.0  34710.0
0.0  0.0  3390.0  34910.0
0.0  0.0  3390.0  35130.0
0.0  0.0  3390.0  35330.0
0.0  0.0  3390.0  35330.0
0.0  0.0  3400.0  35540.0
0.0  0.0  3390.0  35750.0
0.0  0.0  3390.0  35960.0
0.0  0.0  3390.0  35960.0
0.0  0.0  3390.0  36160.0
0.0  0.0  3390.0  36380.0
0.0  0.0  3390.0  36580.0
0.0  0.0  3390.0  36790.0
0.0  0.0  3390.0  36790.0
0.0  0.0  3390.0  37000.0
0.0  0.0  3390.0  37210.0
0.0  0.0  3390.0  37410.0
0.0  0.0  3390.0  37620.0
0.0  0.0  3390.0  37620.0
0.0  0.0  3390.0  37830.0
0.0  0.0  3400.0  38040.0
0.0  0.0  3390.0  38240.0
0.0  0.0  3390.0  38460.0
0.0  0.0  3390.0  38460.0
0.0  0.0  3390.0  38660.0
0.0  0.0  3390.0  38870.0
0.0  0.0  3390.0  39180.0
0.0  0.0  3390.0  39390.0
0.0  0.0  3390.0  39390.0
0.0  0.0  3390.0  39590.0
0.0  0.0  3390.0  39810.0
0.0  0.0  3390.0  40010.0
0.0  0.0  3390.0  40010.0
0.0  0.0  3390.0  40220.0
0.0  0.0  3390.0  40430.0
0.0  0.0  3390.0  40540.0
0.0  0.0  3390.0  40840.0
0.0  0.0  3390.0  40840.0
0.0  0.0  3390.0  41060.0
0.0  0.0  3390.0  41260.0
0.0  0.0  3390.0  41470.0
0.0  0.0  3390.0  41680.0
0.0  0.0  3390.0  41680.0
0.0  0.0  3390.0  41890.0
0.0  0.0  3390.0  42090.0
0.0  0.0  3390.0  42300.0
0.0  0.0  3390.0  42300.0
0.0  0.0  3400.0  42510.0
0.0  0.0  3390.0  42720.0
0.0  0.0  3390.0  42920.0
0.0  0.0  3390.0  42920.0
0.0  0.0  3390.0  43240.0
0.0  0.0  3390.0  43440.0
0.0  0.0  3390.0  43660.0
0.0  0.0  3390.0  43860.0
0.0  0.0  3390.0  43860.0
0.0  0.0  3390.0  44070.0
0.0  0.0  3390.0  44270.0
0.0  0.0  3390.0  44490.0
0.0  0.0  3400.0  44690.0
0.0  0.0  3400.0  44690.0
0.0  0.0  3390.0  44900.0
0.0  0.0  3390.0  45110.0
0.0  0.0  3390.0  45320.0
0.0  0.0  3390.0  45520.0
0.0  0.0  3390.0  45520.0
0.0  0.0  3390.0  45740.0
0.0  0.0  3390.0  45940.0
0.0  0.0  3390.0  46150.0
0.0  0.0  3390.0  46150.0
0.0  0.0  3390.0  46570.0
0.0  0.0  3390.0  46570.0
0.0  0.0  3390.0  46870.0
0.0  0.0  3390.0  46990.0
0.0  0.0  3390.0  46990.0
0.0  0.0  3390.0  47190.0
0.0  0.0  3390.0  47400.0
0.0  0.0  3390.0  47600.0
0.0  0.0  3390.0  47820.0
0.0  0.0  3390.0  48120.0
0.0  0.0  3390.0  48120.0
0.0  0.0  3390.0  48340.0
0.0  0.0  3390.0  48540.0
0.0  0.0  3390.0  48540.0
0.0  0.0  3390.0  48750.0
0.0  0.0  3390.0  48950.0
0.0  0.0  3390.0  49170.0
0.0  0.0  3390.0  49370.0
0.0  0.0  3390.0  49370.0
0.0  0.0  3390.0  49580.0
0.0  0.0  3390.0  49790.0
0.0  0.0  3390.0  50000.0
0.0  0.0  3390.0  50200.0
0.0  0.0  3390.0  50200.0
0.0  0.0  3390.0  50420.0
0.0  0.0  3390.0  50620.0
0.0  0.0  3390.0  50830.0
0.0  0.0  3390.0  50830.0
0.0  0.0  3390.0  51040.0
0.0  0.0  3390.0  51250.0
0.0  0.0  3390.0  51450.0
0.0  0.0  3390.0  51670.0
0.0  0.0  3390.0  51670.0
0.0  0.0  3390.0  51870.0
0.0  0.0  3390.0  52080.0
0.0  0.0  3390.0  52280.0
0.0  0.0  3400.0  52500.0
0.0  0.0  3400.0  52500.0
0.0  0.0  3390.0  52700.0
0.0  0.0  3400.0  52910.0
0.0  0.0  3390.0  53220.0
0.0  0.0  3390.0  53430.0
0.0  0.0  3390.0  53430.0
0.0  0.0  3390.0  53640.0
0.0  0.0  3390.0  53850.0
0.0  0.0  3390.0  54050.0
0.0  0.0  3390.0  54050.0
0.0  0.0  3390.0  54260.0
0.0  0.0  3390.0  54470.0
0.0  0.0  3390.0  54680.0
0.0  0.0  3390.0  54880.0
0.0  0.0  3390.0  54880.0
0.0  0.0  3390.0  55100.0
0.0  0.0  3390.0  55300.0
0.0  0.0  3390.0  55510.0
0.0  0.0  3390.0  55720.0
0.0  0.0  3390.0  55720.0
0.0  0.0  3390.0  55930.0
0.0  0.0  3390.0  56130.0
0.0  0.0  3390.0  56350.0
0.0  0.0  3390.0  56550.0
0.0  0.0  3390.0  56550.0
0.0  0.0  3400.0  56760.0
0.0  0.0  3390.0  56970.0
0.0  0.0  3390.0  57180.0
0.0  0.0  3400.0  57380.0
0.0  0.0  3400.0  57380.0
0.0  0.0  3390.0  57580.0
0.0  0.0  3390.0  57800.0
0.0  0.0  3400.0  58000.0
0.0  0.0  3400.0  58000.0
0.0  0.0  3390.0  58210.0
0.0  0.0  3390.0  58420.0
0.0  0.0  3390.0  58730.0
0.0  0.0  3390.0  58730.0
0.0  0.0  3390.0  58940.0
0.0  0.0  3390.0  59150.0
0.0  0.0  3390.0  59360.0
0.0  0.0  3390.0  59360.0
0.0  0.0  3390.0  59560.0
0.0  0.0  3390.0  59780.0
0.0  0.0  3390.0  59980.0
0.0  0.0  3390.0  60190.0
0.0  0.0  3390.0  60190.0
0.0  0.0  3390.0  60400.0
0.0  0.0  3390.0  60610.0
0.0  0.0  3390.0  60910.0
0.0  0.0  3390.0  61130.0
0.0  0.0  3390.0  61130.0
0.0  0.0  3390.0  61330.0
0.0  0.0  3390.0  61440.0
0.0  0.0  3400.0  61650.0
0.0  0.0  3390.0  61850.0
0.0  0.0  3390.0  61850.0
0.0  0.0  3390.0  62060.0
0.0  0.0  3390.0  62260.0
0.0  0.0  3390.0  62580.0
0.0  0.0  3390.0  62790.0
0.0  0.0  3390.0  62790.0
0.0  0.0  3400.0  63000.0
0.0  0.0  3390.0  63210.0
0.0  0.0  3400.0  63410.0
0.0  0.0  3400.0  63410.0
0.0  0.0  3390.0  63630.0
0.0  0.0  3390.0  63830.0
0.0  0.0  3390.0  64040.0
0.0  0.0  3390.0  64240.0
0.0  0.0  3390.0  64240.0
0.0  0.0  3390.0  64460.0
0.0  0.0  3390.0  64660.0
0.0  0.0  3390.0  64870.0
0.0  0.0  3400.0  65080.0
0.0  0.0  3400.0  65080.0
0.0  0.0  3390.0  65290.0
0.0  0.0  3390.0  65490.0
0.0  0.0  3390.0  65710.0
0.0  0.0  3390.0  65910.0
0.0  0.0  3390.0  65910.0
0.0  0.0  3390.0  66110.0
0.0  0.0  3390.0  66330.0
0.0  0.0  3390.0  66530.0
0.0  0.0  3390.0  66740.0
0.0  0.0  3390.0  66740.0
0.0  0.0  3390.0  66950.0
0.0  0.0  3390.0  67160.0
0.0  0.0  3390.0  67360.0
0.0  0.0  3400.0  67570.0
0.0  0.0  3400.0  67570.0
0.0  0.0  3390.0  67780.0
0.0  0.0  3400.0  67990.0
0.0  0.0  3390.0  68190.0
0.0  0.0  3390.0  68410.0
0.0  0.0  3390.0  68410.0
0.0  0.0  3390.0  68610.0
0.0  0.0  3400.0  68820.0
0.0  0.0  3390.0  69030.0
0.0  0.0  3390.0  69240.0
0.0  0.0  3390.0  69240.0
0.0  0.0  3400.0  69440.0
0.0  0.0  3390.0  69660.0
0.0  0.0  3390.0  69860.0
0.0  0.0  3390.0  70070.0
0.0  0.0  3390.0  70070.0
0.0  0.0  3390.0  70280.0
0.0  0.0  3390.0  70590.0
0.0  0.0  3390.0  70590.0
0.0  0.0  3390.0  70790.0
0.0  0.0  3400.0  71010.0
0.0  0.0  3390.0  71210.0
0.0  0.0  3390.0  71210.0
0.0  0.0  3390.0  71420.0
