0.0  1.0  1.0  1.0
0.0  1.0  1.0  1.0
0.0  1.0  1.0  1.0
0.0  1.0  1.0  1.0
0.0  1.0  1.0  1.0
0.0  1.0  1.0  1.0
0.0  1.0  1.0  1.0
0.0  1.0  1.0  1.0
0.0  1.0  1.0  1.0
0.0  1.0  1.0  1.0
0.0  1.0  1.0  1.0
0.0  1.0  1.0  1.0
0.0  1.0  1.0  1.0
0.0  1.0  1.0  1.0
0.0  1.0  1.0  1.0
0.0  1.0  1.0  1.0
0.0  1.0  1.0  1.0
0.0  1.0  1.0  1.0
0.0  1.0  1.0  1.0
0.0  1.0  1.0  1.0
0.0  1.0  1.0  1.0
0.0  1.0  1.0  1.0
0.0  1.0  1.0  1.0
0.0  1.0  1.0  1.0
0.0  1.0  1.0  1.0
0.0  1.0  1.0  1.0
0.0  1.0  1.0  1.0
0.0  1.0  1.0  1.0
0.0  1.0  1.0  1.0
0.0  1.0  1.0  1.0
0.0  1.0  1.0  1.0
0.0  1.0  1.0  1.0
0.0  1.0  1.0  1.0
0.0  1.0  1.0  1.0
0.0  1.0  1.0  1.0
0.0  1.0  1.0  1.0
0.0  1.0  1.0  1.0
0.0  1.0  1.0  1.0
0.0  1.0  1.0  1.0
0.0  1.0  1.0  1.0
0.0  1023.0  1.0  1.0
0.0  1023.0  1.0  1.0
0.0020  1023.0  1.0  1.0
0.0030  1023.0  0.0  0.0
0.012  1023.0  0.0  0.0
0.03  1023.0  0.0  0.0
0.03  1023.0  0.0  0.0
0.05  1023.0  0.0  0.0
0.077  1023.0  0.0  0.0
0.096  1023.0  0.0  0.0
0.096  1023.0  0.0  0.0
0.116  1023.0  0.0  0.0
0.137  1023.0  0.0  0.0
0.157  1023.0  0.0  0.0
0.179  1023.0  0.0  0.0
0.179  1023.0  0.0  0.0
0.199  1023.0  0.0  0.0
0.22  1023.0  0.0  0.0
0.241  1023.0  0.0  0.0
0.241  1023.0  0.0  0.0
0.262  1023.0  0.0  0.0
0.282  1023.0  0.0  0.0
0.314  1023.0  0.0  0.0
0.334  1023.0  0.0  0.0
0.334  1023.0  0.0  0.0
0.355  1023.0  0.0  0.0
0.376  1023.0  0.0  0.0
0.397  1023.0  0.0  0.0
0.417  1023.0  0.0  0.0
0.439  1023.0  0.0  0.0
0.439  1023.0  0.0  0.0
0.459  1023.0  0.0  0.0
0.48  1023.0  0.0  0.0
0.48  1023.0  0.0  0.0
0.501  1023.0  0.0  0.0
0.522  1023.0  0.0  0.0
0.542  1023.0  0.0  0.0
0.563  1023.0  0.0  0.0
0.584  1023.0  0.0  0.0
0.584  1023.0  0.0  0.0
0.605  1023.0  0.0  0.0
0.625  1023.0  0.0  0.0
0.647  1023.0  0.0  0.0
0.667  1023.0  0.0  0.0
0.667  1023.0  0.0  0.0
0.688  1023.0  0.0  0.0
0.709  1023.0  0.0  0.0
0.73  1023.0  0.0  0.0
0.73  1023.0  0.0  0.0
0.75  1023.0  0.0  0.0
0.772  1023.0  0.0  0.0
0.792  1023.0  0.0  0.0
0.813  1023.0  0.0  0.0
0.813  1023.0  0.0  0.0
0.834  1023.0  0.0  0.0
0.855  1023.0  0.0  0.0
0.875  1023.0  0.0  0.0
0.875  1023.0  0.0  0.0
0.948  1023.0  0.0  0.0
0.979  1023.0  0.0  0.0
1.0  1023.0  0.0  0.0
1.0  1023.0  0.0  0.0
1.022  1023.0  0.0  0.0
1.046  1023.0  0.0  0.0
1.069  1023.0  0.0  0.0
1.069  1023.0  0.0  0.0
1.08  1023.0  0.0  0.0
1.103  1023.0  0.0  0.0
1.126  1023.0  0.0  0.0
1.148  1023.0  0.0  0.0
1.148  1023.0  0.0  0.0
1.172  1023.0  0.0  0.0
1.195  1023.0  0.0  0.0
1.217  1023.0  0.0  0.0
1.228  1023.0  0.0  0.0
1.228  1023.0  0.0  0.0
1.252  1023.0  0.0  0.0
1.274  1023.0  0.0  0.0
1.297  1023.0  0.0  0.0
1.32  1023.0  0.0  0.0
1.32  1023.0  0.0  0.0
1.343  1023.0  0.0  0.0
1.367  1023.0  0.0  0.0
1.378  1023.0  0.0  0.0
1.4  1023.0  0.0  0.0
1.4  1023.0  0.0  0.0
1.423  1023.0  0.0  0.0
1.446  1023.0  0.0  0.0
1.469  1023.0  0.0  0.0
1.469  1023.0  0.0  0.0
1.491  1023.0  0.0  0.0
1.504  1023.0  0.0  0.0
1.526  1023.0  0.0  0.0
1.549  1023.0  0.0  0.0
1.549  1023.0  0.0  0.0
1.572  1023.0  0.0  0.0
1.595  1023.0  0.0  0.0
1.617  1023.0  0.0  0.0
1.641  1023.0  0.0  0.0
1.641  1023.0  0.0  0.0
1.652  1023.0  0.0  0.0
1.675  1023.0  0.0  0.0
1.697  1023.0  0.0  0.0
1.697  1023.0  0.0  0.0
1.721  1023.0  0.0  0.0
1.743  1023.0  0.0  0.0
1.767  1023.0  0.0  0.0
1.767  1023.0  0.0  0.0
1.789  1023.0  0.0  0.0
1.812  1023.0  0.0  0.0
1.823  1023.0  0.0  0.0
1.847  1023.0  0.0  0.0
1.847  1023.0  0.0  0.0
1.869  1023.0  0.0  0.0
1.892  1023.0  0.0  0.0
1.915  1023.0  0.0  0.0
1.938  1023.0  0.0  0.0
1.938  1023.0  0.0  0.0
1.96  1023.0  0.0  0.0
1.973  1023.0  0.0  0.0
2.007  1023.0  0.0  0.0
2.018  1023.0  0.0  0.0
2.018  1023.0  0.0  0.0
2.041  1023.0  0.0  0.0
2.064  1023.0  0.0  0.0
2.086  1023.0  0.0  0.0
2.099  1023.0  0.0  0.0
2.099  1023.0  0.0  0.0
2.132  1023.0  0.0  0.0
2.144  1023.0  0.0  0.0
2.167  1023.0  0.0  0.0
2.167  1023.0  0.0  0.0
2.19  1023.0  0.0  0.0
2.212  1023.0  0.0  0.0
2.236  1023.0  0.0  0.0
2.258  1023.0  0.0  0.0
2.258  1023.0  0.0  0.0
2.281  1023.0  0.0  0.0
2.292  1023.0  0.0  0.0
2.316  1023.0  0.0  0.0
2.316  1023.0  0.0  0.0
2.338  1023.0  0.0  0.0
2.361  1023.0  0.0  0.0
2.384  1023.0  0.0  0.0
2.396  1023.0  0.0  0.0
2.396  1023.0  0.0  0.0
2.418  1023.0  0.0  0.0
2.442  1023.0  0.0  0.0
2.464  1023.0  0.0  0.0
2.487  1023.0  0.0  0.0
2.487  1023.0  0.0  0.0
2.533  1023.0  0.0  0.0
2.533  1023.0  0.0  0.0
2.555  1023.0  0.0  0.0
2.568  1023.0  0.0  0.0
2.59  1023.0  0.0  0.0
2.59  1023.0  0.0  0.0
2.613  1023.0  0.0  0.0
2.636  1023.0  0.0  0.0
2.659  1023.0  0.0  0.0
2.681  1023.0  0.0  0.0
2.681  1023.0  0.0  0.0
2.705  1023.0  0.0  0.0
2.716  1023.0  0.0  0.0
2.739  1023.0  0.0  0.0
2.761  1023.0  0.0  0.0
2.761  1023.0  0.0  0.0
2.785  1023.0  0.0  0.0
2.807  1023.0  0.0  0.0
2.819  1023.0  0.0  0.0
2.819  1023.0  0.0  0.0
2.842  1023.0  0.0  0.0
2.865  1023.0  0.0  0.0
2.887  1023.0  0.0  0.0
2.911  1023.0  0.0  0.0
2.911  1023.0  0.0  0.0
2.933  1023.0  0.0  0.0
2.956  1023.0  0.0  0.0
2.979  1023.0  0.0  0.0
2.979  1023.0  0.0  0.0
2.991  1023.0  0.0  0.0
3.013  1023.0  0.0  0.0
3.037  1023.0  0.0  0.0
3.059  1023.0  0.0  0.0
3.059  1023.0  0.0  0.0
3.082  1023.0  0.0  0.0
3.105  1023.0  0.0  0.0
3.128  1023.0  0.0  0.0
3.139  1023.0  0.0  0.0
3.139  1023.0  0.0  0.0
3.162  1023.0  0.0  0.0
3.185  1023.0  0.0  0.0
3.208  1023.0  0.0  0.0
3.231  1023.0  0.0  0.0
3.231  1023.0  0.0  0.0
3.254  1023.0  0.0  0.0
3.265  1023.0  0.0  0.0
3.288  1023.0  0.0  0.0
3.288  1023.0  0.0  0.0
3.311  1023.0  0.0  0.0
3.334  1023.0  0.0  0.0
3.356  1023.0  0.0  0.0
3.38  1023.0  0.0  0.0
3.38  1023.0  0.0  0.0
3.402  1023.0  0.0  0.0
3.425  1023.0  0.0  0.0
3.448  1023.0  0.0  0.0
3.46  1023.0  0.0  0.0
3.46  1023.0  0.0  0.0
3.482  1023.0  0.0  0.0
3.506  1023.0  0.0  0.0
3.528  1023.0  0.0  0.0
3.539  1023.0  0.0  0.0
3.539  1023.0  0.0  0.0
3.563  1023.0  0.0  0.0
3.586  1023.0  0.0  0.0
3.608  1023.0  0.0  0.0
3.632  1023.0  0.0  0.0
3.632  1023.0  0.0  0.0
3.654  1023.0  0.0  0.0
3.677  1023.0  0.0  0.0
3.688  1023.0  0.0  0.0
3.688  1023.0  0.0  0.0
3.723  1023.0  0.0  0.0
3.745  1023.0  0.0  0.0
3.769  1023.0  0.0  0.0
3.769  1023.0  0.0  0.0
3.78  1023.0  0.0  0.0
3.803  1023.0  0.0  0.0
3.825  1023.0  0.0  0.0
3.825  1023.0  0.0  0.0
3.849  1023.0  0.0  0.0
3.871  1023.0  0.0  0.0
3.894  1023.0  0.0  0.0
3.894  1023.0  0.0  0.0
3.917  1023.0  0.0  0.0
3.94  1023.0  0.0  0.0
3.951  1023.0  0.0  0.0
3.975  1023.0  0.0  0.0
3.986  1023.0  0.0  0.0
3.997  1023.0  0.0  0.0
4.02  1023.0  0.0  0.0
4.043  1023.0  0.0  0.0
4.066  1023.0  0.0  0.0
4.066  1023.0  0.0  0.0
4.088  1023.0  0.0  0.0
4.101  1023.0  0.0  0.0
4.123  1023.0  0.0  0.0
4.146  1023.0  0.0  0.0
4.146  1023.0  0.0  0.0
4.169  1023.0  0.0  0.0
4.192  1023.0  0.0  0.0
4.214  1023.0  0.0  0.0
4.226  1023.0  0.0  0.0
4.226  1023.0  0.0  0.0
4.249  1023.0  0.0  0.0
4.272  1023.0  0.0  0.0
4.295  1023.0  0.0  0.0
4.318  1023.0  0.0  0.0
4.318  1023.0  0.0  0.0
4.34  1023.0  0.0  0.0
4.364  1023.0  0.0  0.0
4.386  1023.0  0.0  0.0
4.386  1023.0  0.0  0.0
4.409  1023.0  0.0  0.0
4.42  1023.0  0.0  0.0
4.444  1023.0  0.0  0.0
4.466  1023.0  0.0  0.0
4.466  1023.0  0.0  0.0
4.489  1023.0  0.0  0.0
4.512  1023.0  0.0  0.0
4.535  1023.0  0.0  0.0
4.535  1023.0  0.0  0.0
4.546  1023.0  0.0  0.0
4.57  1023.0  0.0  0.0
4.592  1023.0  0.0  0.0
4.615  1023.0  0.0  0.0
4.615  1023.0  0.0  0.0
4.638  1023.0  0.0  0.0
4.661  1023.0  0.0  0.0
4.683  1023.0  0.0  0.0
4.696  1023.0  0.0  0.0
4.718  1023.0  0.0  0.0
4.718  1023.0  0.0  0.0
4.741  1023.0  0.0  0.0
4.764  1023.0  0.0  0.0
4.787  1023.0  0.0  0.0
4.787  1023.0  0.0  0.0
4.809  1023.0  0.0  0.0
4.82  1023.0  0.0  0.0
4.844  1023.0  0.0  0.0
4.867  1023.0  0.0  0.0
4.867  1023.0  0.0  0.0
4.889  1023.0  0.0  0.0
4.913  1023.0  0.0  0.0
4.924  1023.0  0.0  0.0
4.958  1023.0  0.0  0.0
4.958  1023.0  0.0  0.0
4.97  1023.0  0.0  0.0
4.993  1023.0  0.0  0.0
5.015  1023.0  0.0  0.0
5.015  1023.0  0.0  0.0
5.039  1023.0  0.0  0.0
5.061  1023.0  0.0  0.0
5.072  1023.0  0.0  0.0
5.096  1023.0  0.0  0.0
5.096  1023.0  0.0  0.0
5.118  1023.0  0.0  0.0
5.141  1023.0  0.0  0.0
5.165  1023.0  0.0  0.0
5.187  1023.0  0.0  0.0
5.187  1023.0  0.0  0.0
5.21  1023.0  0.0  0.0
5.221  1023.0  0.0  0.0
5.244  1023.0  0.0  0.0
5.267  1023.0  0.0  0.0
5.267  1023.0  0.0  0.0
5.289  1023.0  0.0  0.0
5.302  1023.0  0.0  0.0
5.324  1023.0  0.0  0.0
5.347  1023.0  0.0  0.0
5.347  1023.0  0.0  0.0
5.37  1023.0  0.0  0.0
5.393  1023.0  0.0  0.0
5.415  1023.0  0.0  0.0
5.439  1023.0  0.0  0.0
5.439  1023.0  0.0  0.0
5.45  1023.0  0.0  0.0
5.473  1023.0  0.0  0.0
5.496  1023.0  0.0  0.0
5.519  1023.0  0.0  0.0
5.519  1023.0  0.0  0.0
5.541  1023.0  0.0  0.0
5.565  1023.0  0.0  0.0
5.587  1023.0  0.0  0.0
5.599  1023.0  0.0  0.0
5.599  1023.0  0.0  0.0
5.621  1023.0  0.0  0.0
5.645  1023.0  0.0  0.0
5.667  1023.0  0.0  0.0
5.69  1023.0  0.0  0.0
5.69  1023.0  0.0  0.0
5.713  1023.0  0.0  0.0
5.725  1023.0  0.0  0.0
5.747  1023.0  0.0  0.0
5.747  1023.0  0.0  0.0
5.771  1023.0  0.0  0.0
5.793  1023.0  0.0  0.0
5.816  1023.0  0.0  0.0
5.828  1023.0  0.0  0.0
5.828  1023.0  0.0  0.0
5.862  1023.0  0.0  0.0
5.873  1023.0  0.0  0.0
5.897  1023.0  0.0  0.0
5.919  1023.0  0.0  0.0
5.919  1023.0  0.0  0.0
5.942  1023.0  0.0  0.0
5.965  1023.0  0.0  0.0
5.988  1023.0  0.0  0.0
5.988  1023.0  0.0  0.0
6.01  1023.0  0.0  0.0
6.022  1023.0  0.0  0.0
6.045  1023.0  0.0  0.0
6.068  1023.0  0.0  0.0
6.09  1023.0  0.0  0.0
6.09  1023.0  0.0  0.0
6.103  1023.0  0.0  0.0
6.125  1023.0  0.0  0.0
6.148  1023.0  0.0  0.0
6.148  1023.0  0.0  0.0
6.171  1023.0  0.0  0.0
6.194  1023.0  0.0  0.0
6.216  1023.0  0.0  0.0
6.24  1023.0  0.0  0.0
6.24  1023.0  0.0  0.0
6.251  1023.0  0.0  0.0
6.274  1023.0  0.0  0.0
6.297  1023.0  0.0  0.0
6.32  1023.0  0.0  0.0
6.32  1023.0  0.0  0.0
6.342  1023.0  0.0  0.0
6.366  1023.0  0.0  0.0
6.388  1023.0  0.0  0.0
6.4  1023.0  0.0  0.0
6.422  1023.0  0.0  0.0
6.422  1023.0  0.0  0.0
6.446  1023.0  0.0  0.0
6.468  1023.0  0.0  0.0
6.492  1023.0  0.0  0.0
6.492  1023.0  0.0  0.0
6.514  1023.0  0.0  0.0
6.525  1023.0  0.0  0.0
6.548  1023.0  0.0  0.0
6.572  1023.0  0.0  0.0
6.572  1023.0  0.0  0.0
6.594  1023.0  0.0  0.0
6.617  1023.0  0.0  0.0
6.64  1023.0  0.0  0.0
6.64  1023.0  0.0  0.0
6.663  1023.0  0.0  0.0
6.674  1023.0  0.0  0.0
6.697  1023.0  0.0  0.0
6.72  1023.0  0.0  0.0
6.72  1023.0  0.0  0.0
6.743  1023.0  0.0  0.0
6.766  1023.0  0.0  0.0
6.789  1023.0  0.0  0.0
6.811  1023.0  0.0  0.0
6.811  1023.0  0.0  0.0
6.822  1023.0  0.0  0.0
6.846  1023.0  0.0  0.0
6.868  1023.0  0.0  0.0
6.868  1023.0  0.0  0.0
6.892  1023.0  0.0  0.0
6.926  1023.0  0.0  0.0
6.926  1023.0  0.0  0.0
6.937  1023.0  0.0  0.0
